Date,Open,High,Low,Close,Volume,Dividends,Stock Splits
2003-10-15 00:00:00-04:00,4.850011825561523,4.850011825561523,4.850011825561523,4.850011825561523,516,0.0,0.0
2003-10-16 00:00:00-04:00,4.850011825561523,4.850011825561523,4.850011825561523,4.850011825561523,0,0.0,0.0
2003-10-17 00:00:00-04:00,4.850011825561523,4.850011825561523,4.850011825561523,4.850011825561523,0,0.0,0.0
2003-10-20 00:00:00-04:00,4.850011825561523,4.850011825561523,4.850011825561523,4.850011825561523,0,0.0,0.0
2003-10-21 00:00:00-04:00,4.850011825561523,4.850011825561523,4.850011825561523,4.850011825561523,0,0.0,0.0
2003-10-22 00:00:00-04:00,4.850011825561523,4.850011825561523,4.850011825561523,4.850011825561523,0,0.0,0.0
2003-10-23 00:00:00-04:00,4.850012381324025,4.893187999725342,4.850012381324025,4.893187999725342,2234,0.0,0.0
2003-10-24 00:00:00-04:00,4.893187999725342,4.893187999725342,4.893187999725342,4.893187999725342,1719,0.0,0.0
2003-10-27 00:00:00-05:00,4.850011539835283,5.181021411496694,4.850011539835283,4.86440372467041,4297,0.0,0.0
2003-10-28 00:00:00-05:00,5.181022236765266,5.181022236765266,5.037105083465576,5.037105083465576,687,0.0,0.0
2003-10-29 00:00:00-05:00,5.037105083465576,5.037105083465576,5.037105083465576,5.037105083465576,0,0.0,0.0
2003-10-30 00:00:00-05:00,5.037393569946289,5.037393569946289,5.037393569946289,5.037393569946289,0,0.0,1.0
2003-10-31 00:00:00-05:00,5.540814399719238,5.540814399719238,5.540814399719238,5.540814399719238,3125,0.0,0.0
2003-11-03 00:00:00-05:00,5.540814399719238,5.540814399719238,5.540814399719238,5.540814399719238,1562,0.0,0.0
2003-11-04 00:00:00-05:00,5.61997127532959,5.61997127532959,5.61997127532959,5.61997127532959,2500,0.0,0.0
2003-11-05 00:00:00-05:00,5.61997127532959,5.61997127532959,5.61997127532959,5.61997127532959,0,0.0,0.0
2003-11-06 00:00:00-05:00,5.61997127532959,5.61997127532959,5.61997127532959,5.61997127532959,0,0.0,0.0
2003-11-07 00:00:00-05:00,5.4616601293648435,6.015741537063009,5.4616601293648435,5.699123859405518,1094,0.0,0.0
2003-11-10 00:00:00-05:00,5.540815775748643,5.540815775748643,5.461661338806152,5.461661338806152,781,0.0,0.0
2003-11-11 00:00:00-05:00,5.699126355613316,5.93658971786499,5.699126355613316,5.93658971786499,1094,0.0,0.0
2003-11-12 00:00:00-05:00,5.857436656951904,5.857436656951904,5.857436656951904,5.857436656951904,1875,0.0,0.0
2003-11-13 00:00:00-05:00,5.857435263781099,5.93658971786499,5.857435263781099,5.93658971786499,3906,0.0,0.0
2003-11-14 00:00:00-05:00,5.93659112986241,5.93659112986241,5.857436656951904,5.857436656951904,6250,0.0,0.0
2003-11-17 00:00:00-05:00,6.015742833726913,6.094897270202637,6.015742833726913,6.094897270202637,937,0.0,0.0
2003-11-18 00:00:00-05:00,5.857436656951904,5.857436656951904,5.857436656951904,5.857436656951904,1562,0.0,0.0
2003-11-19 00:00:00-05:00,5.889098540475682,5.889098540475682,5.857436656951904,5.857436656951904,3906,0.0,0.0
2003-11-20 00:00:00-05:00,5.857436656951904,5.857436656951904,5.857436656951904,5.857436656951904,0,0.0,0.0
2003-11-21 00:00:00-05:00,5.825773932673378,5.889097690582275,5.825773932673378,5.889097690582275,2969,0.0,0.0
2003-11-24 00:00:00-05:00,5.889097690582275,5.889097690582275,5.889097690582275,5.889097690582275,0,0.0,0.0
2003-11-25 00:00:00-05:00,6.015744209289551,6.015744209289551,6.015744209289551,6.015744209289551,312,0.0,0.0
2003-11-26 00:00:00-05:00,6.015744209289551,6.015744209289551,6.015744209289551,6.015744209289551,0,0.0,0.0
2003-11-28 00:00:00-05:00,6.015744209289551,6.015744209289551,6.015744209289551,6.015744209289551,0,0.0,0.0
2003-12-01 00:00:00-05:00,6.015744209289551,6.015744209289551,6.015744209289551,6.015744209289551,0,0.0,0.0
2003-12-02 00:00:00-05:00,6.04740532029735,6.332361698150635,6.04740532029735,6.332361698150635,4687,0.0,0.0
2003-12-03 00:00:00-05:00,6.332362720008147,6.490671634674072,6.332362720008147,6.490671634674072,625,0.0,0.0
2003-12-04 00:00:00-05:00,6.933935642242432,6.933935642242432,6.933935642242432,6.933935642242432,156,0.0,0.0
2003-12-05 00:00:00-05:00,6.490667976984201,6.490667976984201,6.1740498542785645,6.1740498542785645,1719,0.0,0.0
2003-12-08 00:00:00-05:00,6.648978473588536,6.965596675872803,6.648978473588536,6.965596675872803,1562,0.0,0.0
2003-12-09 00:00:00-05:00,6.965596675872803,6.965596675872803,6.965596675872803,6.965596675872803,0,0.0,0.0
2003-12-10 00:00:00-05:00,6.411516142710391,6.411516142710391,6.332361698150635,6.332361698150635,4375,0.0,0.0
2003-12-11 00:00:00-05:00,6.411513805389404,6.411513805389404,6.411513805389404,6.411513805389404,312,0.0,0.0
2003-12-12 00:00:00-05:00,6.411513805389404,6.411513805389404,6.411513805389404,6.411513805389404,0,0.0,0.0
2003-12-15 00:00:00-05:00,6.1740498542785645,6.1740498542785645,6.094895441551534,6.1740498542785645,2812,0.0,0.0
2003-12-16 00:00:00-05:00,6.126560502025882,6.126560502025882,5.857435263781099,5.93658971786499,2812,0.0,0.0
2003-12-17 00:00:00-05:00,5.93658971786499,5.93658971786499,5.93658971786499,5.93658971786499,0,0.0,0.0
2003-12-18 00:00:00-05:00,5.93658971786499,5.93658971786499,5.93658971786499,5.93658971786499,0,0.0,0.0
2003-12-19 00:00:00-05:00,5.93658971786499,5.93658971786499,5.93658971786499,5.93658971786499,0,0.0,0.0
2003-12-22 00:00:00-05:00,5.93658971786499,5.93658971786499,5.93658971786499,5.93658971786499,0,0.0,0.0
2003-12-23 00:00:00-05:00,5.93658971786499,5.93658971786499,5.93658971786499,5.93658971786499,0,0.0,0.0
2003-12-24 00:00:00-05:00,6.094897270202637,6.094897270202637,6.094897270202637,6.094897270202637,312,0.0,0.0
2003-12-26 00:00:00-05:00,6.094897270202637,6.094897270202637,6.094897270202637,6.094897270202637,312,0.0,0.0
2003-12-29 00:00:00-05:00,6.094897270202637,6.094897270202637,6.094897270202637,6.094897270202637,0,0.0,0.0
2003-12-30 00:00:00-05:00,6.965596675872803,6.965596675872803,6.965596675872803,6.965596675872803,2344,0.0,0.0
2003-12-31 00:00:00-05:00,6.965596675872803,6.965596675872803,6.965596675872803,6.965596675872803,0,0.0,0.0
2004-01-02 00:00:00-05:00,6.648979663848877,6.648979663848877,6.648979663848877,6.648979663848877,781,0.0,0.0
2004-01-05 00:00:00-05:00,7.282216548919678,7.282216548919678,7.282216548919678,7.282216548919678,781,0.0,0.0
2004-01-06 00:00:00-05:00,7.282216548919678,7.282216548919678,7.282216548919678,7.282216548919678,0,0.0,0.0
2004-01-07 00:00:00-05:00,7.598834352048092,7.598834352048092,7.282216548919678,7.282216548919678,3437,0.0,0.0
2004-01-08 00:00:00-05:00,7.440526485443115,7.440526485443115,7.440526485443115,7.440526485443115,312,0.0,0.0
2004-01-09 00:00:00-05:00,7.440521324767391,7.836293831022594,7.440521324767391,7.5196757316589355,4844,0.0,0.0
2004-01-12 00:00:00-05:00,7.282214579522114,7.282214579522114,7.203060150146484,7.203060150146484,1562,0.0,0.0
2004-01-13 00:00:00-05:00,7.203060150146484,7.203060150146484,7.203060150146484,7.203060150146484,0,0.0,0.0
2004-01-14 00:00:00-05:00,7.203060150146484,7.203060150146484,7.203060150146484,7.203060150146484,0,0.0,0.0
2004-01-15 00:00:00-05:00,7.203060150146484,7.203060150146484,7.203060150146484,7.203060150146484,0,0.0,0.0
2004-01-16 00:00:00-05:00,6.648979663848877,6.648979663848877,6.648979663848877,6.648979663848877,469,0.0,0.0
2004-01-20 00:00:00-05:00,6.648979663848877,6.648979663848877,6.648979663848877,6.648979663848877,0,0.0,0.0
2004-01-21 00:00:00-05:00,6.648979663848877,6.648979663848877,6.648979663848877,6.648979663848877,0,0.0,0.0
2004-01-22 00:00:00-05:00,7.519678803489625,7.519678803489625,7.123906135559082,7.123906135559082,1250,0.0,0.0
2004-01-23 00:00:00-05:00,7.123906135559082,7.123906135559082,7.123906135559082,7.123906135559082,0,0.0,0.0
2004-01-26 00:00:00-05:00,7.123906135559082,7.123906135559082,7.123906135559082,7.123906135559082,0,0.0,0.0
2004-01-27 00:00:00-05:00,7.440526485443115,7.440526485443115,7.440526485443115,7.440526485443115,312,0.0,0.0
2004-01-28 00:00:00-05:00,7.440526485443115,7.440526485443115,7.440526485443115,7.440526485443115,0,0.0,0.0
2004-01-29 00:00:00-05:00,6.648979663848877,6.648979663848877,6.648979663848877,6.648979663848877,1562,0.0,0.0
2004-01-30 00:00:00-05:00,6.648979663848877,6.648979663848877,6.648979663848877,6.648979663848877,312,0.0,0.0
2004-02-02 00:00:00-05:00,6.965596675872803,6.965596675872803,6.965596675872803,6.965596675872803,312,0.0,0.0
2004-02-03 00:00:00-05:00,6.965596675872803,6.965596675872803,6.965596675872803,6.965596675872803,0,0.0,0.0
2004-02-04 00:00:00-05:00,6.965596675872803,6.965596675872803,6.965596675872803,6.965596675872803,0,0.0,0.0
2004-02-05 00:00:00-05:00,7.2822148781570695,7.2822148781570695,6.965596675872803,6.965596675872803,625,0.0,0.0
2004-02-06 00:00:00-05:00,6.965596675872803,6.965596675872803,6.965596675872803,6.965596675872803,0,0.0,0.0
2004-02-09 00:00:00-05:00,6.965597257105934,7.123906135559082,6.965597257105934,7.123906135559082,2344,0.0,0.0
2004-02-10 00:00:00-05:00,7.123906135559082,7.123906135559082,7.123906135559082,7.123906135559082,0,0.0,0.0
2004-02-11 00:00:00-05:00,6.965596675872803,6.965596675872803,6.965596675872803,6.965596675872803,469,0.0,0.0
2004-02-12 00:00:00-05:00,7.282214579522114,7.282214579522114,6.807287531470723,7.203060150146484,2344,0.0,0.0
2004-02-13 00:00:00-05:00,6.965596675872803,6.965596675872803,6.965596675872803,6.965596675872803,469,0.0,0.0
2004-02-17 00:00:00-05:00,6.965596675872803,6.965596675872803,6.965596675872803,6.965596675872803,0,0.0,0.0
2004-02-18 00:00:00-05:00,6.965596675872803,6.965596675872803,6.965596675872803,6.965596675872803,0,0.0,0.0
2004-02-19 00:00:00-05:00,6.965596675872803,6.965596675872803,6.965596675872803,6.965596675872803,0,0.0,0.0
2004-02-20 00:00:00-05:00,6.965596675872803,6.965596675872803,6.965596675872803,6.965596675872803,0,0.0,0.0
2004-02-23 00:00:00-05:00,7.12390554111612,7.12390554111612,6.965596675872803,6.965596675872803,625,0.0,0.0
2004-02-24 00:00:00-05:00,6.965596053208363,6.965596053208363,6.680639743804932,6.680639743804932,1094,0.0,0.0
2004-02-25 00:00:00-05:00,6.680639743804932,6.680639743804932,6.680639743804932,6.680639743804932,0,0.0,0.0
2004-02-26 00:00:00-05:00,6.965598619932768,7.044753074645996,6.965598619932768,7.044753074645996,2969,0.0,0.0
2004-02-27 00:00:00-05:00,7.266386054322148,8.865307807922363,7.266386054322148,8.865307807922363,4531,0.0,0.0
2004-03-01 00:00:00-05:00,8.548689975223713,8.865307807922363,8.232071198929491,8.865307807922363,2969,0.0,0.0
2004-03-02 00:00:00-05:00,8.232069056499233,8.232069056499233,7.598833084106445,7.598833084106445,625,0.0,0.0
2004-03-03 00:00:00-05:00,7.598833084106445,7.598833084106445,7.598833084106445,7.598833084106445,0,0.0,0.0
2004-03-04 00:00:00-05:00,7.915451526641846,7.915451526641846,7.915451526641846,7.915451526641846,625,0.0,0.0
2004-03-05 00:00:00-05:00,7.915451526641846,7.915451526641846,7.915451526641846,7.915451526641846,0,0.0,0.0
2004-03-08 00:00:00-05:00,7.598833084106445,7.598833084106445,7.598833084106445,7.598833084106445,625,0.0,0.0
2004-03-09 00:00:00-05:00,7.59883392657847,8.232069969177246,7.59883392657847,8.232069969177246,625,0.0,0.0
2004-03-10 00:00:00-05:00,8.073759078979492,8.073759078979492,8.073759078979492,8.073759078979492,312,0.0,0.0
2004-03-11 00:00:00-05:00,8.073759078979492,8.073759078979492,8.073759078979492,8.073759078979492,0,0.0,0.0
2004-03-12 00:00:00-05:00,8.706997590873474,8.706997590873474,8.232069969177246,8.232069969177246,1094,0.0,0.0
2004-03-15 00:00:00-05:00,8.2320675294343,8.706995010375977,8.2320675294343,8.706995010375977,469,0.0,0.0
2004-03-16 00:00:00-05:00,8.232067932513177,8.232067932513177,8.073759078979492,8.073759078979492,781,0.0,0.0
2004-03-17 00:00:00-05:00,8.073760355584731,8.548687934875488,8.073760355584731,8.548687934875488,937,0.0,0.0
2004-03-18 00:00:00-05:00,8.311223030090332,8.311223030090332,8.311223030090332,8.311223030090332,312,0.0,0.0
2004-03-19 00:00:00-05:00,8.390378861877512,8.390378861877512,8.232069969177246,8.232069969177246,625,0.0,0.0
2004-03-22 00:00:00-05:00,8.548687934875488,8.548687934875488,8.548687934875488,8.548687934875488,156,0.0,0.0
2004-03-23 00:00:00-05:00,8.517025593005252,8.548687934875488,8.517025593005252,8.548687934875488,1562,0.0,0.0
2004-03-24 00:00:00-05:00,8.86530569200576,8.86530569200576,8.485364194730364,8.548687934875488,937,0.0,0.0
2004-03-25 00:00:00-05:00,8.706995010375977,8.706995010375977,8.627840587484888,8.706995010375977,3281,0.0,0.0
2004-03-26 00:00:00-05:00,8.548687934875488,8.548687934875488,8.548687934875488,8.548687934875488,781,0.0,0.0
2004-03-29 00:00:00-05:00,8.706995010375977,8.706995010375977,8.706995010375977,8.706995010375977,156,0.0,0.0
2004-03-30 00:00:00-05:00,8.548686164593802,8.706995010375977,8.548686164593802,8.706995010375977,2500,0.0,0.0
2004-03-31 00:00:00-05:00,8.548687934875488,8.548687934875488,8.548687934875488,8.548687934875488,312,0.0,0.0
2004-04-01 00:00:00-05:00,8.5486857935781,8.697495460510254,8.5486857935781,8.697495460510254,2969,0.0,0.0
2004-04-02 00:00:00-05:00,8.62784021303386,8.697495460510254,8.5486857935781,8.697495460510254,937,0.0,0.0
2004-04-05 00:00:00-04:00,8.697495460510254,8.697495460510254,8.697495460510254,8.697495460510254,0,0.0,0.0
2004-04-06 00:00:00-04:00,8.548687934875488,8.548687934875488,8.548687934875488,8.548687934875488,312,0.0,0.0
2004-04-07 00:00:00-04:00,8.548687934875488,8.548687934875488,8.548687934875488,8.548687934875488,1250,0.0,0.0
2004-04-08 00:00:00-04:00,8.627840995788574,8.627840995788574,8.627840995788574,8.627840995788574,312,0.0,0.0
2004-04-12 00:00:00-04:00,8.627840995788574,8.627840995788574,8.627840995788574,8.627840995788574,0,0.0,0.0
2004-04-13 00:00:00-04:00,8.627840995788574,8.627840995788574,8.627840995788574,8.627840995788574,0,0.0,0.0
2004-04-14 00:00:00-04:00,8.390378861877512,8.548688698173208,8.232069969177246,8.232069969177246,4687,0.0,0.0
2004-04-15 00:00:00-04:00,8.232069969177246,8.232069969177246,8.232069969177246,8.232069969177246,0,0.0,0.0
2004-04-16 00:00:00-04:00,7.915447042125643,7.915447042125643,7.282211410858866,7.757138252258301,5000,0.0,0.0
2004-04-19 00:00:00-04:00,7.757138252258301,7.757138252258301,7.757138252258301,7.757138252258301,0,0.0,0.0
2004-04-20 00:00:00-04:00,7.361369253140012,7.393031120300293,7.361369253140012,7.393031120300293,2187,0.0,0.0
2004-04-21 00:00:00-04:00,7.123906135559082,7.123906135559082,7.123906135559082,7.123906135559082,156,0.0,0.0
2004-04-22 00:00:00-04:00,6.886442243251144,7.12390554111612,6.886442243251144,6.965596675872803,4219,0.0,0.0
2004-04-23 00:00:00-04:00,6.965596675872803,6.965596675872803,6.965596675872803,6.965596675872803,0,0.0,0.0
2004-04-26 00:00:00-04:00,6.965596675872803,7.12390554111612,6.965596675872803,6.965596675872803,2969,0.0,0.0
2004-04-27 00:00:00-04:00,6.9655951694398865,6.9655951694398865,6.886440753936768,6.886440753936768,2031,0.0,0.0
2004-04-28 00:00:00-04:00,7.282213303249893,7.282213303249893,6.886440753936768,6.886440753936768,312,0.0,0.0
2004-04-29 00:00:00-04:00,6.965596675872803,6.965596675872803,6.965596675872803,6.965596675872803,937,0.0,0.0
2004-04-30 00:00:00-04:00,7.203060445535412,7.440523743400386,6.965596675872803,6.965596675872803,2031,0.0,0.0
2004-05-03 00:00:00-04:00,6.965596675872803,6.965596675872803,6.965596675872803,6.965596675872803,0,0.0,0.0
2004-05-04 00:00:00-04:00,8.232069969177246,8.232069969177246,8.232069969177246,8.232069969177246,312,0.0,0.0
2004-05-05 00:00:00-04:00,8.232069969177246,8.232069969177246,8.232069969177246,8.232069969177246,312,0.0,0.0
2004-05-06 00:00:00-04:00,8.232069969177246,8.232069969177246,8.232069969177246,8.232069969177246,0,0.0,0.0
2004-05-07 00:00:00-04:00,7.282216548919678,7.598834352048092,7.282216548919678,7.282216548919678,1406,0.0,0.0
2004-05-10 00:00:00-04:00,7.2822153338088835,7.598833084106445,7.2822153338088835,7.598833084106445,781,0.0,0.0
2004-05-11 00:00:00-04:00,7.598833084106445,7.598833084106445,7.598833084106445,7.598833084106445,0,0.0,0.0
2004-05-12 00:00:00-04:00,7.598833084106445,7.598833084106445,7.598833084106445,7.598833084106445,0,0.0,0.0
2004-05-13 00:00:00-04:00,7.598833084106445,7.598833084106445,7.598833084106445,7.598833084106445,0,0.0,0.0
2004-05-14 00:00:00-04:00,6.965596675872803,6.965596675872803,6.965596675872803,6.965596675872803,312,0.0,0.0
2004-05-17 00:00:00-04:00,6.965596675872803,6.965596675872803,6.965596675872803,6.965596675872803,0,0.0,0.0
2004-05-18 00:00:00-04:00,6.4115169539633925,6.4115169539633925,6.015744209289551,6.015744209289551,1719,0.0,0.0
2004-05-19 00:00:00-04:00,6.015741028824503,6.1740498542785645,6.015741028824503,6.1740498542785645,1250,0.0,0.0
2004-05-20 00:00:00-04:00,6.1740498542785645,6.1740498542785645,6.1740498542785645,6.1740498542785645,0,0.0,0.0
2004-05-21 00:00:00-04:00,6.1740498542785645,6.1740498542785645,6.1740498542785645,6.1740498542785645,0,0.0,0.0
2004-05-24 00:00:00-04:00,6.1740498542785645,6.1740498542785645,6.1740498542785645,6.1740498542785645,0,0.0,0.0
2004-05-25 00:00:00-04:00,6.1740498542785645,6.1740498542785645,6.1740498542785645,6.1740498542785645,0,0.0,0.0
2004-05-26 00:00:00-04:00,6.1740498542785645,6.1740498542785645,6.1740498542785645,6.1740498542785645,0,0.0,0.0
2004-05-27 00:00:00-04:00,6.1740498542785645,6.1740498542785645,6.1740498542785645,6.1740498542785645,0,0.0,0.0
2004-05-28 00:00:00-04:00,6.015744209289551,6.015744209289551,6.015744209289551,6.015744209289551,469,0.0,0.0
2004-06-01 00:00:00-04:00,6.015744209289551,6.015744209289551,6.015744209289551,6.015744209289551,0,0.0,0.0
2004-06-02 00:00:00-04:00,6.015744209289551,6.015744209289551,6.015744209289551,6.015744209289551,0,0.0,0.0
2004-06-03 00:00:00-04:00,5.857436656951904,6.015745602772916,5.778282184041399,5.857436656951904,1562,0.0,0.0
2004-06-04 00:00:00-04:00,5.857436656951904,5.857436656951904,5.857436656951904,5.857436656951904,0,0.0,0.0
2004-06-07 00:00:00-04:00,5.857436656951904,5.857436656951904,5.857436656951904,5.857436656951904,0,0.0,0.0
2004-06-08 00:00:00-04:00,5.778280846127828,5.809942722320557,5.699126391544887,5.809942722320557,3281,0.0,0.0
2004-06-09 00:00:00-04:00,5.699123859405518,5.699123859405518,5.699123859405518,5.699123859405518,312,0.0,0.0
2004-06-10 00:00:00-04:00,5.699123859405518,5.699123859405518,5.699123859405518,5.699123859405518,0,0.0,0.0
2004-06-14 00:00:00-04:00,5.778279558373777,5.778279558373777,5.461661338806152,5.461661338806152,781,0.0,0.0
2004-06-15 00:00:00-04:00,5.540815775748643,5.540815775748643,5.461661338806152,5.461661338806152,3906,0.0,0.0
2004-06-16 00:00:00-04:00,5.461661338806152,5.461661338806152,5.461661338806152,5.461661338806152,0,0.0,0.0
2004-06-17 00:00:00-04:00,5.540818293512007,5.857436656951904,5.540818293512007,5.857436656951904,1719,0.0,0.0
2004-06-18 00:00:00-04:00,6.015740751323069,6.807285785675049,6.015740751323069,6.807285785675049,2500,0.0,0.0
2004-06-21 00:00:00-04:00,6.96243044195222,6.965596675872803,6.96243044195222,6.965596675872803,312,0.0,0.0
2004-06-22 00:00:00-04:00,6.6489803176890385,6.6489803176890385,6.015744209289551,6.015744209289551,1719,0.0,0.0
2004-06-23 00:00:00-04:00,6.174054548593927,6.174054548593927,5.857436656951904,5.857436656951904,3281,0.0,0.0
2004-06-24 00:00:00-04:00,5.8574326982342635,5.8574326982342635,5.699123859405518,5.699123859405518,1562,0.0,0.0
2004-06-25 00:00:00-04:00,5.778280731291637,5.778280731291637,5.699126278281794,5.737120151519775,8281,0.0,0.0
2004-06-28 00:00:00-04:00,5.778278350830078,5.778278350830078,5.778278350830078,5.778278350830078,2344,0.0,0.0
2004-06-29 00:00:00-04:00,5.699123859405518,5.699123859405518,5.635800135154997,5.699123859405518,8125,0.0,0.0
2004-06-30 00:00:00-04:00,5.667463779449463,5.699125651530996,5.63580190736793,5.667463779449463,6875,0.0,0.0
2004-07-01 00:00:00-04:00,5.8574326982342635,5.8574326982342635,5.699123859405518,5.699123859405518,2031,0.0,0.0
2004-07-02 00:00:00-04:00,5.699123859405518,5.699123859405518,5.699123859405518,5.699123859405518,0,0.0,0.0
2004-07-06 00:00:00-04:00,5.8574326982342635,5.8574326982342635,5.699123859405518,5.699123859405518,1406,0.0,0.0
2004-07-07 00:00:00-04:00,5.699123859405518,5.699123859405518,5.699123859405518,5.699123859405518,0,0.0,0.0
2004-07-08 00:00:00-04:00,5.699123859405518,5.699123859405518,5.699123859405518,5.699123859405518,0,0.0,0.0
2004-07-09 00:00:00-04:00,5.699123859405518,5.699123859405518,5.699123859405518,5.699123859405518,0,0.0,0.0
2004-07-12 00:00:00-04:00,5.699123859405518,5.699123859405518,5.699123859405518,5.699123859405518,0,0.0,0.0
2004-07-13 00:00:00-04:00,5.699123859405518,5.699123859405518,5.699123859405518,5.699123859405518,0,0.0,0.0
2004-07-14 00:00:00-04:00,5.619968968193589,5.699123859405518,5.619968968193589,5.699123859405518,469,0.0,0.0
2004-07-15 00:00:00-04:00,5.699126199036555,5.699126199036555,5.61997127532959,5.61997127532959,937,0.0,0.0
2004-07-16 00:00:00-04:00,5.699125651530996,5.699125651530996,5.667463779449463,5.667463779449463,1562,0.0,0.0
2004-07-19 00:00:00-04:00,5.667461997280258,5.8574326982342635,5.635800135154997,5.699123859405518,2969,0.0,0.0
2004-07-20 00:00:00-04:00,5.6991235046788615,5.730784893035889,5.6991235046788615,5.730784893035889,781,0.0,0.0
2004-07-21 00:00:00-04:00,5.778278278819891,5.778278278819891,5.572476410904477,5.699123859405518,21250,0.0,0.0
2004-07-22 00:00:00-04:00,5.699123859405518,5.699123859405518,5.699123859405518,5.699123859405518,0,0.0,0.0
2004-07-23 00:00:00-04:00,5.619968968193589,5.699123859405518,5.619968968193589,5.699123859405518,7656,0.0,0.0
2004-07-26 00:00:00-04:00,5.699123930429265,5.778278350830078,5.699123930429265,5.778278350830078,2500,0.0,0.0
2004-07-27 00:00:00-04:00,5.699123859405518,5.778278278819891,5.699123859405518,5.699123859405518,5156,0.0,0.0
2004-07-28 00:00:00-04:00,5.778278350830078,5.778278350830078,5.778278350830078,5.778278350830078,1562,0.0,0.0
2004-07-29 00:00:00-04:00,5.778282184041399,5.857436656951904,5.778282184041399,5.857436656951904,3750,0.0,0.0
2004-07-30 00:00:00-04:00,5.857436656951904,5.857436656951904,5.857436656951904,5.857436656951904,0,0.0,0.0
2004-08-02 00:00:00-04:00,5.857436656951904,5.857436656951904,5.857436656951904,5.857436656951904,0,0.0,0.0
2004-08-03 00:00:00-04:00,5.857436656951904,5.857436656951904,5.857436656951904,5.857436656951904,0,0.0,0.0
2004-08-04 00:00:00-04:00,5.857436656951904,5.857436656951904,5.857436656951904,5.857436656951904,0,0.0,0.0
2004-08-05 00:00:00-04:00,5.857436656951904,5.857436656951904,5.857436656951904,5.857436656951904,0,0.0,0.0
2004-08-06 00:00:00-04:00,5.857436656951904,5.857436656951904,5.857436656951904,5.857436656951904,0,0.0,0.0
2004-08-09 00:00:00-04:00,5.857436656951904,5.857436656951904,5.857436656951904,5.857436656951904,0,0.0,0.0
2004-08-10 00:00:00-04:00,5.857436656951904,5.857436656951904,5.857436656951904,5.857436656951904,0,0.0,0.0
2004-08-11 00:00:00-04:00,5.857436656951904,5.857436656951904,5.857436656951904,5.857436656951904,0,0.0,0.0
2004-08-12 00:00:00-04:00,5.857436656951904,5.857436656951904,5.857436656951904,5.857436656951904,0,0.0,0.0
2004-08-13 00:00:00-04:00,5.857436656951904,5.857436656951904,5.857436656951904,5.857436656951904,0,0.0,0.0
2004-08-16 00:00:00-04:00,5.778278350830078,5.778278350830078,5.778278350830078,5.778278350830078,1562,0.0,0.0
2004-08-17 00:00:00-04:00,5.699123859405518,5.699123859405518,5.699123859405518,5.699123859405518,1406,0.0,0.0
2004-08-18 00:00:00-04:00,5.699123859405518,5.699123859405518,5.699123859405518,5.699123859405518,0,0.0,0.0
2004-08-19 00:00:00-04:00,5.699123859405518,5.699123859405518,5.699123859405518,5.699123859405518,0,0.0,0.0
2004-08-20 00:00:00-04:00,5.699123859405518,5.699123859405518,5.699123859405518,5.699123859405518,0,0.0,0.0
2004-08-23 00:00:00-04:00,5.699123859405518,5.699123859405518,5.699123859405518,5.699123859405518,937,0.0,0.0
2004-08-24 00:00:00-04:00,5.857436656951904,5.857436656951904,5.857436656951904,5.857436656951904,2344,0.0,0.0
2004-08-25 00:00:00-04:00,5.857436656951904,5.857436656951904,5.857436656951904,5.857436656951904,0,0.0,0.0
2004-08-26 00:00:00-04:00,5.857436656951904,5.857436656951904,5.778282184041399,5.857436656951904,1875,0.0,0.0
2004-08-27 00:00:00-04:00,5.8162722084158345,5.8162722084158345,5.778278350830078,5.778278350830078,3750,0.0,0.0
2004-08-30 00:00:00-04:00,5.778278350830078,5.778278350830078,5.778278350830078,5.778278350830078,0,0.0,0.0
2004-08-31 00:00:00-04:00,5.778278350830078,5.778278350830078,5.778278350830078,5.778278350830078,0,0.0,0.0
2004-09-01 00:00:00-04:00,5.778278350830078,5.778278350830078,5.778278350830078,5.778278350830078,0,0.0,0.0
2004-09-02 00:00:00-04:00,5.778278350830078,5.778278350830078,5.778278350830078,5.778278350830078,0,0.0,0.0
2004-09-03 00:00:00-04:00,5.778278350830078,5.778278350830078,5.778278350830078,5.778278350830078,0,0.0,0.0
2004-09-07 00:00:00-04:00,5.93658971786499,5.93658971786499,5.778280809697208,5.93658971786499,2656,0.0,0.0
2004-09-08 00:00:00-04:00,5.93658971786499,5.93658971786499,5.93658971786499,5.93658971786499,0,0.0,0.0
2004-09-09 00:00:00-04:00,5.8574345189276285,5.8574345189276285,5.7941107749938965,5.7941107749938965,1875,0.0,0.0
2004-09-10 00:00:00-04:00,5.857436656951904,5.857436656951904,5.857436656951904,5.857436656951904,1562,0.0,0.0
2004-09-13 00:00:00-04:00,5.857435263781099,5.93658971786499,5.857435263781099,5.93658971786499,781,0.0,0.0
2004-09-14 00:00:00-04:00,5.857435956536882,5.8764328956604,5.857435956536882,5.8764328956604,3125,0.0,0.0
2004-09-15 00:00:00-04:00,5.93658971786499,5.93658971786499,5.93658971786499,5.93658971786499,4531,0.0,0.0
2004-09-16 00:00:00-04:00,5.93658971786499,5.93658971786499,5.93658971786499,5.93658971786499,781,0.0,0.0
2004-09-17 00:00:00-04:00,5.93658971786499,5.93658971786499,5.93658971786499,5.93658971786499,0,0.0,0.0
2004-09-20 00:00:00-04:00,5.93658971786499,5.93658971786499,5.93658971786499,5.93658971786499,0,0.0,0.0
2004-09-21 00:00:00-04:00,5.93658971786499,5.93658971786499,5.93658971786499,5.93658971786499,312,0.0,0.0
2004-09-22 00:00:00-04:00,5.93658971786499,5.93658971786499,5.93658971786499,5.93658971786499,0,0.0,0.0
2004-09-23 00:00:00-04:00,6.015743078250345,6.031574249267578,6.015743078250345,6.031574249267578,3594,0.0,0.0
2004-09-24 00:00:00-04:00,6.031574249267578,6.031574249267578,6.031574249267578,6.031574249267578,0,0.0,0.0
2004-09-27 00:00:00-04:00,6.031574249267578,6.031574249267578,6.031574249267578,6.031574249267578,0,0.0,0.0
2004-09-28 00:00:00-04:00,6.031574249267578,6.031574249267578,6.031574249267578,6.031574249267578,0,0.0,0.0
2004-09-29 00:00:00-04:00,6.1740498542785645,6.332359151530141,6.094895441551534,6.1740498542785645,3125,0.0,0.0
2004-09-30 00:00:00-04:00,6.1740498542785645,6.1740498542785645,6.1740498542785645,6.1740498542785645,0,0.0,0.0
2004-10-01 00:00:00-04:00,6.1740498542785645,6.1740498542785645,6.1740498542785645,6.1740498542785645,0,0.0,0.0
2004-10-04 00:00:00-04:00,6.1740498542785645,6.1740498542785645,6.1740498542785645,6.1740498542785645,0,0.0,0.0
2004-10-05 00:00:00-04:00,6.1740498542785645,6.1740498542785645,6.1740498542785645,6.1740498542785645,0,0.0,0.0
2004-10-06 00:00:00-04:00,6.1740498542785645,6.1740498542785645,6.1740498542785645,6.1740498542785645,312,0.0,0.0
2004-10-07 00:00:00-04:00,6.174051706678361,6.174051706678361,6.094897270202637,6.094897270202637,3437,0.0,0.0
2004-10-08 00:00:00-04:00,6.094897270202637,6.094897270202637,6.094897270202637,6.094897270202637,1562,0.0,0.0
2004-10-11 00:00:00-04:00,6.094897270202637,6.094897270202637,6.094897270202637,6.094897270202637,0,0.0,0.0
2004-10-12 00:00:00-04:00,6.094897270202637,6.094897270202637,6.094897270202637,6.094897270202637,0,0.0,0.0
2004-10-13 00:00:00-04:00,6.094897270202637,6.094897270202637,6.094897270202637,6.094897270202637,0,0.0,0.0
2004-10-14 00:00:00-04:00,7.275883507666886,7.275883507666886,6.332361698150635,6.332361698150635,4844,0.0,0.0
2004-10-15 00:00:00-04:00,6.332361698150635,6.332361698150635,6.174052337233418,6.332361698150635,2500,0.0,0.0
2004-10-18 00:00:00-04:00,6.332361698150635,6.332361698150635,6.332361698150635,6.332361698150635,0,0.0,0.0
2004-10-19 00:00:00-04:00,6.332361698150635,6.332361698150635,6.332361698150635,6.332361698150635,0,0.0,0.0
2004-10-20 00:00:00-04:00,6.332361698150635,6.332361698150635,6.332361698150635,6.332361698150635,0,0.0,0.0
2004-10-21 00:00:00-04:00,6.648980715340395,6.648980715340395,6.189884662628174,6.189884662628174,5000,0.0,0.0
2004-10-22 00:00:00-04:00,6.189884662628174,6.189884662628174,6.189884662628174,6.189884662628174,0,0.0,0.0
2004-10-25 00:00:00-04:00,6.189881252699278,6.411513805389404,6.174050086479965,6.411513805389404,8437,0.0,0.0
2004-10-26 00:00:00-04:00,6.332362720008147,6.490671634674072,6.332362720008147,6.490671634674072,4844,0.0,0.0
2004-10-27 00:00:00-04:00,6.490671634674072,6.490671634674072,6.490671634674072,6.490671634674072,0,0.0,0.0
2004-10-28 00:00:00-04:00,6.490671634674072,6.490671634674072,6.490671634674072,6.490671634674072,0,0.0,0.0
2004-10-29 00:00:00-04:00,6.569822636797341,6.569822636797341,6.411513805389404,6.411513805389404,1250,0.0,0.0
2004-11-01 00:00:00-05:00,6.569825265561286,6.728134632110596,6.569825265561286,6.728134632110596,6562,0.0,0.0
2004-11-02 00:00:00-05:00,6.88644416521954,7.044753074645996,6.807289710506312,7.044753074645996,7187,0.0,0.0
2004-11-03 00:00:00-05:00,7.123906135559082,7.123906135559082,7.123906135559082,7.123906135559082,625,0.0,0.0
2004-11-04 00:00:00-05:00,7.20306017275294,8.042097976003596,7.20306017275294,7.836296081542969,7344,0.0,0.0
2004-11-05 00:00:00-05:00,7.836294038495112,7.994602856469561,7.788801487462275,7.978772163391113,5937,0.0,0.0
2004-11-08 00:00:00-05:00,8.073761421473169,8.232070320938059,7.994606971740723,7.994606971740723,2500,0.0,0.0
2004-11-09 00:00:00-05:00,7.994608189787008,7.994608189787008,7.3613720236508176,7.440526485443115,3125,0.0,0.0
2004-11-10 00:00:00-05:00,7.440526485443115,7.440526485443115,7.440526485443115,7.440526485443115,0,0.0,0.0
2004-11-11 00:00:00-05:00,7.440526485443115,7.440526485443115,7.440526485443115,7.440526485443115,0,0.0,0.0
2004-11-12 00:00:00-05:00,7.440526485443115,7.440526485443115,7.440526485443115,7.440526485443115,0,0.0,0.0
2004-11-15 00:00:00-05:00,7.440526485443115,7.440526485443115,7.440526485443115,7.440526485443115,0,0.0,0.0
2004-11-16 00:00:00-05:00,7.440526485443115,7.440526485443115,7.440526485443115,7.440526485443115,0,0.0,0.0
2004-11-17 00:00:00-05:00,7.519676378246826,7.519676378246826,7.28854513168335,7.28854513168335,1094,0.0,0.0
2004-11-18 00:00:00-05:00,7.2822153338088835,7.598833084106445,7.2822153338088835,7.598833084106445,312,0.0,0.0
2004-11-19 00:00:00-05:00,7.440526485443115,7.440526485443115,7.440526485443115,7.440526485443115,312,0.0,0.0
2004-11-22 00:00:00-05:00,7.282216548919678,7.282216548919678,7.282216548919678,7.282216548919678,937,0.0,0.0
2004-11-23 00:00:00-05:00,7.282216548919678,7.282216548919678,7.282216548919678,7.282216548919678,0,0.0,1.0
2004-11-24 00:00:00-05:00,7.282216548919678,7.282216548919678,7.282216548919678,7.282216548919678,0,0.0,0.0
2004-11-26 00:00:00-05:00,7.282216548919678,7.282216548919678,7.282216548919678,7.282216548919678,0,0.0,0.0
2004-11-29 00:00:00-05:00,7.915451526641846,7.915451526641846,7.915451526641846,7.915451526641846,125,0.0,0.0
2004-11-30 00:00:00-05:00,7.915451526641846,7.915451526641846,7.915451526641846,7.915451526641846,0,0.0,0.0
2004-12-01 00:00:00-05:00,7.321792897515285,7.321792897515285,7.2228498458862305,7.2228498458862305,1125,0.0,0.0
2004-12-02 00:00:00-05:00,7.2228498458862305,7.2228498458862305,7.2228498458862305,7.2228498458862305,0,0.0,0.0
2004-12-03 00:00:00-05:00,7.2228498458862305,7.2228498458862305,7.2228498458862305,7.2228498458862305,0,0.0,0.0
2004-12-06 00:00:00-05:00,7.2228498458862305,7.2228498458862305,7.2228498458862305,7.2228498458862305,0,0.0,0.0
2004-12-07 00:00:00-05:00,7.915451526641846,7.915451526641846,7.915451526641846,7.915451526641846,250,0.0,0.0
2004-12-08 00:00:00-05:00,7.915451526641846,7.915451526641846,7.915451526641846,7.915451526641846,0,0.0,0.0
2004-12-09 00:00:00-05:00,7.915453592936198,7.915453592936198,7.325752107768949,7.4207377433776855,1625,0.0,0.0
2004-12-10 00:00:00-05:00,7.670068264007568,7.670068264007568,7.670068264007568,7.670068264007568,1625,0.0,0.0
2004-12-13 00:00:00-05:00,7.4207377433776855,7.4207377433776855,7.4207377433776855,7.4207377433776855,1500,0.0,0.0
2004-12-14 00:00:00-05:00,7.5196757316589355,7.5196757316589355,7.5196757316589355,7.5196757316589355,250,0.0,0.0
2004-12-15 00:00:00-05:00,7.5196757316589355,7.5196757316589355,7.5196757316589355,7.5196757316589355,0,0.0,0.0
2004-12-16 00:00:00-05:00,7.5196757316589355,7.5196757316589355,7.5196757316589355,7.5196757316589355,0,0.0,0.0
2004-12-17 00:00:00-05:00,7.71756542719487,7.915451526641846,7.71756542719487,7.915451526641846,625,0.0,0.0
2004-12-20 00:00:00-05:00,7.915451526641846,7.915451526641846,7.915451526641846,7.915451526641846,0,0.0,0.0
2004-12-21 00:00:00-05:00,7.571126190497935,7.579041536827594,7.5196757316589355,7.5196757316589355,6625,0.0,0.0
2004-12-22 00:00:00-05:00,7.5196757316589355,7.523633640722505,7.5196757316589355,7.5196757316589355,2500,0.0,0.0
2004-12-23 00:00:00-05:00,7.5196757316589355,7.5196757316589355,7.5196757316589355,7.5196757316589355,250,0.0,0.0
2004-12-27 00:00:00-05:00,7.519676010874469,7.559253215789795,7.519676010874469,7.559253215789795,3875,0.0,0.0
2004-12-28 00:00:00-05:00,7.559253215789795,7.559253215789795,7.559253215789795,7.559253215789795,0,0.0,0.0
2004-12-29 00:00:00-05:00,7.579041818247458,7.579041818247458,7.559253215789795,7.559253215789795,625,0.0,0.0
2004-12-30 00:00:00-05:00,7.559253215789795,7.559253215789795,7.559253215789795,7.559253215789795,0,0.0,0.0
2004-12-31 00:00:00-05:00,7.579044818878174,7.579044818878174,7.579044818878174,7.579044818878174,375,0.0,0.0
2005-01-03 00:00:00-05:00,7.579041818247458,7.579041818247458,7.559253215789795,7.559253215789795,3000,0.0,0.0
2005-01-04 00:00:00-05:00,7.559253215789795,7.559253215789795,7.559253215789795,7.559253215789795,0,0.0,0.0
2005-01-05 00:00:00-05:00,7.4207377433776855,7.519680818929828,7.4207377433776855,7.4207377433776855,1375,0.0,0.0
2005-01-06 00:00:00-05:00,7.4207377433776855,7.4207377433776855,7.4207377433776855,7.4207377433776855,0,0.0,0.0
2005-01-07 00:00:00-05:00,7.4207377433776855,7.4207377433776855,7.4207377433776855,7.4207377433776855,0,0.0,0.0
2005-01-10 00:00:00-05:00,7.4207377433776855,7.4207377433776855,7.4207377433776855,7.4207377433776855,250,0.0,0.0
2005-01-11 00:00:00-05:00,7.4207377433776855,7.4207377433776855,7.4207377433776855,7.4207377433776855,0,0.0,0.0
2005-01-12 00:00:00-05:00,7.4207377433776855,7.4207377433776855,7.4207377433776855,7.4207377433776855,0,0.0,0.0
2005-01-13 00:00:00-05:00,7.4207377433776855,7.4207377433776855,7.4207377433776855,7.4207377433776855,0,0.0,0.0
2005-01-14 00:00:00-05:00,7.4207377433776855,7.4207377433776855,7.4207377433776855,7.4207377433776855,0,0.0,0.0
2005-01-18 00:00:00-05:00,7.4207377433776855,7.4207377433776855,7.4207377433776855,7.4207377433776855,875,0.0,0.0
2005-01-19 00:00:00-05:00,7.3811564445495605,7.3811564445495605,7.3811564445495605,7.3811564445495605,250,0.0,0.0
2005-01-20 00:00:00-05:00,7.559252935104708,7.559252935104708,7.5196757316589355,7.5196757316589355,1375,0.0,0.0
2005-01-21 00:00:00-05:00,7.5196757316589355,7.5196757316589355,7.5196757316589355,7.5196757316589355,0,0.0,0.0
2005-01-24 00:00:00-05:00,7.559253215789795,7.559253215789795,7.559253215789795,7.559253215789795,125,0.0,0.0
2005-01-25 00:00:00-05:00,7.4207377433776855,7.4207377433776855,7.4207377433776855,7.4207377433776855,250,0.0,0.0
2005-01-26 00:00:00-05:00,7.4207329985861525,7.559253215789795,7.4207329985861525,7.559253215789795,750,0.0,0.0
2005-01-27 00:00:00-05:00,7.559251793126714,7.757138252258301,7.559251793126714,7.757138252258301,875,0.0,0.0
2005-01-28 00:00:00-05:00,7.75714467205277,7.75714467205277,7.4207377433776855,7.4207377433776855,625,0.0,0.0
2005-01-31 00:00:00-05:00,7.915451526641846,8.152914845978216,7.915451526641846,7.915451526641846,2750,0.0,0.0
2005-02-01 00:00:00-05:00,7.915451526641846,7.915451526641846,7.519678855950218,7.915451526641846,1125,0.0,0.0
2005-02-02 00:00:00-05:00,7.618623733520508,7.618623733520508,7.618623733520508,7.618623733520508,1625,0.0,0.0
2005-02-03 00:00:00-05:00,7.618622955024195,8.212282278728098,7.618622955024195,7.71756649017334,3500,0.0,0.0
2005-02-04 00:00:00-05:00,7.71756649017334,7.71756649017334,7.71756649017334,7.71756649017334,0,0.0,0.0
2005-02-07 00:00:00-05:00,7.71756649017334,7.71756649017334,7.71756649017334,7.71756649017334,0,0.0,0.0
2005-02-08 00:00:00-05:00,7.71756649017334,7.71756649017334,7.71756649017334,7.71756649017334,0,0.0,0.0
2005-02-09 00:00:00-05:00,7.71756649017334,7.71756649017334,7.71756649017334,7.71756649017334,0,0.0,0.0
2005-02-10 00:00:00-05:00,7.71756649017334,7.71756649017334,7.71756649017334,7.71756649017334,0,0.0,0.0
2005-02-11 00:00:00-05:00,7.71756649017334,7.71756649017334,7.71756649017334,7.71756649017334,0,0.0,0.0
2005-02-14 00:00:00-05:00,7.71756649017334,7.71756649017334,7.71756649017334,7.71756649017334,0,0.0,0.0
2005-02-15 00:00:00-05:00,7.71756649017334,7.71756649017334,7.71756649017334,7.71756649017334,0,0.0,0.0
2005-02-16 00:00:00-05:00,7.71756649017334,7.71756649017334,7.71756649017334,7.71756649017334,0,0.0,0.0
2005-02-17 00:00:00-05:00,7.618623733520508,7.618623733520508,7.618623733520508,7.618623733520508,250,0.0,0.0
2005-02-18 00:00:00-05:00,8.113337516784668,8.113337516784668,8.113337516784668,8.113337516784668,125,0.0,0.0
2005-02-22 00:00:00-05:00,8.10938007792765,8.113337516784668,8.10938007792765,8.113337516784668,250,0.0,0.0
2005-02-23 00:00:00-05:00,7.915451526641846,7.915451526641846,7.915451526641846,7.915451526641846,250,0.0,0.0
2005-02-24 00:00:00-05:00,7.71756649017334,7.71756649017334,7.71756649017334,7.71756649017334,9125,0.0,0.0
2005-02-25 00:00:00-05:00,7.71756649017334,7.71756649017334,7.71756649017334,7.71756649017334,0,0.0,0.0
2005-02-28 00:00:00-05:00,7.71756649017334,7.71756649017334,7.71756649017334,7.71756649017334,0,0.0,0.0
2005-03-01 00:00:00-05:00,7.71756649017334,7.71756649017334,7.71756649017334,7.71756649017334,0,0.0,0.0
2005-03-02 00:00:00-05:00,7.71756649017334,7.71756649017334,7.71756649017334,7.71756649017334,0,0.0,0.0
2005-03-03 00:00:00-05:00,7.71756649017334,7.71756649017334,7.71756649017334,7.71756649017334,375,0.0,0.0
2005-03-04 00:00:00-05:00,8.113339910068255,8.113339910068255,7.8165106773376465,7.8165106773376465,875,0.0,0.0
2005-03-07 00:00:00-05:00,8.307268625197604,8.311226065221994,7.8165106773376465,7.8165106773376465,1250,0.0,0.0
2005-03-08 00:00:00-05:00,7.8165106773376465,7.8165106773376465,7.8165106773376465,7.8165106773376465,0,0.0,0.0
2005-03-09 00:00:00-05:00,7.8165106773376465,7.8165106773376465,7.8165106773376465,7.8165106773376465,0,0.0,0.0
2005-03-10 00:00:00-05:00,7.8165106773376465,7.8165106773376465,7.8165106773376465,7.8165106773376465,500,0.0,0.0
2005-03-11 00:00:00-05:00,7.816508239097778,7.816508239097778,7.737353801727295,7.737353801727295,3625,0.0,0.0
2005-03-14 00:00:00-05:00,7.915451526641846,7.915451526641846,7.816508476918358,7.915451526641846,2125,0.0,0.0
2005-03-15 00:00:00-05:00,7.8165106773376465,7.8165106773376465,7.8165106773376465,7.8165106773376465,1250,0.0,0.0
2005-03-16 00:00:00-05:00,7.8165106773376465,7.8165106773376465,7.8165106773376465,7.8165106773376465,0,0.0,0.0
2005-03-17 00:00:00-05:00,7.8165106773376465,7.8165106773376465,7.8165106773376465,7.8165106773376465,0,0.0,0.0
2005-03-18 00:00:00-05:00,7.8165106773376465,7.8165106773376465,7.8165106773376465,7.8165106773376465,0,0.0,0.0
2005-03-21 00:00:00-05:00,7.8165106773376465,7.8165106773376465,7.8165106773376465,7.8165106773376465,250,0.0,0.0
2005-03-22 00:00:00-05:00,7.8165106773376465,7.8165106773376465,7.8165106773376465,7.8165106773376465,0,0.0,0.0
2005-03-23 00:00:00-05:00,7.8165106773376465,7.8165106773376465,7.8165106773376465,7.8165106773376465,750,0.0,0.0
2005-03-24 00:00:00-05:00,7.8165106773376465,7.8165106773376465,7.8165106773376465,7.8165106773376465,250,0.0,0.0
2005-03-28 00:00:00-05:00,7.8165106773376465,7.8165106773376465,7.8165106773376465,7.8165106773376465,250,0.0,0.0
2005-03-29 00:00:00-05:00,7.816508505894263,7.816508505894263,7.776931285858154,7.776931285858154,1250,0.0,0.0
2005-03-30 00:00:00-05:00,7.7571426758401,7.776931285858154,7.7571426758401,7.776931285858154,750,0.0,0.0
2005-03-31 00:00:00-05:00,7.776931285858154,7.776931285858154,7.776931285858154,7.776931285858154,0,0.0,0.0
2005-04-01 00:00:00-05:00,7.772973375135472,7.776931285858154,7.772973375135472,7.776931285858154,500,0.0,0.0
2005-04-04 00:00:00-04:00,7.776931285858154,7.776931285858154,7.776931285858154,7.776931285858154,0,0.0,0.0
2005-04-05 00:00:00-04:00,7.638407341996253,7.638407341996253,7.5196757316589355,7.5196757316589355,1500,0.0,0.0
2005-04-06 00:00:00-04:00,7.5196757316589355,7.5196757316589355,7.5196757316589355,7.5196757316589355,1500,0.0,0.0
2005-04-07 00:00:00-04:00,7.5196757316589355,7.5196757316589355,7.5196757316589355,7.5196757316589355,0,0.0,0.0
2005-04-08 00:00:00-04:00,7.638412509592399,7.638412509592399,7.4207377433776855,7.4207377433776855,625,0.0,0.0
2005-04-11 00:00:00-04:00,7.2228506317193615,7.226808071136475,7.2228506317193615,7.226808071136475,1250,0.0,0.0
2005-04-12 00:00:00-04:00,7.143696660033887,7.4207377433776855,7.143696660033887,7.4207377433776855,1125,0.0,0.0
2005-04-13 00:00:00-04:00,7.4207377433776855,7.4207377433776855,7.4207377433776855,7.4207377433776855,0,0.0,0.0
2005-04-14 00:00:00-04:00,7.2228498458862305,7.2228498458862305,6.926020219201383,7.2228498458862305,4125,0.0,0.0
2005-04-15 00:00:00-04:00,7.222849271665837,7.222849271665837,6.926019668579102,6.926019668579102,625,0.0,0.0
2005-04-18 00:00:00-04:00,6.9260188768975,7.060581684112549,6.9260188768975,7.060581684112549,2250,0.0,0.0
2005-04-19 00:00:00-04:00,7.123905248973241,7.222848757490391,7.123905248973241,7.203060150146484,1875,0.0,0.0
2005-04-20 00:00:00-04:00,7.222851846255196,7.222851846255196,7.163485527038574,7.163485527038574,2750,0.0,0.0
2005-04-21 00:00:00-04:00,7.163483543111113,7.2228498458862305,7.163483543111113,7.2228498458862305,7125,0.0,0.0
2005-04-22 00:00:00-04:00,7.2228498458862305,7.2228498458862305,7.2228498458862305,7.2228498458862305,0,0.0,0.0
2005-04-25 00:00:00-04:00,7.2228498458862305,7.2228498458862305,7.2228498458862305,7.2228498458862305,0,0.0,0.0
2005-04-26 00:00:00-04:00,7.242638456212042,7.420735949144339,7.2228498458862305,7.2228498458862305,5875,0.0,0.0
2005-04-27 00:00:00-04:00,7.123905571505961,7.321792125701904,7.123905571505961,7.321792125701904,4250,0.0,0.0
2005-04-28 00:00:00-04:00,7.519676010874469,7.618619023162784,7.519676010874469,7.559253215789795,8250,0.0,0.0
2005-04-29 00:00:00-04:00,7.559253215789795,7.559253215789795,7.559253215789795,7.559253215789795,0,0.0,0.0
2005-05-02 00:00:00-04:00,7.618622955024195,7.71756649017334,7.618622955024195,7.71756649017334,750,0.0,0.0
2005-05-03 00:00:00-04:00,7.618623733520508,7.618623733520508,7.618623733520508,7.618623733520508,375,0.0,0.0
2005-05-04 00:00:00-04:00,7.618623733520508,7.618623733520508,7.618623733520508,7.618623733520508,0,0.0,0.0
2005-05-05 00:00:00-04:00,7.618619023162784,7.618619023162784,7.559253215789795,7.559253215789795,1750,0.0,0.0
2005-05-06 00:00:00-04:00,7.4207329985861525,7.559253215789795,7.4207329985861525,7.559253215789795,1125,0.0,0.0
2005-05-09 00:00:00-04:00,7.519678208100212,7.519678208100212,7.321792125701904,7.321792125701904,1500,0.0,0.0
2005-05-10 00:00:00-04:00,7.321792125701904,7.321792125701904,7.321792125701904,7.321792125701904,0,0.0,0.0
2005-05-11 00:00:00-04:00,7.321792125701904,7.321792125701904,7.321792125701904,7.321792125701904,0,0.0,0.0
2005-05-12 00:00:00-04:00,7.321792125701904,7.321792125701904,7.321792125701904,7.321792125701904,1500,0.0,0.0
2005-05-13 00:00:00-04:00,7.321792125701904,7.321792125701904,7.321792125701904,7.321792125701904,0,0.0,0.0
2005-05-16 00:00:00-04:00,7.4207377433776855,7.4207377433776855,7.4207377433776855,7.4207377433776855,1000,0.0,0.0
2005-05-17 00:00:00-04:00,7.519680277937903,7.519680277937903,7.456356525421143,7.456356525421143,8750,0.0,0.0
2005-05-18 00:00:00-04:00,7.456356525421143,7.456356525421143,7.456356525421143,7.456356525421143,0,0.0,0.0
2005-05-19 00:00:00-04:00,7.816509841818865,7.816509841818865,7.527595520019531,7.527595520019531,8125,0.0,0.0
2005-05-20 00:00:00-04:00,7.519676268544185,7.519676268544185,7.460310459136963,7.460310459136963,4000,0.0,0.0
2005-05-23 00:00:00-04:00,7.5196757316589355,7.5196757316589355,7.5196757316589355,7.5196757316589355,250,0.0,0.0
2005-05-24 00:00:00-04:00,7.460310459136963,7.460310459136963,7.460310459136963,7.460310459136963,500,0.0,0.0
2005-05-25 00:00:00-04:00,7.618623733520508,7.618623733520508,7.618623733520508,7.618623733520508,375,0.0,0.0
2005-05-26 00:00:00-04:00,7.618623733520508,7.618623733520508,7.618623733520508,7.618623733520508,0,0.0,0.0
2005-05-27 00:00:00-04:00,7.5196757316589355,7.5196757316589355,7.420732723044505,7.5196757316589355,3625,0.0,0.0
2005-05-31 00:00:00-04:00,7.420737586597036,7.618623733520508,7.420737586597036,7.618623733520508,1125,0.0,0.0
2005-06-01 00:00:00-04:00,7.618623733520508,7.618623733520508,7.618623733520508,7.618623733520508,0,0.0,0.0
2005-06-02 00:00:00-04:00,7.618623733520508,7.618623733520508,7.618623733520508,7.618623733520508,0,0.0,0.0
2005-06-03 00:00:00-04:00,7.460310459136963,7.460310459136963,7.460310459136963,7.460310459136963,1250,0.0,0.0
2005-06-06 00:00:00-04:00,7.519677846289262,7.519677846289262,7.480100631713867,7.480100631713867,9625,0.0,0.0
2005-06-07 00:00:00-04:00,7.480103588708971,7.480103588708971,7.4207377433776855,7.4207377433776855,2750,0.0,0.0
2005-06-08 00:00:00-04:00,7.400947093963623,7.400947093963623,7.400947093963623,7.400947093963623,375,0.0,0.0
2005-06-09 00:00:00-04:00,7.5196765331405,7.5196765331405,7.361367702484131,7.361367702484131,4875,0.0,0.0
2005-06-10 00:00:00-04:00,7.480100631713867,7.480100631713867,7.480100631713867,7.480100631713867,500,0.0,0.0
2005-06-13 00:00:00-04:00,7.400947093963623,7.400947093963623,7.400947093963623,7.400947093963623,1250,0.0,0.0
2005-06-14 00:00:00-04:00,7.400947093963623,7.400947093963623,7.400947093963623,7.400947093963623,0,0.0,0.0
2005-06-15 00:00:00-04:00,7.400947093963623,7.400947093963623,7.400947093963623,7.400947093963623,0,0.0,0.0
2005-06-16 00:00:00-04:00,7.400947093963623,7.400947093963623,7.400947093963623,7.400947093963623,0,0.0,0.0
2005-06-17 00:00:00-04:00,7.5196757316589355,7.5196757316589355,7.5196757316589355,7.5196757316589355,1250,0.0,0.0
2005-06-20 00:00:00-04:00,7.5196757316589355,7.5196757316589355,7.5196757316589355,7.5196757316589355,625,0.0,0.0
2005-06-21 00:00:00-04:00,7.618622955024195,7.71756649017334,7.618622955024195,7.71756649017334,11250,0.0,0.0
2005-06-22 00:00:00-04:00,7.717566093900199,7.816509152171183,7.658199787139893,7.658199787139893,8750,0.0,0.0
2005-06-23 00:00:00-04:00,7.658199787139893,7.658199787139893,7.658199787139893,7.658199787139893,0,0.0,0.0
2005-06-24 00:00:00-04:00,7.658199787139893,7.658199787139893,7.658199787139893,7.658199787139893,0,0.0,0.0
2005-06-27 00:00:00-04:00,7.658199787139893,7.658199787139893,7.658199787139893,7.658199787139893,0,0.0,0.0
2005-06-28 00:00:00-04:00,7.658199787139893,7.658199787139893,7.658199787139893,7.658199787139893,0,0.0,0.0
2005-06-29 00:00:00-04:00,7.658199787139893,7.658199787139893,7.658199787139893,7.658199787139893,0,0.0,0.0
2005-06-30 00:00:00-04:00,7.658199787139893,7.658199787139893,7.658199787139893,7.658199787139893,0,0.0,0.0
2005-07-01 00:00:00-04:00,7.658199787139893,7.658199787139893,7.658199787139893,7.658199787139893,500,0.0,0.0
2005-07-05 00:00:00-04:00,7.658199787139893,7.658199787139893,7.658199787139893,7.658199787139893,0,0.0,0.0
2005-07-06 00:00:00-04:00,7.71756542719487,7.915451526641846,7.71756542719487,7.915451526641846,2250,0.0,0.0
2005-07-07 00:00:00-04:00,7.915451526641846,7.915451526641846,7.915451526641846,7.915451526641846,0,0.0,0.0
2005-07-08 00:00:00-04:00,7.915451526641846,7.915451526641846,7.915451526641846,7.915451526641846,750,0.0,0.0
2005-07-11 00:00:00-04:00,7.915451187811995,7.935240268707275,7.816508142323877,7.935240268707275,6250,0.0,0.0
2005-07-12 00:00:00-04:00,7.895662307739258,7.895662307739258,7.895662307739258,7.895662307739258,1375,0.0,0.0
2005-07-13 00:00:00-04:00,7.895662307739258,7.895662307739258,7.895662307739258,7.895662307739258,0,0.0,0.0
2005-07-14 00:00:00-04:00,7.895662307739258,7.895662307739258,7.895662307739258,7.895662307739258,0,0.0,0.0
2005-07-15 00:00:00-04:00,7.895662307739258,7.895662307739258,7.895662307739258,7.895662307739258,375,0.0,0.0
2005-07-18 00:00:00-04:00,7.81651058088322,7.915453657239149,7.81651058088322,7.875876426696777,2875,0.0,0.0
2005-07-19 00:00:00-04:00,7.875876426696777,7.875876426696777,7.875876426696777,7.875876426696777,0,0.0,0.0
2005-07-20 00:00:00-04:00,7.875876426696777,7.875876426696777,7.875876426696777,7.875876426696777,0,0.0,0.0
2005-07-21 00:00:00-04:00,7.915451526641846,7.915451526641846,7.816508476918358,7.915451526641846,4375,0.0,0.0
2005-07-22 00:00:00-04:00,7.895662810325543,8.21228103697285,7.895662810325543,8.113337516784668,4500,0.0,0.0
2005-07-25 00:00:00-04:00,8.212280460443587,8.311223030090332,8.212280460443587,8.311223030090332,1375,0.0,0.0
2005-07-26 00:00:00-04:00,8.21228103697285,8.21228103697285,8.113337516784668,8.113337516784668,500,0.0,0.0
2005-07-27 00:00:00-04:00,8.311223030090332,8.469532839996619,8.311223030090332,8.311223030090332,4125,0.0,0.0
2005-07-28 00:00:00-04:00,8.311223030090332,8.311223030090332,8.311223030090332,8.311223030090332,0,0.0,0.0
2005-07-29 00:00:00-04:00,8.113337516784668,8.113337516784668,8.113337516784668,8.113337516784668,250,0.0,0.0
2005-08-01 00:00:00-04:00,8.113336947201567,8.311223030090332,8.113336947201567,8.311223030090332,500,0.0,0.0
2005-08-02 00:00:00-04:00,8.17270392772059,8.17270392772059,7.915451526641846,7.915451526641846,3625,0.0,0.0
2005-08-03 00:00:00-04:00,7.93524060838422,8.01439504816301,7.915451526641846,7.915451526641846,15375,0.0,0.0
2005-08-04 00:00:00-04:00,7.915451526641846,7.915451526641846,7.915451526641846,7.915451526641846,0,0.0,0.0
2005-08-05 00:00:00-04:00,8.053974151611328,8.053974151611328,8.053974151611328,8.053974151611328,250,0.0,0.0
2005-08-08 00:00:00-04:00,8.053974151611328,8.053974151611328,8.053974151611328,8.053974151611328,0,0.0,0.0
2005-08-09 00:00:00-04:00,8.053974151611328,8.053974151611328,8.053974151611328,8.053974151611328,625,0.0,0.0
2005-08-10 00:00:00-04:00,7.974816799163818,7.974816799163818,7.974816799163818,7.974816799163818,375,0.0,0.0
2005-08-11 00:00:00-04:00,7.974816799163818,7.974816799163818,7.974816799163818,7.974816799163818,0,0.0,0.0
2005-08-12 00:00:00-04:00,7.974816799163818,7.974816799163818,7.974816799163818,7.974816799163818,375,0.0,0.0
2005-08-15 00:00:00-04:00,7.974816799163818,7.974816799163818,7.974816799163818,7.974816799163818,0,0.0,0.0
2005-08-16 00:00:00-04:00,7.974816219248261,7.974816219248261,7.915449929594431,7.919407367706299,1125,0.0,0.0
2005-08-17 00:00:00-04:00,7.915453754914516,7.915453754914516,7.8165106773376465,7.8165106773376465,3000,0.0,0.0
2005-08-18 00:00:00-04:00,7.8165106773376465,7.8165106773376465,7.8165106773376465,7.8165106773376465,2250,0.0,0.0
2005-08-19 00:00:00-04:00,7.816508239097778,7.816508239097778,7.737353801727295,7.737353801727295,3625,0.0,0.0
2005-08-22 00:00:00-04:00,7.776931285858154,7.776931285858154,7.776931285858154,7.776931285858154,2375,0.0,0.0
2005-08-23 00:00:00-04:00,7.8165106773376465,8.311226065221994,7.8165106773376465,7.8165106773376465,1000,0.0,0.0
2005-08-24 00:00:00-04:00,7.8165106773376465,7.8165106773376465,7.8165106773376465,7.8165106773376465,0,0.0,0.0
2005-08-25 00:00:00-04:00,7.8165106773376465,7.8165106773376465,7.8165106773376465,7.8165106773376465,0,0.0,0.0
2005-08-26 00:00:00-04:00,7.8165106773376465,7.8165106773376465,7.8165106773376465,7.8165106773376465,750,0.0,0.0
2005-08-29 00:00:00-04:00,7.875874067125641,7.875874067125641,7.737353801727295,7.737353801727295,4125,0.0,0.0
2005-08-30 00:00:00-04:00,7.875874306752451,7.915451526641846,7.875874306752451,7.915451526641846,500,0.0,0.0
2005-08-31 00:00:00-04:00,7.737353801727295,7.737353801727295,7.737353801727295,7.737353801727295,500,0.0,0.0
2005-09-01 00:00:00-04:00,7.776931285858154,7.776931285858154,7.776931285858154,7.776931285858154,750,0.0,0.0
2005-09-02 00:00:00-04:00,7.776931285858154,7.776931285858154,7.776931285858154,7.776931285858154,0,0.0,0.0
2005-09-06 00:00:00-04:00,7.737354037139568,7.915451526641846,7.737354037139568,7.915451526641846,375,0.0,0.0
2005-09-07 00:00:00-04:00,7.915451526641846,7.915451526641846,7.915451526641846,7.915451526641846,0,0.0,0.0
2005-09-08 00:00:00-04:00,7.915451526641846,7.915451526641846,7.915451526641846,7.915451526641846,0,0.0,0.0
2005-09-09 00:00:00-04:00,7.915451526641846,7.915451526641846,7.915451526641846,7.915451526641846,0,0.0,0.0
2005-09-12 00:00:00-04:00,7.737353801727295,7.737353801727295,7.737353801727295,7.737353801727295,750,0.0,0.0
2005-09-13 00:00:00-04:00,7.737354037139568,7.915451526641846,7.737354037139568,7.915451526641846,1125,0.0,0.0
2005-09-14 00:00:00-04:00,7.915453425703505,7.915453425703505,7.618623733520508,7.618623733520508,2500,0.0,0.0
2005-09-15 00:00:00-04:00,7.618623733520508,7.618623733520508,7.618623733520508,7.618623733520508,0,0.0,0.0
2005-09-16 00:00:00-04:00,7.618623733520508,7.618623733520508,7.618623733520508,7.618623733520508,0,0.0,0.0
2005-09-19 00:00:00-04:00,7.618623733520508,7.618623733520508,7.618623733520508,7.618623733520508,0,0.0,0.0
2005-09-20 00:00:00-04:00,7.717567504527292,7.875876426696777,7.717567504527292,7.875876426696777,1500,0.0,0.0
2005-09-21 00:00:00-04:00,7.875876426696777,7.875876426696777,7.875876426696777,7.875876426696777,0,0.0,0.0
2005-09-22 00:00:00-04:00,7.875876426696777,7.875876426696777,7.875876426696777,7.875876426696777,0,0.0,0.0
2005-09-23 00:00:00-04:00,7.658199787139893,7.658199787139893,7.658199787139893,7.658199787139893,375,0.0,0.0
2005-09-26 00:00:00-04:00,7.658199787139893,7.658199787139893,7.658199787139893,7.658199787139893,0,0.0,0.0
2005-09-27 00:00:00-04:00,7.71756649017334,7.71756649017334,7.71756649017334,7.71756649017334,625,0.0,0.0
2005-09-28 00:00:00-04:00,7.915452616876147,7.915452616876147,7.71756649017334,7.71756649017334,5875,0.0,0.0
2005-09-29 00:00:00-04:00,7.71756649017334,7.71756649017334,7.71756649017334,7.71756649017334,0,0.0,0.0
2005-09-30 00:00:00-04:00,7.71756649017334,7.71756649017334,7.71756649017334,7.71756649017334,0,0.0,0.0
2005-10-03 00:00:00-04:00,7.71756649017334,7.71756649017334,7.71756649017334,7.71756649017334,1250,0.0,0.0
2005-10-04 00:00:00-04:00,7.638404369354248,7.677982029195041,7.579038587289003,7.638404369354248,10750,0.0,0.0
2005-10-05 00:00:00-04:00,7.559255060864658,7.559255060864658,7.480100631713867,7.480100631713867,2375,0.0,0.0
2005-10-06 00:00:00-04:00,7.381155519598733,7.5196757316589355,7.381155519598733,7.5196757316589355,1500,0.0,0.0
2005-10-07 00:00:00-04:00,7.519676822804363,7.7175633405451,7.519676822804363,7.539465427398682,5500,0.0,0.0
2005-10-10 00:00:00-04:00,7.618624590835855,7.677990913391113,7.618624590835855,7.677990913391113,3375,0.0,0.0
2005-10-11 00:00:00-04:00,7.677990049395339,7.677990049395339,7.618623733520508,7.618623733520508,2125,0.0,0.0
2005-10-12 00:00:00-04:00,7.689861135240746,7.693819046020508,7.689861135240746,7.693819046020508,2250,0.0,0.0
2005-10-13 00:00:00-04:00,7.677990913391113,7.677990913391113,7.677990913391113,7.677990913391113,1000,0.0,0.0
2005-10-14 00:00:00-04:00,7.677990913391113,7.677990913391113,7.677990913391113,7.677990913391113,0,0.0,0.0
2005-10-17 00:00:00-04:00,7.677985017239505,7.677985017239505,7.5196757316589355,7.5196757316589355,1000,0.0,0.0
2005-10-18 00:00:00-04:00,7.5196757316589355,7.5196757316589355,7.5196757316589355,7.5196757316589355,500,0.0,0.0
2005-10-19 00:00:00-04:00,7.44052494012761,7.44052494012761,7.400947717451217,7.408863067626953,4875,0.0,0.0
2005-10-20 00:00:00-04:00,7.408863067626953,7.408863067626953,7.408863067626953,7.408863067626953,0,0.0,0.0
2005-10-21 00:00:00-04:00,7.408863067626953,7.408863067626953,7.408863067626953,7.408863067626953,0,0.0,0.0
2005-10-24 00:00:00-04:00,7.408863067626953,7.408863067626953,7.408863067626953,7.408863067626953,0,0.0,0.0
2005-10-25 00:00:00-04:00,7.408863067626953,7.408863067626953,7.408863067626953,7.408863067626953,0,0.0,0.0
2005-10-26 00:00:00-04:00,7.408863067626953,7.408863067626953,7.408863067626953,7.408863067626953,0,0.0,0.0
2005-10-27 00:00:00-04:00,7.400949128267257,7.4207377433776855,7.3811605131568285,7.4207377433776855,14375,0.0,0.0
2005-10-28 00:00:00-04:00,7.371265969702715,8.162811517715454,7.371265969702715,7.4207377433776855,6300,0.0,1.0
2005-10-31 00:00:00-05:00,7.668095668156942,7.79177463054657,7.4207377433776855,7.4207377433776855,2100,0.0,0.0
2005-11-01 00:00:00-05:00,7.222846705815644,7.5196757316589355,7.222846705815644,7.5196757316589355,4000,0.0,0.0
2005-11-02 00:00:00-05:00,7.5196757316589355,7.5196757316589355,7.5196757316589355,7.5196757316589355,0,0.0,0.0
2005-11-03 00:00:00-05:00,7.5196757316589355,7.5196757316589355,7.5196757316589355,7.5196757316589355,0,0.0,0.0
2005-11-04 00:00:00-05:00,7.915451526641846,7.915451526641846,7.915451526641846,7.915451526641846,300,0.0,0.0
2005-11-07 00:00:00-05:00,7.915451526641846,7.915451526641846,7.915451526641846,7.915451526641846,0,0.0,0.0
2005-11-08 00:00:00-05:00,8.410167987530048,8.410167987530048,8.039131164550781,8.039131164550781,5000,0.0,0.0
2005-11-09 00:00:00-05:00,8.039131164550781,8.039131164550781,8.039131164550781,8.039131164550781,200,0.0,0.0
2005-11-10 00:00:00-05:00,7.935239297464833,7.935239297464833,7.742299556732178,7.742299556732178,800,0.0,0.0
2005-11-11 00:00:00-05:00,7.742299556732178,7.742299556732178,7.742299556732178,7.742299556732178,0,0.0,0.0
2005-11-14 00:00:00-05:00,7.742299556732178,7.742299556732178,7.742299556732178,7.742299556732178,0,0.0,0.0
2005-11-15 00:00:00-05:00,7.742299556732178,7.742299556732178,7.742299556732178,7.742299556732178,700,0.0,0.0
2005-11-16 00:00:00-05:00,7.742299556732178,7.742299556732178,7.742299556732178,7.742299556732178,0,0.0,0.0
2005-11-17 00:00:00-05:00,7.791773282564604,8.039131164550781,7.791773282564604,8.039131164550781,1000,0.0,0.0
2005-11-18 00:00:00-05:00,8.039131164550781,8.039131164550781,8.039131164550781,8.039131164550781,0,0.0,0.0
2005-11-21 00:00:00-05:00,8.039131164550781,8.039131164550781,8.039131164550781,8.039131164550781,0,0.0,0.0
2005-11-22 00:00:00-05:00,8.039131164550781,8.039131164550781,8.039131164550781,8.039131164550781,0,0.0,0.0
2005-11-23 00:00:00-05:00,8.410167694091797,8.410167694091797,8.410167694091797,8.410167694091797,400,0.0,0.0
2005-11-25 00:00:00-05:00,8.410167694091797,8.410167694091797,8.410167694091797,8.410167694091797,0,0.0,0.0
2005-11-28 00:00:00-05:00,8.410167694091797,8.410167694091797,8.410167694091797,8.410167694091797,0,0.0,0.0
2005-11-29 00:00:00-05:00,8.410167694091797,8.410167694091797,8.410167694091797,8.410167694091797,0,0.0,0.0
2005-11-30 00:00:00-05:00,8.410167694091797,8.410167694091797,8.410167694091797,8.410167694091797,0,0.0,0.0
2005-12-01 00:00:00-05:00,8.410167694091797,8.410167694091797,8.410167694091797,8.410167694091797,0,0.0,0.0
2005-12-02 00:00:00-05:00,8.410167694091797,8.410167694091797,8.410167694091797,8.410167694091797,0,0.0,0.0
2005-12-05 00:00:00-05:00,8.410167694091797,8.410167694091797,8.410167694091797,8.410167694091797,0,0.0,0.0
2005-12-06 00:00:00-05:00,8.410167694091797,8.410167694091797,8.410167694091797,8.410167694091797,0,0.0,0.0
2005-12-07 00:00:00-05:00,8.657527923583984,8.657527923583984,8.657527923583984,8.657527923583984,200,0.0,0.0
2005-12-08 00:00:00-05:00,8.657527923583984,8.657527923583984,8.657527923583984,8.657527923583984,0,0.0,0.0
2005-12-09 00:00:00-05:00,8.657527923583984,8.657527923583984,8.657527923583984,8.657527923583984,0,0.0,0.0
2005-12-12 00:00:00-05:00,8.781205389234755,8.904884338378906,8.706998208467363,8.904884338378906,5700,0.0,0.0
2005-12-13 00:00:00-05:00,9.642006629498438,9.642006629498438,9.003824016108291,9.35012435913086,1100,0.0,0.0
2005-12-14 00:00:00-05:00,7.608725485658397,7.791770189039169,7.544412405260148,7.668091297149658,57200,0.0,0.0
2005-12-15 00:00:00-05:00,7.668094373843409,7.865980491546086,7.668094373843409,7.68293571472168,12200,0.0,0.0
2005-12-16 00:00:00-05:00,7.668095239907085,7.7423024244773995,7.668095239907085,7.6878838539123535,8800,0.0,0.0
2005-12-19 00:00:00-05:00,7.6928282759420386,7.841243061907652,7.6928282759420386,7.742299556732178,3800,0.0,0.0
2005-12-20 00:00:00-05:00,7.841244357298649,8.024288645438844,7.742300835777485,7.915451526641846,14700,0.0,0.0
2005-12-21 00:00:00-05:00,7.915452616876147,7.915452616876147,7.71756649017334,7.71756649017334,2700,0.0,0.0
2005-12-22 00:00:00-05:00,8.01934137500325,8.01934137500325,7.791772596538067,7.915451526641846,600,0.0,0.0
2005-12-23 00:00:00-05:00,7.717566313776469,7.890716552734375,7.717566313776469,7.890716552734375,700,0.0,0.0
2005-12-27 00:00:00-05:00,7.816507928256814,7.816507928256814,7.727458953857422,7.727458953857422,1600,0.0,0.0
2005-12-28 00:00:00-05:00,7.781874491370723,7.791769027709961,7.781874491370723,7.791769027709961,4500,0.0,0.0
2005-12-29 00:00:00-05:00,7.791773669737457,7.791773669737457,7.71756649017334,7.71756649017334,3500,0.0,0.0
2005-12-30 00:00:00-05:00,7.71756649017334,7.71756649017334,7.71756649017334,7.71756649017334,2600,0.0,0.0
2006-01-03 00:00:00-05:00,7.717561892355517,7.791769027709961,7.717561892355517,7.791769027709961,9700,0.0,0.0
2006-01-04 00:00:00-05:00,7.767038902650307,7.8165106773376465,7.767038902650307,7.8165106773376465,4500,0.0,0.0
2006-01-05 00:00:00-05:00,7.841245039257363,7.915452215054412,7.767037391662598,7.767037391662598,4100,0.0,0.0
2006-01-06 00:00:00-05:00,7.791773491644467,7.890716552734375,7.722513112982667,7.890716552734375,4500,0.0,0.0
2006-01-09 00:00:00-05:00,7.875875391535585,7.875875391535585,7.71756649017334,7.71756649017334,16400,0.0,0.0
2006-01-10 00:00:00-05:00,7.67304023215243,7.67304023215243,7.544414043426514,7.544414043426514,9100,0.0,0.0
2006-01-11 00:00:00-05:00,8.083657222694098,8.083657222694098,7.8165106773376465,7.8165106773376465,4200,0.0,0.0
2006-01-12 00:00:00-05:00,7.816508931525606,7.816508931525606,7.64335823059082,7.64335823059082,1500,0.0,0.0
2006-01-13 00:00:00-05:00,7.64335823059082,7.64335823059082,7.64335823059082,7.64335823059082,100,0.0,0.0
2006-01-17 00:00:00-05:00,7.549359674167135,7.6928271698870665,7.549359674167135,7.668091297149658,5900,0.0,0.0
2006-01-18 00:00:00-05:00,7.668090154254248,7.791769027709961,7.668090154254248,7.791769027709961,1200,0.0,0.0
2006-01-19 00:00:00-05:00,7.668091297149658,7.668091297149658,7.668091297149658,7.668091297149658,500,0.0,0.0
2006-01-20 00:00:00-05:00,7.940187621429826,7.940187621429826,7.603781223297119,7.603781223297119,3100,0.0,0.0
2006-01-23 00:00:00-05:00,7.564203914787835,7.628517019891184,7.554309844970703,7.554309844970703,2000,0.0,0.0
2006-01-24 00:00:00-05:00,7.613676933695763,7.618623733520508,7.564205161066,7.618623733520508,1100,0.0,0.0
2006-01-25 00:00:00-05:00,7.618623733520508,7.618623733520508,7.618623733520508,7.618623733520508,0,0.0,0.0
2006-01-26 00:00:00-05:00,7.593885506026506,7.593885506026506,7.588938236236572,7.588938236236572,400,0.0,0.0
2006-01-27 00:00:00-05:00,7.5740966796875,7.5740966796875,7.5740966796875,7.5740966796875,200,0.0,0.0
2006-01-30 00:00:00-05:00,7.5592499932672546,7.692823356762028,7.554303198609791,7.638404369354248,2900,0.0,0.0
2006-01-31 00:00:00-05:00,7.618619638697041,7.905554633414362,7.618619638697041,7.88576602935791,5800,0.0,0.0
2006-02-01 00:00:00-05:00,7.717567599760777,7.865981980227176,7.643359937729768,7.8165106773376465,1900,0.0,0.0
2006-02-02 00:00:00-05:00,7.7225130719359045,7.7225130719359045,7.5938873291015625,7.5938873291015625,1800,0.0,0.0
2006-02-03 00:00:00-05:00,7.5938873291015625,7.5938873291015625,7.5938873291015625,7.5938873291015625,0,0.0,0.0
2006-02-06 00:00:00-05:00,7.549363817996187,7.806615808996701,7.549363817996187,7.618623733520508,1700,0.0,0.0
2006-02-07 00:00:00-05:00,7.618623733520508,7.618623733520508,7.618623733520508,7.618623733520508,0,0.0,0.0
2006-02-08 00:00:00-05:00,7.618621205954279,7.618621205954279,7.544414043426514,7.544414043426514,30600,0.0,0.0
2006-02-09 00:00:00-05:00,7.722509479074514,7.722509479074514,7.549359321594238,7.549359321594238,1700,0.0,0.0
2006-02-10 00:00:00-05:00,7.618622215658399,7.618622215658399,7.569150924682617,7.569150924682617,1200,0.0,0.0
2006-02-13 00:00:00-05:00,7.722510950056602,7.742299556732178,7.717564152235907,7.742299556732178,1400,0.0,0.0
2006-02-14 00:00:00-05:00,7.762090423728578,7.762090423728578,7.722513198852539,7.722513198852539,1000,0.0,0.0
2006-02-15 00:00:00-05:00,7.722513198852539,7.722513198852539,7.722513198852539,7.722513198852539,0,0.0,0.0
2006-02-16 00:00:00-05:00,7.554309844970703,7.554309844970703,7.554309844970703,7.554309844970703,100,0.0,0.0
2006-02-17 00:00:00-05:00,7.74230150913101,7.767037391662598,7.74230150913101,7.767037391662598,1100,0.0,0.0
2006-02-21 00:00:00-05:00,7.742297928486547,7.781875133514404,7.742297928486547,7.781875133514404,1600,0.0,0.0
2006-02-22 00:00:00-05:00,7.564204004139463,7.767037391662598,7.544415392473736,7.767037391662598,2800,0.0,0.0
2006-02-23 00:00:00-05:00,7.613673686981201,7.613673686981201,7.613673686981201,7.613673686981201,100,0.0,0.0
2006-02-24 00:00:00-05:00,7.762089445722182,7.915451526641846,7.762089445722182,7.915451526641846,4700,0.0,0.0
2006-02-27 00:00:00-05:00,7.910504256206252,7.915451526641846,7.910504256206252,7.915451526641846,6100,0.0,0.0
2006-02-28 00:00:00-05:00,7.9105072021484375,7.9105072021484375,7.9105072021484375,7.9105072021484375,500,0.0,0.0
2006-03-01 00:00:00-05:00,7.9105072021484375,7.9105072021484375,7.9105072021484375,7.9105072021484375,0,0.0,0.0
2006-03-02 00:00:00-05:00,7.9105072021484375,7.9105072021484375,7.9105072021484375,7.9105072021484375,0,0.0,0.0
2006-03-03 00:00:00-05:00,7.910505164952356,8.162810324579919,7.890716552734375,7.890716552734375,3700,0.0,0.0
2006-03-06 00:00:00-05:00,7.915451212647681,7.930293023365709,7.7670364080510055,7.851138114929199,8100,0.0,0.0
2006-03-07 00:00:00-05:00,7.9105072021484375,7.9105072021484375,7.9105072021484375,7.9105072021484375,200,0.0,0.0
2006-03-08 00:00:00-05:00,7.76209011653604,7.76209011653604,7.569151270850534,7.603781223297119,12800,0.0,0.0
2006-03-09 00:00:00-05:00,7.603780875545434,7.603780875545434,7.569150924682617,7.569150924682617,1500,0.0,0.0
2006-03-10 00:00:00-05:00,7.549361313407733,7.569149921534979,7.544414043426514,7.544414043426514,3800,0.0,0.0
2006-03-13 00:00:00-05:00,7.549359321594238,7.569147924500484,7.549359321594238,7.549359321594238,2800,0.0,0.0
2006-03-14 00:00:00-05:00,7.544414526223468,7.608727624702076,7.544414526223468,7.598833084106445,1400,0.0,0.0
2006-03-15 00:00:00-05:00,7.633463504393489,7.633463504393489,7.544414526223468,7.598833084106445,2400,0.0,0.0
2006-03-16 00:00:00-05:00,7.494940659785331,7.668091297149658,7.494940659785331,7.668091297149658,6000,0.0,0.0
2006-03-17 00:00:00-05:00,7.668091297149658,7.668091297149658,7.668091297149658,7.668091297149658,5000,0.0,0.0
2006-03-20 00:00:00-05:00,7.79177135437758,7.79177135437758,7.4702063760905615,7.5740966796875,1700,0.0,0.0
2006-03-21 00:00:00-05:00,7.564203032936342,7.564203032936342,7.494942665100098,7.494942665100098,5100,0.0,0.0
2006-03-22 00:00:00-05:00,7.5196761813361155,7.549359321594238,7.5196761813361155,7.549359321594238,5000,0.0,0.0
2006-03-23 00:00:00-05:00,7.66314402824267,7.791770189039169,7.66314402824267,7.668091297149658,2000,0.0,0.0
2006-03-24 00:00:00-05:00,7.6186184161529775,7.791769027709961,7.544411280798534,7.791769027709961,2900,0.0,0.0
2006-03-27 00:00:00-05:00,7.544414043426514,7.544414043426514,7.544414043426514,7.544414043426514,200,0.0,0.0
2006-03-28 00:00:00-05:00,7.564202651553759,7.574097191516199,7.544414043426514,7.544414043426514,1300,0.0,0.0
2006-03-29 00:00:00-05:00,7.544414043426514,7.544414043426514,7.544414043426514,7.544414043426514,0,0.0,0.0
2006-03-30 00:00:00-05:00,7.554309844970703,7.554309844970703,7.554309844970703,7.554309844970703,300,0.0,0.0
2006-03-31 00:00:00-05:00,7.767036897329404,8.43490285238965,7.762089626778412,8.06881332397461,26200,0.0,0.0
2006-04-03 00:00:00-04:00,8.138072640474551,8.138072640474551,7.940185629962246,8.073759078979492,2200,0.0,0.0
2006-04-04 00:00:00-04:00,8.222175316457212,8.469533165472713,8.222175316457212,8.375536918640137,900,0.0,0.0
2006-04-05 00:00:00-04:00,8.296382014297196,8.296382014297196,7.722511440653388,7.796719074249268,1100,0.0,0.0
2006-04-06 00:00:00-04:00,8.25185828936063,8.25185828936063,7.900610112320042,8.02923583984375,1200,0.0,0.0
2006-04-07 00:00:00-04:00,8.15291635810654,8.15291635810654,7.940188407897949,7.940188407897949,200,0.0,0.0
2006-04-10 00:00:00-04:00,8.093551124789538,8.093551124789538,7.925347670343139,7.959977626800537,1400,0.0,0.0
2006-04-11 00:00:00-04:00,8.1034407556127,8.1034407556127,7.964920997619629,7.964920997619629,1100,0.0,0.0
2006-04-12 00:00:00-04:00,7.895662916697148,7.915451526641846,7.895662916697148,7.915451526641846,3500,0.0,0.0
2006-04-13 00:00:00-04:00,7.915451526641846,7.915451526641846,7.915451526641846,7.915451526641846,2800,0.0,0.0
2006-04-17 00:00:00-04:00,7.915451526641846,7.915451526641846,7.915451526641846,7.915451526641846,0,0.0,0.0
2006-04-18 00:00:00-04:00,7.791770278039147,8.02923352671657,7.673038653700436,7.88576602935791,5600,0.0,0.0
2006-04-19 00:00:00-04:00,7.88576602935791,7.88576602935791,7.88576602935791,7.88576602935791,0,0.0,0.0
2006-04-20 00:00:00-04:00,7.791772596538067,7.915451526641846,7.791772596538067,7.915451526641846,1400,0.0,0.0
2006-04-21 00:00:00-04:00,7.791769027709961,7.791769027709961,7.791769027709961,7.791769027709961,800,0.0,0.0
2006-04-24 00:00:00-04:00,8.014393860588058,8.014393860588058,7.76703556523644,7.900609016418457,2000,0.0,0.0
2006-04-25 00:00:00-04:00,7.8165106773376465,7.8165106773376465,7.8165106773376465,7.8165106773376465,1500,0.0,0.0
2006-04-26 00:00:00-04:00,7.742299556732178,7.742299556732178,7.742299556732178,7.742299556732178,400,0.0,0.0
2006-04-27 00:00:00-04:00,7.816510763704248,7.816510763704248,7.811563491821289,7.811563491821289,700,0.0,0.0
2006-04-28 00:00:00-04:00,7.816510763704248,7.816510763704248,7.811563491821289,7.811563491821289,300,0.0,0.0
2006-05-01 00:00:00-04:00,7.915451526641846,7.915451526641846,7.915451526641846,7.915451526641846,700,0.0,0.0
2006-05-02 00:00:00-04:00,7.811561206482764,7.915451526641846,7.687882276378986,7.915451526641846,1500,0.0,0.0
2006-05-03 00:00:00-04:00,7.8016683693639,7.97976541519165,7.8016683693639,7.97976541519165,1500,0.0,0.0
2006-05-04 00:00:00-04:00,7.97976541519165,7.97976541519165,7.97976541519165,7.97976541519165,0,0.0,0.0
2006-05-05 00:00:00-04:00,7.71756649017334,7.71756649017334,7.71756649017334,7.71756649017334,54600,0.0,0.0
2006-05-08 00:00:00-04:00,7.910505252912592,7.91545252397153,7.722513198852539,7.722513198852539,700,0.0,0.0
2006-05-09 00:00:00-04:00,7.7472489962045765,7.915452435956285,7.7472489962045765,7.890716552734375,8300,0.0,0.0
2006-05-10 00:00:00-04:00,8.039131164550781,8.039131164550781,8.039131164550781,8.039131164550781,500,0.0,0.0
2006-05-11 00:00:00-04:00,8.039131164550781,8.039131164550781,8.039131164550781,8.039131164550781,0,0.0,0.0
2006-05-12 00:00:00-04:00,7.66809296217121,7.66809296217121,7.470206880898749,7.544414043426514,900,0.0,0.0
2006-05-15 00:00:00-04:00,7.668091297149658,7.668091297149658,7.668091297149658,7.668091297149658,300,0.0,0.0
2006-05-16 00:00:00-04:00,7.5938873291015625,7.5938873291015625,7.5938873291015625,7.5938873291015625,900,0.0,0.0
2006-05-17 00:00:00-04:00,7.658199787139893,7.658199787139893,7.658199787139893,7.658199787139893,100,0.0,0.0
2006-05-18 00:00:00-04:00,7.668094506575134,7.668094506575134,7.5938873291015625,7.5938873291015625,2500,0.0,0.0
2006-05-19 00:00:00-04:00,7.539465427398682,7.539465427398682,7.539465427398682,7.539465427398682,600,0.0,0.0
2006-05-22 00:00:00-04:00,7.544415043295879,7.569150924682617,7.544415043295879,7.569150924682617,1700,0.0,0.0
2006-05-23 00:00:00-04:00,7.9154518487038725,7.9154518487038725,7.569150924682617,7.569150924682617,600,0.0,0.0
2006-05-24 00:00:00-04:00,7.569150924682617,7.569150924682617,7.569150924682617,7.569150924682617,0,0.0,0.0
2006-05-25 00:00:00-04:00,7.668092443990634,7.668092443990634,7.5740966796875,7.5740966796875,700,0.0,0.0
2006-05-26 00:00:00-04:00,7.5740966796875,7.5740966796875,7.5740966796875,7.5740966796875,0,0.0,0.0
2006-05-30 00:00:00-04:00,7.742299556732178,7.742299556732178,7.742299556732178,7.742299556732178,1000,0.0,0.0
2006-05-31 00:00:00-04:00,7.742299556732178,7.742299556732178,7.742299556732178,7.742299556732178,0,0.0,0.0
2006-06-01 00:00:00-04:00,7.742299556732178,7.742299556732178,7.742299556732178,7.742299556732178,0,0.0,0.0
2006-06-02 00:00:00-04:00,7.742299556732178,7.742299556732178,7.742299556732178,7.742299556732178,0,0.0,0.0
2006-06-05 00:00:00-04:00,7.742299556732178,7.742299556732178,7.742299556732178,7.742299556732178,0,0.0,0.0
2006-06-06 00:00:00-04:00,7.529572152919144,7.742299556732178,7.519677613682557,7.742299556732178,2400,0.0,0.0
2006-06-07 00:00:00-04:00,7.71756649017334,7.71756649017334,7.71756649017334,7.71756649017334,800,0.0,0.0
2006-06-08 00:00:00-04:00,7.861032245260086,7.861032245260086,7.544414043426514,7.544414043426514,700,0.0,0.0
2006-06-09 00:00:00-04:00,7.544414043426514,7.544414043426514,7.544414043426514,7.544414043426514,0,0.0,0.0
2006-06-12 00:00:00-04:00,7.544414043426514,7.544414043426514,7.544414043426514,7.544414043426514,0,0.0,0.0
2006-06-13 00:00:00-04:00,7.559256383408844,7.569150924682617,7.480101940409436,7.569150924682617,6600,0.0,0.0
2006-06-14 00:00:00-04:00,7.475154836103791,7.475154836103791,7.430630814774183,7.4504194259643555,2600,0.0,0.0
2006-06-15 00:00:00-04:00,7.544414043426514,7.544414043426514,7.470206880898749,7.544414043426514,3700,0.0,0.0
2006-06-16 00:00:00-04:00,7.470208730556773,7.470208730556773,7.465261459350586,7.465261459350586,1600,0.0,0.0
2006-06-19 00:00:00-04:00,7.450418859233421,7.4553656578063965,7.450418859233421,7.4553656578063965,600,0.0,0.0
2006-06-20 00:00:00-04:00,7.6928288402796765,7.6928288402796765,7.544414043426514,7.544414043426514,500,0.0,0.0
2006-06-21 00:00:00-04:00,7.544414043426514,7.544414043426514,7.544414043426514,7.544414043426514,7200,0.0,0.0
2006-06-22 00:00:00-04:00,7.489996433258057,7.489996433258057,7.489996433258057,7.489996433258057,100,0.0,0.0
2006-06-23 00:00:00-04:00,7.489996433258057,7.489996433258057,7.489996433258057,7.489996433258057,0,0.0,0.0
2006-06-26 00:00:00-04:00,7.544416546373653,7.618623733520508,7.544416546373653,7.618623733520508,3900,0.0,0.0
2006-06-27 00:00:00-04:00,7.618623733520508,7.618623733520508,7.618623733520508,7.618623733520508,0,0.0,0.0
2006-06-28 00:00:00-04:00,7.618623733520508,7.618623733520508,7.618623733520508,7.618623733520508,0,0.0,0.0
2006-06-29 00:00:00-04:00,7.618623733520508,7.618623733520508,7.618623733520508,7.618623733520508,0,0.0,0.0
2006-06-30 00:00:00-04:00,7.618623733520508,7.618623733520508,7.618623733520508,7.618623733520508,0,0.0,0.0
2006-07-03 00:00:00-04:00,7.544414994518892,7.61862216640164,7.489996433258057,7.489996433258057,2800,0.0,0.0
2006-07-05 00:00:00-04:00,7.544414043426514,7.544414043426514,7.544414043426514,7.544414043426514,200,0.0,0.0
2006-07-06 00:00:00-04:00,7.569149921534979,7.569149921534979,7.544414043426514,7.544414043426514,400,0.0,0.0
2006-07-07 00:00:00-04:00,7.544414043426514,7.544414043426514,7.544414043426514,7.544414043426514,200,0.0,0.0
2006-07-10 00:00:00-04:00,7.544414043426514,7.544414043426514,7.544414043426514,7.544414043426514,2100,0.0,0.0
2006-07-11 00:00:00-04:00,7.544414637287337,7.544414637287337,7.4553656578063965,7.4553656578063965,1100,0.0,0.0
2006-07-12 00:00:00-04:00,7.494942287209581,7.593885799643446,7.494942287209581,7.544414043426514,600,0.0,0.0
2006-07-13 00:00:00-04:00,7.4801011002083655,7.529572857424936,7.425682544708252,7.425682544708252,2700,0.0,0.0
2006-07-14 00:00:00-04:00,7.425682544708252,7.425682544708252,7.425682544708252,7.425682544708252,0,0.0,0.0
2006-07-17 00:00:00-04:00,7.4207377433776855,7.4207377433776855,7.4207377433776855,7.4207377433776855,100,0.0,0.0
2006-07-18 00:00:00-04:00,7.4207377433776855,7.4207377433776855,7.4207377433776855,7.4207377433776855,900,0.0,0.0
2006-07-19 00:00:00-04:00,7.4207377433776855,7.4207377433776855,7.4207377433776855,7.4207377433776855,0,0.0,0.0
2006-07-20 00:00:00-04:00,7.4207377433776855,7.4207377433776855,7.4207377433776855,7.4207377433776855,4500,0.0,0.0
2006-07-21 00:00:00-04:00,7.4207377433776855,7.4207377433776855,7.4207377433776855,7.4207377433776855,500,0.0,0.0
2006-07-24 00:00:00-04:00,7.4207377433776855,7.4207377433776855,7.4207377433776855,7.4207377433776855,600,0.0,0.0
2006-07-25 00:00:00-04:00,7.420732080950916,7.445467948913574,7.420732080950916,7.445467948913574,1800,0.0,0.0
2006-07-26 00:00:00-04:00,7.450418006837542,7.569149651363032,7.450418006837542,7.504836559295654,2500,0.0,0.0
2006-07-27 00:00:00-04:00,7.504837641222212,7.583992082317084,7.470207691192627,7.470207691192627,2900,0.0,0.0
2006-07-28 00:00:00-04:00,7.470207691192627,7.470207691192627,7.470207691192627,7.470207691192627,0,0.0,0.0
2006-07-31 00:00:00-04:00,7.470207691192627,7.470207691192627,7.470207691192627,7.470207691192627,0,0.0,0.0
2006-08-01 00:00:00-04:00,7.475156307220459,7.475156307220459,7.475156307220459,7.475156307220459,1100,0.0,0.0
2006-08-02 00:00:00-04:00,7.470209517052657,7.470209517052657,7.4207377433776855,7.4207377433776855,1500,0.0,0.0
2006-08-03 00:00:00-04:00,7.4207377433776855,7.4207377433776855,7.4207377433776855,7.4207377433776855,200,0.0,0.0
2006-08-04 00:00:00-04:00,7.4207377433776855,7.4207377433776855,7.4207377433776855,7.4207377433776855,0,0.0,0.0
2006-08-07 00:00:00-04:00,7.4207377433776855,7.4207377433776855,7.4207377433776855,7.4207377433776855,0,0.0,0.0
2006-08-08 00:00:00-04:00,7.4207377433776855,7.4207377433776855,7.4207377433776855,7.4207377433776855,0,0.0,0.0
2006-08-09 00:00:00-04:00,7.420735116732323,7.420735116732323,6.9952798065534845,7.297056198120117,5300,0.0,0.0
2006-08-10 00:00:00-04:00,7.297056198120117,7.297056198120117,7.297056198120117,7.297056198120117,0,0.0,0.0
2006-08-11 00:00:00-04:00,7.29705985165095,7.3069543965568435,7.099173671511767,7.252535343170166,12200,0.0,0.0
2006-08-14 00:00:00-04:00,7.252534279040144,7.4207377433776855,7.252534279040144,7.4207377433776855,2000,0.0,0.0
2006-08-15 00:00:00-04:00,7.529573917388916,7.529573917388916,7.529573917388916,7.529573917388916,2200,0.0,0.0
2006-08-16 00:00:00-04:00,7.5196808091102305,7.5196808091102305,7.470209507297661,7.475156307220459,1500,0.0,0.0
2006-08-17 00:00:00-04:00,7.470207691192627,7.470207691192627,7.470207691192627,7.470207691192627,1600,0.0,0.0
2006-08-18 00:00:00-04:00,7.4702052588454535,7.668091297149658,7.4702052588454535,7.668091297149658,3000,0.0,0.0
2006-08-21 00:00:00-04:00,7.668093793929806,7.668093793929806,7.470207691192627,7.470207691192627,2300,0.0,0.0
2006-08-22 00:00:00-04:00,7.7917744659268875,7.7917744659268875,7.52957520330384,7.618623733520508,2400,0.0,0.0
2006-08-23 00:00:00-04:00,7.816508794954613,8.068813464065801,7.529573703182914,7.569150924682617,12000,0.0,0.0
2006-08-24 00:00:00-04:00,7.470207691192627,7.470207691192627,7.470207691192627,7.470207691192627,200,0.0,0.0
2006-08-25 00:00:00-04:00,7.648303031921387,7.648303031921387,7.648303031921387,7.648303031921387,200,0.0,0.0
2006-08-28 00:00:00-04:00,7.668091297149658,7.668091297149658,7.668091297149658,7.668091297149658,200,0.0,0.0
2006-08-29 00:00:00-04:00,7.480100631713867,7.480100631713867,7.480100631713867,7.480100631713867,300,0.0,0.0
2006-08-30 00:00:00-04:00,7.631520748138427,7.631520748138427,7.631520748138427,7.631520748138428,0,0.3,0.0
2006-08-31 00:00:00-04:00,7.636567041917093,7.767796993255616,7.636567041917093,7.767796993255615,1100,0.0,0.0
2006-09-01 00:00:00-04:00,7.772843537623083,7.787985787564193,7.596188287110099,7.712275981903076,2000,0.0,0.0
2006-09-05 00:00:00-04:00,7.6062838531412105,7.793033966756589,7.6062838531412105,7.621426105499268,2800,0.0,0.0
2006-09-06 00:00:00-04:00,7.545717716217041,7.545717716217041,7.545717716217041,7.545717716217041,1100,0.0,0.0
2006-09-07 00:00:00-04:00,7.520479679107667,7.520479679107667,7.470006948643801,7.520479679107666,500,0.0,0.0
2006-09-08 00:00:00-04:00,7.520479679107667,7.520479679107667,7.520479679107667,7.520479679107666,0,0.0,0.0
2006-09-11 00:00:00-04:00,7.5002923011779785,7.5002923011779785,7.5002923011779785,7.5002923011779785,700,0.0,0.0
2006-09-12 00:00:00-04:00,7.5002923011779785,7.5002923011779785,7.5002923011779785,7.5002923011779785,0,0.0,0.0
2006-09-13 00:00:00-04:00,7.5002923011779785,7.5002923011779785,7.5002923011779785,7.5002923011779785,0,0.0,0.0
2006-09-14 00:00:00-04:00,7.570955753326415,7.570955753326415,7.570955753326415,7.570955753326416,700,0.0,0.0
2006-09-15 00:00:00-04:00,7.697137392483659,7.697137392483659,7.495245456695556,7.495245456695557,1300,0.0,0.0
2006-09-18 00:00:00-04:00,7.586096587126031,7.586096587126031,7.495245456695556,7.495245456695557,1300,0.0,0.0
2006-09-19 00:00:00-04:00,7.495243554549845,7.570952890919754,7.495243554549845,7.520479679107666,900,0.0,0.0
2006-09-20 00:00:00-04:00,7.6416144371032715,7.6416144371032715,7.6416144371032715,7.6416144371032715,200,0.0,0.0
2006-09-21 00:00:00-04:00,7.48010320050019,7.5204815876578115,7.48010320050019,7.495245456695557,2200,0.0,0.0
2006-09-22 00:00:00-04:00,7.47000503540039,7.515430818127016,7.47000503540039,7.470005035400391,10900,0.0,0.0
2006-09-25 00:00:00-04:00,7.47000503540039,7.475052451558481,7.47000503540039,7.470005035400391,4400,0.0,0.0
2006-09-26 00:00:00-04:00,7.47000503540039,7.475052451558481,7.47000503540039,7.470005035400391,5400,0.0,0.0
2006-09-27 00:00:00-04:00,7.565903663635254,7.565903663635254,7.565903663635254,7.565903663635254,1100,0.0,0.0
2006-09-28 00:00:00-04:00,7.55581283569336,7.55581283569336,7.55581283569336,7.555812835693359,200,0.0,0.0
2006-09-29 00:00:00-04:00,7.565903663635254,7.565903663635254,7.565903663635254,7.565903663635254,100,0.0,0.0
2006-10-02 00:00:00-04:00,7.444773157437642,7.570955753326415,7.444773157437642,7.570955753326416,10500,0.0,0.0
2006-10-03 00:00:00-04:00,7.47000503540039,7.47000503540039,7.449815852116123,7.470005035400391,800,0.0,0.0
2006-10-04 00:00:00-04:00,7.470006941315796,7.470006941315796,7.3690609991388705,7.419533729553223,1400,0.0,0.0
2006-10-05 00:00:00-04:00,7.470007797699727,7.550764560699462,7.470007797699727,7.550764560699463,3900,0.0,0.0
2006-10-06 00:00:00-04:00,7.520479679107667,7.570952890919754,7.520479679107667,7.520479679107666,5200,0.0,0.0
2006-10-09 00:00:00-04:00,7.545717716217041,7.545717716217041,7.545717716217041,7.545717716217041,100,0.0,0.0
2006-10-10 00:00:00-04:00,7.520479495526308,7.999973551991609,7.520479495526308,7.606283664703369,8700,0.0,0.0
2006-10-11 00:00:00-04:00,7.5204774634454,7.525524879409198,7.459909915924072,7.459909915924072,3700,0.0,0.0
2006-10-12 00:00:00-04:00,7.500293326343277,7.570955753326415,7.500293326343277,7.570955753326416,2500,0.0,0.0
2006-10-13 00:00:00-04:00,7.697136402130127,7.697136402130127,7.697136402130127,7.697136402130127,1100,0.0,0.0
2006-10-16 00:00:00-04:00,7.823317050933838,7.823317050933838,7.823317050933838,7.823317050933838,3000,0.0,0.0
2006-10-17 00:00:00-04:00,7.823321383715603,8.02016641762356,7.697138780752448,7.969693183898926,7700,0.0,0.0
2006-10-18 00:00:00-04:00,8.015113620693864,8.015113620693864,7.828363551359612,7.949498653411865,48300,0.0,0.0
2006-10-19 00:00:00-04:00,7.949498653411866,7.949498653411866,7.92426205348062,7.949498653411865,6100,0.0,0.0
2006-10-20 00:00:00-04:00,7.9242658615112305,7.954549892251433,7.9242658615112305,7.9242658615112305,4400,0.0,0.0
2006-10-23 00:00:00-04:00,7.92426254852243,8.428993134634393,7.92426254852243,8.025208473205566,12000,0.0,0.0
2006-10-24 00:00:00-04:00,8.025208473205566,8.025208473205566,8.025208473205566,8.025208473205566,0,0.0,0.0
2006-10-25 00:00:00-04:00,7.92930946973649,7.949498653411866,7.92426205348062,7.949498653411865,5600,0.0,0.0
2006-10-26 00:00:00-04:00,8.025208473205566,8.222053868696927,8.025208473205566,8.025208473205566,5100,0.0,0.0
2006-10-27 00:00:00-04:00,7.999972353045886,8.025208473205566,7.999972353045886,8.025208473205566,700,0.0,0.0
2006-10-30 00:00:00-05:00,8.075680748704217,8.257383873612834,8.075680748704217,8.126153945922852,9700,0.0,0.0
2006-10-31 00:00:00-05:00,8.126153159755496,8.126153159755496,8.060538202258444,8.065585136413574,2700,0.0,0.0
2006-11-01 00:00:00-05:00,8.060543254997839,8.060543254997839,8.050448417663574,8.050448417663574,1700,0.0,0.0
2006-11-02 00:00:00-05:00,8.116059303283691,8.116059303283691,8.116059303283691,8.116059303283691,300,0.0,0.0
2006-11-03 00:00:00-05:00,8.181675607996844,8.191770442461735,8.045398712158203,8.045398712158203,2200,0.0,0.0
2006-11-06 00:00:00-05:00,8.085778049325487,8.171582221984863,8.085778049325487,8.171582221984863,1000,0.0,0.0
2006-11-07 00:00:00-05:00,8.176627244886069,8.630884100113922,8.176627244886069,8.42899227142334,6800,0.0,0.0
2006-11-08 00:00:00-05:00,8.42899227142334,8.42899227142334,8.42899227142334,8.42899227142334,0,0.0,0.0
2006-11-09 00:00:00-05:00,8.42899227142334,8.42899227142334,8.42899227142334,8.42899227142334,0,0.0,0.0
2006-11-10 00:00:00-05:00,8.42899321506079,8.42899321506079,8.353282928466797,8.353282928466797,4700,0.0,0.0
2006-11-13 00:00:00-05:00,8.378521543382332,8.398710250854492,8.378521543382332,8.398710250854492,700,0.0,0.0
2006-11-14 00:00:00-05:00,8.328047752380371,8.328047752380371,8.328047752380371,8.328047752380371,200,0.0,0.0
2006-11-15 00:00:00-05:00,8.060542355819692,8.625840187072754,8.060542355819692,8.625840187072754,1800,0.0,0.0
2006-11-16 00:00:00-05:00,8.605650907679214,8.605650907679214,8.504705429077148,8.504705429077148,2000,0.0,0.0
2006-11-17 00:00:00-05:00,8.555179635759865,8.555179635759865,8.328050598008225,8.403759956359863,5500,0.0,0.0
2006-11-20 00:00:00-05:00,8.277573405122272,8.312904357910156,8.277573405122272,8.312904357910156,2500,0.0,0.0
2006-11-21 00:00:00-05:00,8.252341281722057,8.252341281722057,8.227104187011719,8.227104187011719,1500,0.0,0.0
2006-11-22 00:00:00-05:00,8.227104187011719,8.227104187011719,8.227104187011719,8.227104187011719,0,0.0,0.0
2006-11-24 00:00:00-05:00,8.227104187011719,8.227104187011719,8.227104187011719,8.227104187011719,0,0.0,0.0
2006-11-27 00:00:00-05:00,8.085779190063477,8.085779190063477,8.085779190063477,8.085779190063477,300,0.0,0.0
2006-11-28 00:00:00-05:00,8.126155878195277,8.479466417345094,8.090824920549936,8.328047752380371,1700,0.0,0.0
2006-11-29 00:00:00-05:00,8.328047752380371,8.328047752380371,8.328047752380371,8.328047752380371,0,0.0,0.0
2006-11-30 00:00:00-05:00,8.07568359375,8.07568359375,8.07568359375,8.07568359375,300,0.0,0.0
2006-12-01 00:00:00-05:00,8.075684151514428,8.257387352986406,8.075684151514428,8.22205638885498,1300,0.0,0.0
2006-12-04 00:00:00-05:00,8.075683027925425,8.176629450853067,8.075683027925425,8.156439781188965,1100,0.0,0.0
2006-12-05 00:00:00-05:00,8.07568359375,8.07568359375,8.07568359375,8.07568359375,2800,0.0,0.0
2006-12-06 00:00:00-05:00,8.07568359375,8.07568359375,8.07568359375,8.07568359375,1400,0.0,0.0
2006-12-07 00:00:00-05:00,8.211960026499046,8.211960026499046,8.075682650720996,8.151391983032227,1300,0.0,0.0
2006-12-08 00:00:00-05:00,8.151391983032227,8.151391983032227,8.151391983032227,8.151391983032227,0,0.0,0.0
2006-12-11 00:00:00-05:00,8.07568359375,8.07568359375,8.07568359375,8.07568359375,200,0.0,0.0
2006-12-12 00:00:00-05:00,8.07568359375,8.07568359375,8.07568359375,8.07568359375,1200,0.0,0.0
2006-12-13 00:00:00-05:00,8.267479322726965,8.29776382446289,8.141296786916323,8.29776382446289,2100,0.0,0.0
2006-12-14 00:00:00-05:00,8.201866149902344,8.201866149902344,8.201866149902344,8.201866149902344,300,0.0,0.0
2006-12-15 00:00:00-05:00,8.277573784928562,8.317952156066895,8.277573784928562,8.317952156066895,2100,0.0,0.0
2006-12-18 00:00:00-05:00,8.317952156066895,8.317952156066895,8.317952156066895,8.317952156066895,0,0.0,0.0
2006-12-19 00:00:00-05:00,8.277573585510254,8.277573585510254,8.277573585510254,8.277573585510254,1000,0.0,0.0
2006-12-20 00:00:00-05:00,8.277573585510254,8.277573585510254,8.277573585510254,8.277573585510254,1000,0.0,0.0
2006-12-21 00:00:00-05:00,8.322999000549316,8.322999000549316,8.322999000549316,8.322999000549316,100,0.0,0.0
2006-12-22 00:00:00-05:00,8.33309555053711,8.33309555053711,8.33309555053711,8.33309555053711,200,0.0,0.0
2006-12-26 00:00:00-05:00,8.333097837234982,8.33814525604248,8.277577193049186,8.33814525604248,4000,0.0,0.0
2006-12-27 00:00:00-05:00,8.33814525604248,8.33814525604248,8.33814525604248,8.33814525604248,0,0.0,0.0
2006-12-28 00:00:00-05:00,8.328046827173944,8.454229354858398,8.328046827173944,8.454229354858398,2600,0.0,0.0
2006-12-29 00:00:00-05:00,8.459280014038086,8.459280014038086,8.459280014038086,8.459280014038086,100,0.0,0.0
2007-01-03 00:00:00-05:00,8.353285795720033,8.353285795720033,8.252340316772461,8.252340316772461,3000,0.0,0.0
2007-01-04 00:00:00-05:00,8.242243385697241,8.242243385697241,8.23719596862793,8.23719596862793,200,0.0,0.0
2007-01-05 00:00:00-05:00,8.23719596862793,8.23719596862793,8.23719596862793,8.23719596862793,0,0.0,0.0
2007-01-08 00:00:00-05:00,8.23719596862793,8.23719596862793,8.23719596862793,8.23719596862793,0,0.0,0.0
2007-01-09 00:00:00-05:00,8.156439781188965,8.156439781188965,8.156439781188965,8.156439781188965,700,0.0,0.0
2007-01-10 00:00:00-05:00,8.156439781188965,8.156439781188965,8.156439781188965,8.156439781188965,0,0.0,0.0
2007-01-11 00:00:00-05:00,8.34823721153149,8.34823721153149,8.211959838867188,8.211959838867188,5000,0.0,0.0
2007-01-12 00:00:00-05:00,8.196818180231224,8.434041023254395,8.196818180231224,8.434041023254395,2700,0.0,0.0
2007-01-16 00:00:00-05:00,8.434041023254395,8.434041023254395,8.434041023254395,8.434041023254395,0,0.0,0.0
2007-01-17 00:00:00-05:00,8.403759956359865,8.403759956359865,8.403759956359865,8.403759956359863,500,0.0,0.0
2007-01-18 00:00:00-05:00,8.156442247216226,8.403759999197177,8.156442247216226,8.227104187011719,4400,0.0,0.0
2007-01-19 00:00:00-05:00,8.398712537443526,8.403759956359865,8.398712537443526,8.403759956359863,1300,0.0,0.0
2007-01-22 00:00:00-05:00,8.403761288474492,8.408808708190918,8.323004498405423,8.408808708190918,3400,0.0,0.0
2007-01-23 00:00:00-05:00,8.408808708190918,8.408808708190918,8.408808708190918,8.408808708190918,0,0.0,0.0
2007-01-24 00:00:00-05:00,8.408808708190918,8.408808708190918,8.408808708190918,8.408808708190918,0,0.0,0.0
2007-01-25 00:00:00-05:00,8.227103225013106,8.252340316772461,8.206914514302238,8.252340316772461,1900,0.0,0.0
2007-01-26 00:00:00-05:00,8.25233750310253,8.454229354858398,8.25233750310253,8.454229354858398,800,0.0,0.0
2007-01-29 00:00:00-05:00,8.454229354858398,8.454229354858398,8.454229354858398,8.454229354858398,0,0.0,0.0
2007-01-30 00:00:00-05:00,8.272529407984633,8.378523272855961,8.2573881149292,8.2573881149292,1500,0.0,0.0
2007-01-31 00:00:00-05:00,8.2573881149292,8.2573881149292,8.2573881149292,8.2573881149292,0,0.0,0.0
2007-02-01 00:00:00-05:00,8.27252902748333,8.27252902748333,8.252340316772461,8.252340316772461,500,0.0,0.0
2007-02-02 00:00:00-05:00,8.322999572796224,8.322999572796224,8.317952156066895,8.317952156066895,200,0.0,0.0
2007-02-05 00:00:00-05:00,8.378520965576172,8.378520965576172,8.378520965576172,8.378520965576172,1500,0.0,0.0
2007-02-06 00:00:00-05:00,8.378520965576172,8.378520965576172,8.378520965576172,8.378520965576172,0,0.0,0.0
2007-02-07 00:00:00-05:00,8.27757454316,8.403757084862733,8.252338419898011,8.328047752380371,700,0.0,0.0
2007-02-08 00:00:00-05:00,8.328047752380371,8.328047752380371,8.328047752380371,8.328047752380371,0,0.0,0.0
2007-02-09 00:00:00-05:00,8.403757084862733,8.403757084862733,8.328047752380371,8.328047752380371,6000,0.0,0.0
2007-02-12 00:00:00-05:00,8.328047752380371,8.328047752380371,8.328047752380371,8.328047752380371,0,0.0,0.0
2007-02-13 00:00:00-05:00,8.348236474543729,8.353282928466797,8.322999391446968,8.353282928466797,5200,0.0,0.0
2007-02-14 00:00:00-05:00,8.353282928466797,8.353282928466797,8.353282928466797,8.353282928466797,0,0.0,0.0
2007-02-15 00:00:00-05:00,8.328047188221339,8.449182304526454,8.328047188221339,8.358330726623535,10600,0.0,0.0
2007-02-16 00:00:00-05:00,8.328047752380371,8.328047752380371,8.328047752380371,8.328047752380371,1100,0.0,0.0
2007-02-20 00:00:00-05:00,8.338143541594036,8.580413818359375,8.338143541594036,8.580413818359375,3100,0.0,0.0
2007-02-21 00:00:00-05:00,8.58041225369826,8.58041225369826,8.358330725812273,8.383567810058594,1400,0.0,0.0
2007-02-22 00:00:00-05:00,8.353286729893197,8.49461157146052,8.353286729893197,8.403759956359863,6200,0.0,0.0
2007-02-23 00:00:00-05:00,8.555814345999071,9.057607650756836,8.555814345999071,9.057607650756836,1600,0.07,0.0
2007-02-26 00:00:00-05:00,8.96130398709942,8.96130398709942,8.718010902404785,8.718010902404785,300,0.0,0.0
2007-02-27 00:00:00-05:00,8.74842257062414,8.74842257062414,8.743353843688965,8.743353843688965,700,0.0,0.0
2007-02-28 00:00:00-05:00,8.93596063342156,8.93596063342156,8.743353843688965,8.743353843688965,2600,0.0,0.0
2007-03-01 00:00:00-05:00,8.935963097916812,8.935963097916812,8.88527774810791,8.88527774810791,1100,0.0,0.0
2007-03-02 00:00:00-05:00,8.935962738735377,8.935962738735377,8.758562088012694,8.758562088012695,1400,0.0,0.0
2007-03-05 00:00:00-05:00,8.753492303872862,8.753492303872862,8.74842357635498,8.74842357635498,2100,0.0,0.0
2007-03-06 00:00:00-05:00,8.768696511604029,8.768696511604029,8.743353843688965,8.743353843688965,400,0.0,0.0
2007-03-07 00:00:00-05:00,8.743353843688965,8.743353843688965,8.743353843688965,8.743353843688965,1000,0.0,0.0
2007-03-08 00:00:00-05:00,8.743356905837215,8.763631820678711,8.743356905837215,8.763631820678711,700,0.0,0.0
2007-03-09 00:00:00-05:00,8.870070457458496,8.870070457458496,8.870070457458496,8.870070457458496,100,0.0,0.0
2007-03-12 00:00:00-04:00,8.743353843688965,8.743353843688965,8.743353843688965,8.743353843688965,200,0.0,0.0
2007-03-13 00:00:00-04:00,8.763628751429666,8.763628751429666,8.641981238507087,8.743353843688965,13600,0.0,0.0
2007-03-14 00:00:00-04:00,8.743353843688965,8.74842257062414,8.743353843688965,8.743353843688965,10200,0.0,0.0
2007-03-15 00:00:00-04:00,8.74335590362459,8.758562088012694,8.738287175495223,8.758562088012695,2400,0.0,0.0
2007-03-16 00:00:00-04:00,8.743353843688965,8.74842257062414,8.743353843688965,8.743353843688965,5300,0.0,0.0
2007-03-19 00:00:00-04:00,8.743353843688965,8.743353843688965,8.743353843688965,8.743353843688965,3300,0.0,0.0
2007-03-20 00:00:00-04:00,8.743353843688965,8.743353843688965,8.743353843688965,8.743353843688965,0,0.0,0.0
2007-03-21 00:00:00-04:00,8.743353843688965,8.743353843688965,8.743353843688965,8.743353843688965,300,0.0,0.0
2007-03-22 00:00:00-04:00,8.743353843688965,8.743353843688965,8.743353843688965,8.743353843688965,0,0.0,0.0
2007-03-23 00:00:00-04:00,8.743353843688965,8.743353843688965,8.743353843688965,8.743353843688965,200,0.0,0.0
2007-03-26 00:00:00-04:00,8.743353843688965,8.743353843688965,8.743353843688965,8.743353843688965,6800,0.0,0.0
2007-03-27 00:00:00-04:00,8.743353843688965,8.743353843688965,8.743353843688965,8.743353843688965,2000,0.0,0.0
2007-03-28 00:00:00-04:00,8.743353843688965,8.743353843688965,8.743353843688965,8.743353843688965,0,0.0,0.0
2007-03-29 00:00:00-04:00,8.743353843688965,8.743353843688965,8.743353843688965,8.743353843688965,0,0.0,0.0
2007-03-30 00:00:00-04:00,8.743353843688965,8.743353843688965,8.743353843688965,8.743353843688965,0,0.0,0.0
2007-04-02 00:00:00-04:00,8.743353843688965,8.763628751429666,8.743353843688965,8.743353843688965,5300,0.0,0.0
2007-04-03 00:00:00-04:00,8.743353843688965,8.743353843688965,8.743353843688965,8.743353843688965,0,0.0,0.0
2007-04-04 00:00:00-04:00,8.743353843688965,8.743353843688965,8.743353843688965,8.743353843688965,600,0.0,0.0
2007-04-05 00:00:00-04:00,8.743353843688965,8.743353843688965,8.743353843688965,8.743353843688965,6200,0.0,0.0
2007-04-09 00:00:00-04:00,8.743353843688965,8.743353843688965,8.743353843688965,8.743353843688965,300,0.0,0.0
2007-04-10 00:00:00-04:00,8.743353843688965,8.743353843688965,8.743353843688965,8.743353843688965,1800,0.0,0.0
2007-04-11 00:00:00-04:00,8.743353843688965,8.743353843688965,8.743353843688965,8.743353843688965,0,0.0,0.0
2007-04-12 00:00:00-04:00,8.743353843688965,8.743353843688965,8.743353843688965,8.743353843688965,0,0.0,0.0
2007-04-13 00:00:00-04:00,8.743353843688965,8.743353843688965,8.743353843688965,8.743353843688965,0,0.0,0.0
2007-04-16 00:00:00-04:00,8.743354848837097,8.76362975890863,8.743354848837097,8.74842357635498,5500,0.0,0.0
2007-04-17 00:00:00-04:00,8.743354848837097,8.76362975890863,8.743354848837097,8.74842357635498,600,0.0,0.0
2007-04-18 00:00:00-04:00,8.763628751429666,8.763628751429666,8.743353843688965,8.743353843688965,1200,0.0,0.0
2007-04-19 00:00:00-04:00,8.763628751429666,8.763628751429666,8.743353843688965,8.743353843688965,500,0.0,0.0
2007-04-20 00:00:00-04:00,8.794279098510742,8.794279098510742,8.794279098510742,8.794279098510742,100,0.08,0.0
2007-04-23 00:00:00-04:00,8.784090995788574,8.784090995788574,8.784090995788574,8.784090995788574,7000,0.0,0.0
2007-04-24 00:00:00-04:00,8.784090995788574,8.784090995788574,8.784090995788574,8.784090995788574,4200,0.0,0.0
2007-04-25 00:00:00-04:00,8.784090995788574,8.784090995788574,8.784090995788574,8.784090995788574,1200,0.0,0.0
2007-04-26 00:00:00-04:00,8.784090995788574,8.784090995788574,8.784090995788574,8.784090995788574,178400,0.0,0.0
2007-04-27 00:00:00-04:00,8.784090995788574,8.784090995788574,8.784090995788574,8.784090995788574,0,0.0,0.0
2007-04-30 00:00:00-04:00,9.03361186558181,9.31877634616386,9.03361186558181,9.166009902954102,1500,0.0,0.0
2007-05-01 00:00:00-04:00,9.359514236450195,9.359514236450195,9.359514236450195,9.359514236450195,100,0.0,0.0
2007-05-02 00:00:00-04:00,9.08962631225586,9.08962631225586,9.08962631225586,9.08962631225586,300,0.0,0.0
2007-05-03 00:00:00-04:00,8.982687950134277,8.982687950134277,8.982687950134277,8.982687950134277,300,0.0,0.0
2007-05-04 00:00:00-04:00,8.982687950134277,8.982687950134277,8.982687950134277,8.982687950134277,0,0.0,0.0
2007-05-07 00:00:00-04:00,9.059073371557588,9.125271903037014,8.987781524658203,8.987781524658203,1300,0.0,0.0
2007-05-08 00:00:00-04:00,9.166009902954102,9.166009902954102,9.166009902954102,9.166009902954102,100,0.0,0.0
2007-05-09 00:00:00-04:00,9.166009902954102,9.166009902954102,9.166009902954102,9.166009902954102,0,0.0,0.0
2007-05-10 00:00:00-04:00,8.962320804726856,8.982689210147228,8.901213645935059,8.901213645935059,1400,0.0,0.0
2007-05-11 00:00:00-04:00,8.901213645935059,8.901213645935059,8.901213645935059,8.901213645935059,0,0.0,0.0
2007-05-14 00:00:00-04:00,8.901213645935059,8.901213645935059,8.901213645935059,8.901213645935059,0,0.0,0.0
2007-05-15 00:00:00-04:00,8.835013456683857,8.835013456683857,8.784090995788574,8.784090995788574,500,0.0,0.0
2007-05-16 00:00:00-04:00,8.835016250610352,8.835016250610352,8.835016250610352,8.835016250610352,400,0.0,0.0
2007-05-17 00:00:00-04:00,8.840105799899902,8.855381858282877,8.784090995788574,8.784090995788574,5900,0.0,0.0
2007-05-18 00:00:00-04:00,8.784090995788574,8.809551740603638,8.784090995788574,8.784090995788574,12900,0.0,0.0
2007-05-21 00:00:00-04:00,8.784094006689509,9.038705427173264,8.784094006689509,8.804463386535645,4300,0.0,0.0
2007-05-22 00:00:00-04:00,8.906307778987724,8.906307778987724,8.794279098510742,8.794279098510742,1600,0.0,0.0
2007-05-23 00:00:00-04:00,8.906306704524066,8.911399049103975,8.809554100036621,8.809554100036621,1200,0.0,0.0
2007-05-24 00:00:00-04:00,8.885938297469846,8.885938297469846,8.794278037562309,8.809554100036621,1600,0.0,0.0
2007-05-25 00:00:00-04:00,8.835015822936167,8.835015822936167,8.809554100036621,8.809554100036621,1000,0.0,0.0
2007-05-29 00:00:00-04:00,8.896120902131951,8.911397933959961,8.896120902131951,8.911397933959961,1000,0.0,0.0
2007-05-30 00:00:00-04:00,8.906306266784668,8.906306266784668,8.906306266784668,8.906306266784668,1800,0.0,0.0
2007-05-31 00:00:00-04:00,8.90630367658927,9.038701676858443,8.90630367658927,8.997963905334473,3400,0.0,0.0
2007-06-01 00:00:00-04:00,8.997963905334473,8.997963905334473,8.997963905334473,8.997963905334473,0,0.0,0.0
2007-06-04 00:00:00-04:00,9.038701517451159,9.038701517451159,8.977594375610352,8.977594375610352,1200,0.0,0.0
2007-06-05 00:00:00-04:00,9.00815173183117,9.00815173183117,8.982690008710478,9.003059387207031,600,0.0,0.0
2007-06-06 00:00:00-04:00,8.850290277584163,8.936858177185059,8.829921874230257,8.936858177185059,1800,0.0,0.0
2007-06-07 00:00:00-04:00,8.880844206513432,8.880844206513432,8.743353843688965,8.743353843688965,4800,0.0,0.0
2007-06-08 00:00:00-04:00,8.906303283412937,9.008148193359375,8.906303283412937,9.008148193359375,700,0.0,0.0
2007-06-11 00:00:00-04:00,8.921583738263795,9.03361240522555,8.809554100036621,8.809554100036621,5500,0.0,0.0
2007-06-12 00:00:00-04:00,8.78409038365051,8.804459755095202,8.733167926303866,8.738260269165039,9000,0.0,0.0
2007-06-13 00:00:00-04:00,8.707709406559006,8.779000282287598,8.707709406559006,8.779000282287598,900,0.0,0.0
2007-06-14 00:00:00-04:00,8.722985192695424,8.773907661437988,8.67715603921895,8.773907661437988,700,0.0,0.0
2007-06-15 00:00:00-04:00,8.70770913738232,8.758631606156605,8.529480982304975,8.565126419067383,7400,0.0,0.0
2007-06-18 00:00:00-04:00,8.560030695619753,8.560030695619753,8.504016876220703,8.504016876220703,400,0.0,0.0
2007-06-19 00:00:00-04:00,8.453096000660276,8.453096000660276,8.371620456131051,8.376712799072266,5700,0.0,0.0
2007-06-20 00:00:00-04:00,8.366530418395996,8.366530418395996,8.366530418395996,8.366530418395996,400,0.0,0.0
2007-06-21 00:00:00-04:00,8.361434509726863,8.59567642211914,8.361434509726863,8.59567642211914,2500,0.0,0.0
2007-06-22 00:00:00-04:00,8.549848526577659,8.549848526577659,8.427634239196777,8.427634239196777,600,0.0,0.0
2007-06-25 00:00:00-04:00,8.351252636210644,8.442912883654765,8.351252636210644,8.422544479370117,1300,0.0,0.0
2007-06-26 00:00:00-04:00,8.335977356415246,8.341068729514213,8.274870195308509,8.279962539672852,6400,0.0,0.0
2007-06-27 00:00:00-04:00,8.274870596259037,8.300331348049049,8.26977825164795,8.26977825164795,1200,0.0,0.0
2007-06-28 00:00:00-04:00,8.295239540106632,8.366530418395996,8.249409412273362,8.366530418395996,2400,0.0,0.0
2007-06-29 00:00:00-04:00,8.335979534322627,8.417455122908152,8.259595320166271,8.407270431518555,4100,0.0,0.0
2007-07-02 00:00:00-04:00,8.351253509521484,8.351253509521484,8.351253509521484,8.351253509521484,1000,0.0,0.0
2007-07-03 00:00:00-04:00,8.351253509521484,8.351253509521484,8.351253509521484,8.351253509521484,0,0.0,0.0
2007-07-05 00:00:00-04:00,8.300330668528868,8.325792389499838,8.274869918823242,8.274869918823242,400,0.0,0.0
2007-07-06 00:00:00-04:00,8.274869918823242,8.274869918823242,8.274869918823242,8.274869918823242,0,0.0,0.0
2007-07-09 00:00:00-04:00,8.274871748272613,8.274871748272613,8.203580856323242,8.203580856323242,500,0.0,0.0
2007-07-10 00:00:00-04:00,8.173022744641976,8.173022744641976,8.086455345153809,8.086455345153809,1200,0.0,0.0
2007-07-11 00:00:00-04:00,8.142473220825195,8.142473220825195,8.142473220825195,8.142473220825195,100,0.0,0.0
2007-07-12 00:00:00-04:00,8.142470637237125,8.147562980651855,8.142470637237125,8.147562980651855,800,0.0,0.0
2007-07-13 00:00:00-04:00,8.193393100119238,8.218853845927697,8.147562980651855,8.147562980651855,3000,0.0,0.0
2007-07-16 00:00:00-04:00,8.173022695168449,8.371620178222656,8.173022695168449,8.371620178222656,4600,0.0,0.0
2007-07-17 00:00:00-04:00,8.371620178222656,8.371620178222656,8.371620178222656,8.371620178222656,0,0.0,0.0
2007-07-18 00:00:00-04:00,8.300332069396973,8.300332069396973,8.295240695608838,8.300332069396973,600,0.0,0.0
2007-07-19 00:00:00-04:00,8.300332069396973,8.300332069396973,8.300332069396973,8.300332069396973,0,0.0,0.0
2007-07-20 00:00:00-04:00,8.167932543041584,8.290145874023438,8.167932543041584,8.290145874023438,2500,0.0,0.0
2007-07-23 00:00:00-04:00,8.290147630092298,8.290147630092298,8.203579714234664,8.26977825164795,1400,0.0,0.0
2007-07-24 00:00:00-04:00,8.157747667481317,8.157747667481317,7.954058301585462,8.147562980651855,5900,0.0,0.0
2007-07-25 00:00:00-04:00,8.16291735029907,8.326687812805176,8.16291735029907,8.326687812805176,300,0.08,0.0
2007-07-26 00:00:00-04:00,8.331804571268119,8.429042369780445,8.265272418448202,8.290862083435059,7100,0.0,0.0
2007-07-27 00:00:00-04:00,8.29086376834467,8.32157039642334,8.29086376834467,8.32157039642334,6600,0.0,0.0
2007-07-30 00:00:00-04:00,8.367630301704624,8.393218994140627,8.342040633122576,8.393218994140625,21900,0.0,0.0
2007-07-31 00:00:00-04:00,8.444399190410659,8.444399190410659,8.36763212027254,8.403456687927246,800,0.0,0.0
2007-08-01 00:00:00-04:00,8.367629210528552,8.367629210528552,8.34715747833252,8.34715747833252,18100,0.0,0.0
2007-08-02 00:00:00-04:00,8.321569879085887,8.429043558752829,8.290863252916195,8.326687812805176,3800,0.0,0.0
2007-08-03 00:00:00-04:00,8.306215667695824,8.306215667695824,8.188506126403809,8.188506126403809,17700,0.0,0.0
2007-08-06 00:00:00-04:00,8.111737554155837,8.244800870871943,8.111737554155837,8.13732624053955,2800,0.0,0.0
2007-08-07 00:00:00-04:00,8.188506126403809,8.224330684523466,8.188506126403809,8.188506126403809,800,0.0,0.0
2007-08-08 00:00:00-04:00,7.917260716136612,8.239683151245117,7.917260716136612,8.239683151245117,7600,0.0,0.0
2007-08-09 00:00:00-04:00,8.234568886700723,8.265275520061962,8.045209687395953,8.260157585144043,26600,0.0,0.0
2007-08-10 00:00:00-04:00,8.388101577758789,8.388101577758789,8.388101577758789,8.388101577758789,100,0.0,0.0
2007-08-13 00:00:00-04:00,8.342041969299316,8.342041969299316,8.342041969299316,8.342041969299316,3000,0.0,0.0
2007-08-14 00:00:00-04:00,8.19362405987033,8.19362405987033,8.188506126403809,8.188506126403809,5300,0.0,0.0
2007-08-15 00:00:00-04:00,8.188506126403809,8.188506126403809,8.188506126403809,8.188506126403809,200,0.0,0.0
2007-08-16 00:00:00-04:00,8.111741065979004,8.111741065979004,8.060562694909065,8.111741065979004,1400,0.0,0.0
2007-08-17 00:00:00-04:00,8.060559205242594,8.13732624053955,7.804668436822195,8.13732624053955,3600,0.0,0.0
2007-08-20 00:00:00-04:00,8.188508513649102,8.203862318524855,7.937735557556152,7.937735557556152,3300,0.0,0.0
2007-08-21 00:00:00-04:00,7.937735557556152,7.937735557556152,7.937735557556152,7.937735557556152,0,0.0,0.0
2007-08-22 00:00:00-04:00,7.804668934114518,7.932614326477051,7.804668934114518,7.932614326477051,2600,0.0,0.0
2007-08-23 00:00:00-04:00,7.692078944215362,7.983794850030481,7.676725629616589,7.707432746887207,4900,0.0,0.0
2007-08-24 00:00:00-04:00,7.676724398353285,7.876319408416747,7.676724398353285,7.876319408416748,2000,0.0,0.0
2007-08-27 00:00:00-04:00,7.707433474106364,7.738140106201172,7.707433474106364,7.738140106201172,600,0.0,0.0
2007-08-28 00:00:00-04:00,7.727902383712979,7.733019828796386,7.727902383712979,7.733019828796387,400,0.0,0.0
2007-08-29 00:00:00-04:00,7.733019828796386,7.733019828796386,7.733019828796386,7.733019828796387,0,0.0,0.0
2007-08-30 00:00:00-04:00,7.804671764373778,7.804671764373778,7.804671764373778,7.804671764373779,100,0.0,0.0
2007-08-31 00:00:00-04:00,7.804671764373778,7.804671764373778,7.804671764373778,7.804671764373779,0,0.0,0.0
2007-09-04 00:00:00-04:00,7.927495732539394,7.963320771302907,7.87631787270607,7.958202838897705,2100,0.0,0.0
2007-09-05 00:00:00-04:00,7.881439249158005,7.978678061078547,7.845614680594195,7.937735557556152,1200,0.0,0.0
2007-09-06 00:00:00-04:00,8.183386725499338,8.183386725499338,8.060559272766113,8.060559272766113,900,0.0,0.0
2007-09-07 00:00:00-04:00,8.111737554155837,8.13732624053955,8.086148379699216,8.13732624053955,1400,0.0,0.0
2007-09-10 00:00:00-04:00,8.183390070212639,8.444398880004883,8.183390070212639,8.444398880004883,14800,0.0,0.0
2007-09-11 00:00:00-04:00,8.444398880004883,8.444398880004883,8.444398880004883,8.444398880004883,0,0.0,0.0
2007-09-12 00:00:00-04:00,8.444398880004883,8.444398880004883,8.444398880004883,8.444398880004883,0,0.0,0.0
2007-09-13 00:00:00-04:00,8.1936225219587,8.25503575973794,7.738136778464142,8.13732624053955,1400,0.0,0.0
2007-09-14 00:00:00-04:00,8.362512152029064,8.362512152029064,8.249920541613832,8.357394218444824,300,0.0,0.0
2007-09-17 00:00:00-04:00,8.357394218444824,8.357394218444824,8.357394218444824,8.357394218444824,0,0.0,0.0
2007-09-18 00:00:00-04:00,8.316453371348034,8.316453371348034,8.188507934865756,8.265275001525879,1500,0.0,0.0
2007-09-19 00:00:00-04:00,8.265275001525879,8.265275001525879,8.265275001525879,8.265275001525879,600,0.0,0.0
2007-09-20 00:00:00-04:00,8.265275001525879,8.265275001525879,8.265275001525879,8.265275001525879,0,0.0,0.0
2007-09-21 00:00:00-04:00,8.316449392149483,8.352273941040039,8.316449392149483,8.352273941040039,600,0.0,0.0
2007-09-24 00:00:00-04:00,8.342042465285997,8.352278334966922,8.290865069173899,8.336925506591797,15100,0.0,0.0
2007-09-25 00:00:00-04:00,8.270392936122716,8.270392936122716,8.091269617891392,8.265275001525879,500,0.0,0.0
2007-09-26 00:00:00-04:00,8.30621667589762,8.311334609985352,8.290863849780537,8.311334609985352,400,0.0,0.0
2007-09-27 00:00:00-04:00,8.311334609985352,8.311334609985352,8.311334609985352,8.311334609985352,0,0.0,0.0
2007-09-28 00:00:00-04:00,8.188504589452794,8.188504589452794,7.727901401525237,8.13732624053955,3000,0.0,0.0
2007-10-01 00:00:00-04:00,8.13732624053955,8.13732624053955,8.13732624053955,8.13732624053955,0,0.0,0.0
2007-10-02 00:00:00-04:00,7.988914043797444,8.070799545074276,7.9837965965271,7.9837965965271,1200,0.0,0.0
2007-10-03 00:00:00-04:00,7.9837965965271,7.9837965965271,7.9837965965271,7.9837965965271,0,0.0,0.0
2007-10-04 00:00:00-04:00,8.060559272766113,8.060559272766113,8.060559272766113,8.060559272766113,200,0.0,0.0
2007-10-05 00:00:00-04:00,8.060559272766113,8.060559272766113,8.060559272766113,8.060559272766113,0,0.0,0.0
2007-10-08 00:00:00-04:00,8.060559272766113,8.060559272766113,8.060559272766113,8.060559272766113,0,0.0,0.0
2007-10-09 00:00:00-04:00,8.014499883712848,8.050324440002441,7.932614904723508,8.050324440002441,2900,0.0,0.0
2007-10-10 00:00:00-04:00,8.050324440002441,8.050324440002441,8.050324440002441,8.050324440002441,0,0.0,0.0
2007-10-11 00:00:00-04:00,8.050324440002441,8.050324440002441,8.050324440002441,8.050324440002441,0,0.0,0.0
2007-10-12 00:00:00-04:00,7.953086149470843,8.050324440002441,7.953086149470843,8.050324440002441,300,0.0,0.0
2007-10-15 00:00:00-04:00,8.014499299497402,8.014499299497402,7.932614326477051,7.932614326477051,1600,0.0,0.0
2007-10-16 00:00:00-04:00,7.917260577910687,8.060559272766113,7.917260577910687,8.060559272766113,2100,0.0,0.0
2007-10-17 00:00:00-04:00,8.060559272766113,8.060559272766113,8.060559272766113,8.060559272766113,0,0.0,0.0
2007-10-18 00:00:00-04:00,7.8865557109759425,7.8865557109759425,7.753492355346679,7.75349235534668,300,0.0,0.0
2007-10-19 00:00:00-04:00,7.804670120514147,7.804670120514147,7.497600936936844,7.574368476867676,4600,0.0,0.0
2007-10-22 00:00:00-04:00,7.548780498566311,7.605076313018798,7.548780498566311,7.605076313018799,700,0.0,0.0
2007-10-23 00:00:00-04:00,7.625545189577796,7.932614326477051,7.625545189577796,7.932614326477051,1500,0.0,0.0
2007-10-24 00:00:00-04:00,7.932614326477051,7.932614326477051,7.932614326477051,7.932614326477051,800,0.0,0.0
2007-10-25 00:00:00-04:00,7.932614326477051,7.932614326477051,7.809786866946524,7.932614326477051,10100,0.0,0.0
2007-10-26 00:00:00-04:00,7.9789472708497735,7.984095096588135,7.9789472708497735,7.984095096588135,1400,0.09,0.0
2007-10-29 00:00:00-04:00,7.98409359335548,8.143672233809996,7.978945768586343,8.133377075195312,2900,0.0,0.0
2007-10-30 00:00:00-04:00,8.107639093402385,8.184854507446289,8.107639093402385,8.184854507446289,1100,0.0,0.0
2007-10-31 00:00:00-04:00,8.236328490630326,8.390759257090897,8.236328490630326,8.339282989501953,800,0.0,0.0
2007-11-01 00:00:00-04:00,8.365023612976074,8.365023612976074,8.231183117346799,8.365023612976074,16100,0.0,0.0
2007-11-02 00:00:00-04:00,8.365023612976074,8.365023612976074,8.365023612976074,8.365023612976074,0,0.0,0.0
2007-11-05 00:00:00-05:00,8.365023001811807,8.467977523803711,8.365023001811807,8.467977523803711,34600,0.0,0.0
2007-11-06 00:00:00-05:00,8.46797735150125,8.46797735150125,8.416500091552734,8.416500091552734,2800,0.0,0.0
2007-11-07 00:00:00-05:00,8.416499853967277,8.416499853967277,8.287807198652326,8.318693161010742,1300,0.0,0.0
2007-11-08 00:00:00-05:00,8.35987141775844,8.35987141775844,8.298099517822266,8.298099517822266,500,0.0,0.0
2007-11-09 00:00:00-05:00,8.292953891746528,8.292953891746528,8.26721477508545,8.26721477508545,500,0.0,0.0
2007-11-12 00:00:00-05:00,8.493713682236441,8.493713682236441,8.292953491210938,8.292953491210938,500,0.0,0.0
2007-11-13 00:00:00-05:00,8.287805557250977,8.287805557250977,8.287805557250977,8.287805557250977,1500,0.0,0.0
2007-11-14 00:00:00-05:00,8.287805557250977,8.287805557250977,8.287805557250977,8.287805557250977,0,0.0,0.0
2007-11-15 00:00:00-05:00,8.339286205237707,8.354728698730469,8.29810458617827,8.354728698730469,1200,0.0,0.0
2007-11-16 00:00:00-05:00,8.390763595177937,8.493718147277832,8.390763595177937,8.493718147277832,1600,0.0,0.0
2007-11-19 00:00:00-05:00,8.493718147277832,8.493718147277832,8.493718147277832,8.493718147277832,0,0.0,0.0
2007-11-20 00:00:00-05:00,8.39076042175293,8.39076042175293,8.39076042175293,8.39076042175293,500,0.0,0.0
2007-11-21 00:00:00-05:00,8.313545227050781,8.313545227050781,8.313545227050781,8.313545227050781,600,0.0,0.0
2007-11-23 00:00:00-05:00,8.313545227050781,8.313545227050781,8.313545227050781,8.313545227050781,0,0.0,0.0
2007-11-26 00:00:00-05:00,8.390759072004753,8.390759072004753,7.978943049295958,8.287805557250977,8200,0.0,0.0
2007-11-27 00:00:00-05:00,8.390761818884407,8.49886417388916,8.365023677231791,8.49886417388916,11400,0.0,0.0
2007-11-28 00:00:00-05:00,8.395907402038574,8.395907402038574,8.395907402038574,8.395907402038574,500,0.0,0.0
2007-11-29 00:00:00-05:00,8.39076042175293,8.39076042175293,8.39076042175293,8.39076042175293,2000,0.0,0.0
2007-11-30 00:00:00-05:00,8.390760970654942,8.416500091552734,8.385614128322452,8.416500091552734,16000,0.0,0.0
2007-12-03 00:00:00-05:00,8.488569205521962,8.488569205521962,8.442239761352539,8.442239761352539,15300,0.0,0.0
2007-12-04 00:00:00-05:00,8.442239761352539,8.442239761352539,8.442239761352539,8.442239761352539,0,0.0,0.0
2007-12-05 00:00:00-05:00,8.416500091552734,8.416500091552734,8.416500091552734,8.416500091552734,500,0.0,0.0
2007-12-06 00:00:00-05:00,8.416500091552734,8.416500091552734,8.416500091552734,8.416500091552734,100,0.0,0.0
2007-12-07 00:00:00-05:00,8.442239761352539,8.493717030634926,8.442239761352539,8.442239761352539,2100,0.0,0.0
2007-12-10 00:00:00-05:00,8.442239652959222,8.524602890014648,8.442239652959222,8.524602890014648,500,0.0,0.0
2007-12-11 00:00:00-05:00,8.596669978261636,8.596669978261636,8.54519271850586,8.54519271850586,1600,0.0,0.0
2007-12-12 00:00:00-05:00,8.596670150756836,8.596670150756836,8.545192889968149,8.596670150756836,20100,0.0,0.0
2007-12-13 00:00:00-05:00,8.596670150756836,8.596670150756836,8.596670150756836,8.596670150756836,100,0.0,0.0
2007-12-14 00:00:00-05:00,8.596670150756836,8.596670150756836,8.596670150756836,8.596670150756836,0,0.0,0.0
2007-12-17 00:00:00-05:00,8.596670150756836,8.596670150756836,8.596670150756836,8.596670150756836,0,0.0,0.0
2007-12-18 00:00:00-05:00,8.174559695261376,8.190002680541452,7.850254058837891,7.850254058837891,6600,0.0,0.0
2007-12-19 00:00:00-05:00,8.00468210421238,8.00468210421238,7.927466227606596,7.963500499725342,3200,0.0,0.0
2007-12-20 00:00:00-05:00,7.85025011482476,7.870840915161136,7.85025011482476,7.865693092346191,1400,0.0,0.0
2007-12-21 00:00:00-05:00,7.850250336388354,7.875988960266114,7.850250336388354,7.875988960266113,300,0.0,0.0
2007-12-24 00:00:00-05:00,7.875988960266114,7.875988960266114,7.875988960266114,7.875988960266113,0,0.0,0.0
2007-12-26 00:00:00-05:00,7.875988960266114,7.875988960266114,7.875988960266114,7.875988960266113,0,0.0,0.0
2007-12-27 00:00:00-05:00,7.9532071354382445,7.9532071354382445,7.592867747309948,7.675230979919434,3700,0.0,0.0
2007-12-28 00:00:00-05:00,7.737003514372542,7.737003514372542,7.592867855256784,7.6803789138793945,6200,0.0,0.0
2007-12-31 00:00:00-05:00,7.618603701896029,8.236328220228481,7.618603701896029,8.004681587219238,1200,0.0,0.0
2008-01-02 00:00:00-05:00,7.891433450202045,8.051012556080376,7.489912509918214,7.489912509918213,7200,0.0,0.0
2008-01-03 00:00:00-05:00,7.531096748724893,7.567130547082971,7.5002102851867685,7.500210285186768,1400,0.0,0.0
2008-01-04 00:00:00-05:00,7.500206660935105,7.500206660935105,7.371514025073221,7.4229912757873535,6700,0.0,0.0
2008-01-07 00:00:00-05:00,7.366365501340843,7.366365501340843,7.103832448821776,7.155309200286865,13800,0.0,0.0
2008-01-08 00:00:00-05:00,7.13987019131423,7.206790447235107,7.108984221457604,7.206790447235107,2200,0.0,0.0
2008-01-09 00:00:00-05:00,7.181049655723801,7.289151499613126,7.078095635572894,7.217083930969238,5400,0.0,0.0
2008-01-10 00:00:00-05:00,7.206788754965781,7.206788754965781,6.717756759063522,6.913369655609131,19900,0.0,0.0
2008-01-11 00:00:00-05:00,6.6920175552368155,6.949402845822847,6.66113110436016,6.692017555236816,2700,0.0,0.0
2008-01-14 00:00:00-05:00,6.831007609641273,7.129574584453203,6.794973325837345,7.098688125610352,1100,0.0,0.0
2008-01-15 00:00:00-05:00,7.098688125610351,7.098688125610351,7.098688125610351,7.098688125610352,0,0.0,0.0
2008-01-16 00:00:00-05:00,7.031768638771657,7.3097448348999015,7.031768638771657,7.309744834899902,600,0.0,0.0
2008-01-17 00:00:00-05:00,7.3097448348999015,7.3097448348999015,7.3097448348999015,7.309744834899902,0,0.0,0.0
2008-01-18 00:00:00-05:00,7.38695896624927,7.38695896624927,7.381811141967773,7.381811141967773,200,0.0,0.0
2008-01-22 00:00:00-05:00,7.381811141967773,7.381811141967773,7.381811141967773,7.381811141967773,0,0.0,0.0
2008-01-23 00:00:00-05:00,7.335483471581411,7.335483471581411,7.3097448348999015,7.309744834899902,1500,0.0,0.0
2008-01-24 00:00:00-05:00,7.335482054820531,7.515651985869761,7.335482054820531,7.484765529632568,1700,0.0,0.0
2008-01-25 00:00:00-05:00,7.541390419006348,7.6186063171309,7.541390419006348,7.541390419006348,800,0.0,0.0
2008-01-28 00:00:00-05:00,7.588006019592285,7.588006019592285,7.588006019592285,7.588006019592285,0,0.09,0.0
2008-01-29 00:00:00-05:00,7.588006019592285,7.588006019592285,7.588006019592285,7.588006019592285,0,0.0,0.0
2008-01-30 00:00:00-05:00,7.582823046151218,7.821081161499023,7.582823046151218,7.821081161499023,2500,0.0,0.0
2008-01-31 00:00:00-05:00,7.769287786176128,8.028264045715332,7.769287786176128,8.028264045715332,500,0.0,0.0
2008-02-01 00:00:00-05:00,8.028264045715332,8.028264045715332,8.028264045715332,8.028264045715332,0,0.0,0.0
2008-02-04 00:00:00-05:00,8.121500212097775,8.121500212097775,7.898780345916748,7.898780345916748,300,0.0,0.0
2008-02-05 00:00:00-05:00,7.898780345916748,7.898780345916748,7.898780345916748,7.898780345916748,0,0.0,0.0
2008-02-06 00:00:00-05:00,7.769288534619473,8.116316795349121,7.769288534619473,8.116316795349121,300,0.0,0.0
2008-02-07 00:00:00-05:00,8.116316795349121,8.116316795349121,8.116316795349121,8.116316795349121,0,0.0,0.0
2008-02-08 00:00:00-05:00,7.872878688105347,8.080060005187988,7.852160605792887,8.080060005187988,1300,0.0,0.0
2008-02-11 00:00:00-05:00,8.080060005187988,8.080060005187988,8.080060005187988,8.080060005187988,0,0.0,0.0
2008-02-12 00:00:00-05:00,8.080062327282606,8.080062327282606,7.924676418304443,7.924676418304443,500,0.0,0.0
2008-02-13 00:00:00-05:00,7.924676418304443,7.924676418304443,7.924676418304443,7.924676418304443,0,0.0,0.0
2008-02-14 00:00:00-05:00,8.069704733557627,8.105961272160757,7.696778572360122,7.898780345916748,20000,0.0,0.0
2008-02-15 00:00:00-05:00,7.831442387577299,7.960930523272608,7.831442387577299,7.872878551483154,3400,0.0,0.0
2008-02-19 00:00:00-05:00,7.898775339394936,7.903954982757568,7.898775339394936,7.903954982757568,1300,0.0,0.0
2008-02-20 00:00:00-05:00,7.898774568179991,8.09041690826416,7.846979127526786,8.09041690826416,4100,0.0,0.0
2008-02-21 00:00:00-05:00,7.9246761512815675,8.028266589123788,7.76929024753915,7.85734224319458,13900,0.0,0.0
2008-02-22 00:00:00-05:00,7.769290873375701,8.00236950078533,7.546571043605637,7.64498233795166,2800,0.0,0.0
2008-02-25 00:00:00-05:00,7.64498233795166,7.64498233795166,7.64498233795166,7.64498233795166,0,0.0,0.0
2008-02-26 00:00:00-05:00,7.6760559771110515,7.769287586212158,7.6760559771110515,7.769287586212158,1500,0.0,0.0
2008-02-27 00:00:00-05:00,7.769288764995572,7.981649245538826,7.639800618912313,7.743391036987305,10400,0.0,0.0
2008-02-28 00:00:00-05:00,7.743391036987305,7.743391036987305,7.743391036987305,7.743391036987305,0,0.0,0.0
2008-02-29 00:00:00-05:00,7.743391036987305,7.743391036987305,7.743391036987305,7.743391036987305,0,0.0,0.0
2008-03-03 00:00:00-05:00,7.764107111889569,7.7692867549427715,7.650157928466798,7.650157928466797,1000,0.0,0.0
2008-03-04 00:00:00-05:00,7.650157928466798,7.650157928466798,7.650157928466798,7.650157928466797,0,0.0,0.0
2008-03-05 00:00:00-05:00,7.75375206661592,8.00236912581443,7.406723717682691,7.924676418304443,14600,0.0,0.0
2008-03-06 00:00:00-05:00,7.769287534032408,7.769287534032408,7.696774005889893,7.696774005889893,7500,0.0,0.0
2008-03-07 00:00:00-05:00,7.696774005889893,7.696774005889893,7.696774005889893,7.696774005889893,0,0.0,0.0
2008-03-10 00:00:00-04:00,7.893597293640579,7.893597293640579,7.795186519622803,7.795186519622803,600,0.0,0.0
2008-03-11 00:00:00-04:00,7.753749149347974,7.769287586212158,7.753749149347974,7.769287586212158,400,0.0,0.0
2008-03-12 00:00:00-04:00,7.665700952667602,7.75893211364746,7.665700952667602,7.758932113647461,1300,0.0,0.0
2008-03-13 00:00:00-04:00,7.75893211364746,7.75893211364746,7.75893211364746,7.758932113647461,0,0.0,0.0
2008-03-14 00:00:00-04:00,7.75893211364746,7.75893211364746,7.75893211364746,7.758932113647461,0,0.0,0.0
2008-03-17 00:00:00-04:00,7.75893211364746,7.75893211364746,7.75893211364746,7.758932113647461,0,0.0,0.0
2008-03-18 00:00:00-04:00,7.665699212388757,7.717494180294939,6.836974786308517,7.588006019592285,30300,0.0,0.0
2008-03-19 00:00:00-04:00,7.588004094515079,7.883237361907958,7.53620913974928,7.883237361907959,6400,0.0,0.0
2008-03-20 00:00:00-04:00,7.9246761512815675,7.9246761512815675,7.691597542647027,7.85734224319458,11300,0.0,0.0
2008-03-24 00:00:00-04:00,7.727851425269,7.769287586212158,7.727851425269,7.769287586212158,600,0.0,0.0
2008-03-25 00:00:00-04:00,7.7744677063863765,7.779647350311278,7.7744677063863765,7.779647350311279,1000,0.0,0.0
2008-03-26 00:00:00-04:00,7.779647350311278,7.779647350311278,7.779647350311278,7.779647350311279,0,0.0,0.0
2008-03-27 00:00:00-04:00,7.769287586212158,7.769287586212158,7.769287586212158,7.769287586212158,500,0.0,0.0
2008-03-28 00:00:00-04:00,7.639802932739258,7.639802932739258,7.639802932739258,7.639802932739258,300,0.0,0.0
2008-03-31 00:00:00-04:00,7.639802932739258,7.639802932739258,7.588007461035701,7.639802932739258,2800,0.0,0.0
2008-04-01 00:00:00-04:00,7.588003398314612,7.603542327880859,7.588003398314612,7.603542327880859,4000,0.0,0.0
2008-04-02 00:00:00-04:00,7.603542327880859,7.603542327880859,7.603542327880859,7.603542327880859,0,0.0,0.0
2008-04-03 00:00:00-04:00,7.603542327880859,7.603542327880859,7.603542327880859,7.603542327880859,0,0.0,0.0
2008-04-04 00:00:00-04:00,7.5983653095484005,7.5983653095484005,7.588006019592285,7.588006019592285,500,0.0,0.0
2008-04-07 00:00:00-04:00,7.588006019592285,7.588006019592285,7.588006019592285,7.588006019592285,600,0.0,0.0
2008-04-08 00:00:00-04:00,7.588005501325331,7.588005501325331,7.536210536956788,7.536210536956787,700,0.0,0.0
2008-04-09 00:00:00-04:00,7.588006019592285,7.588006019592285,7.510313320753945,7.588006019592285,6800,0.0,0.0
2008-04-10 00:00:00-04:00,7.613903750524442,7.613903750524442,7.588006019592285,7.588006019592285,800,0.0,0.0
2008-04-11 00:00:00-04:00,7.588006019592285,7.588006019592285,7.588006019592285,7.588006019592285,0,0.0,0.0
2008-04-14 00:00:00-04:00,7.406722545623779,7.406722545623779,7.406722545623779,7.406722545623779,200,0.0,0.0
2008-04-15 00:00:00-04:00,7.58282686857236,7.588006019592285,7.556929137640203,7.588006019592285,1300,0.0,0.0
2008-04-16 00:00:00-04:00,7.562110219142149,7.769291118039924,7.562110219142149,7.639802932739258,5700,0.0,0.0
2008-04-17 00:00:00-04:00,7.639802932739258,7.639802932739258,7.639802932739258,7.639802932739258,0,0.0,0.0
2008-04-18 00:00:00-04:00,7.639802932739258,7.639802932739258,7.639802932739258,7.639802932739258,0,0.0,0.0
2008-04-21 00:00:00-04:00,7.453341960906982,7.453341960906982,7.453341960906982,7.453341960906982,200,0.0,0.0
2008-04-22 00:00:00-04:00,7.251336097717285,7.251336097717285,7.251336097717285,7.251336097717285,500,0.0,0.0
2008-04-23 00:00:00-04:00,7.251336097717285,7.251336097717285,7.251336097717285,7.251336097717285,2200,0.0,0.0
2008-04-24 00:00:00-04:00,7.510310649871827,7.510310649871827,7.510310649871827,7.510310649871826,500,0.0,0.0
2008-04-25 00:00:00-04:00,7.510310649871827,7.510310649871827,7.510310649871827,7.510310649871826,0,0.0,0.0
2008-04-28 00:00:00-04:00,7.562467575073242,7.562467575073242,7.562467575073242,7.562467575073242,0,0.1,0.0
2008-04-29 00:00:00-04:00,7.536388874053954,7.536388874053954,7.536388874053954,7.536388874053955,200,0.0,0.0
2008-04-30 00:00:00-04:00,7.171308040618897,7.171308040618897,7.171308040618897,7.1713080406188965,200,0.0,0.0
2008-05-01 00:00:00-04:00,7.25475484961979,7.306910008526302,7.25475484961979,7.301694393157959,6300,0.0,0.0
2008-05-02 00:00:00-04:00,7.301694393157959,7.306910008526302,7.23910850090322,7.301694393157959,9600,0.0,0.0
2008-05-05 00:00:00-04:00,7.4320807456970215,7.4320807456970215,7.4320807456970215,7.4320807456970215,200,0.0,0.0
2008-05-06 00:00:00-04:00,7.322556357242871,7.322556357242871,7.301694393157959,7.301694393157959,800,0.0,0.0
2008-05-07 00:00:00-04:00,7.301694393157959,7.301694393157959,7.301694393157959,7.301694393157959,1000,0.0,0.0
2008-05-08 00:00:00-04:00,7.301694393157959,7.301694393157959,7.301694393157959,7.301694393157959,0,0.0,0.0
2008-05-09 00:00:00-04:00,7.30169338125254,7.30169338125254,7.223461151123047,7.223461151123047,4000,0.0,0.0
2008-05-12 00:00:00-04:00,7.791947716722889,7.791947716722889,7.228674411773682,7.228674411773682,400,0.0,0.0
2008-05-13 00:00:00-04:00,7.228674411773682,7.228674411773682,7.228674411773682,7.228674411773682,0,0.0,0.0
2008-05-14 00:00:00-04:00,7.228674411773682,7.228674411773682,7.228674411773682,7.228674411773682,0,0.0,0.0
2008-05-15 00:00:00-04:00,7.583329677581788,7.583329677581788,7.583329677581788,7.583329677581787,100,0.0,0.0
2008-05-16 00:00:00-04:00,7.583329677581788,7.583329677581788,7.583329677581788,7.583329677581787,0,0.0,0.0
2008-05-19 00:00:00-04:00,7.3016923160876255,7.692854404449463,7.3016923160876255,7.692854404449463,1300,0.0,0.0
2008-05-20 00:00:00-04:00,7.301694393157959,7.301694393157959,7.301694393157959,7.301694393157959,1000,0.0,0.0
2008-05-21 00:00:00-04:00,7.301694393157959,7.317340741874529,7.301694393157959,7.301694393157959,1000,0.0,0.0
2008-05-22 00:00:00-04:00,7.301694393157959,7.301694393157959,7.301694393157959,7.301694393157959,0,0.0,0.0
2008-05-23 00:00:00-04:00,7.807597643952671,7.807597643952671,7.301694393157959,7.301694393157959,2600,0.0,0.0
2008-05-27 00:00:00-04:00,7.301694393157959,7.301694393157959,7.301694393157959,7.301694393157959,0,0.0,0.0
2008-05-28 00:00:00-04:00,7.166089631948324,7.265184310249336,7.166089631948324,7.249537467956543,2200,0.0,0.0
2008-05-29 00:00:00-04:00,7.249539234251447,7.301694393157959,7.249539234251447,7.301694393157959,1100,0.0,0.0
2008-05-30 00:00:00-04:00,7.301694393157959,7.301694393157959,7.301694393157959,7.301694393157959,0,0.0,0.0
2008-06-02 00:00:00-04:00,7.301692614155847,7.301692614155847,7.249537467956543,7.249537467956543,500,0.0,0.0
2008-06-03 00:00:00-04:00,7.249537467956543,7.249537467956543,7.249537467956543,7.249537467956543,0,0.0,0.0
2008-06-04 00:00:00-04:00,7.249537467956543,7.249537467956543,7.249537467956543,7.249537467956543,0,0.0,0.0
2008-06-05 00:00:00-04:00,7.249537467956543,7.249537467956543,7.249537467956543,7.249537467956543,0,0.0,0.0
2008-06-06 00:00:00-04:00,7.249537467956543,7.249537467956543,7.249537467956543,7.249537467956543,0,0.0,0.0
2008-06-09 00:00:00-04:00,7.301694393157959,7.301694393157959,7.301694393157959,7.301694393157959,200,0.0,0.0
2008-06-10 00:00:00-04:00,7.557251471121532,7.630268573760986,7.557251471121532,7.630268573760986,400,0.0,0.0
2008-06-11 00:00:00-04:00,7.572897730499434,7.823241210488697,7.572897730499434,7.7502241134643555,1400,0.0,0.0
2008-06-12 00:00:00-04:00,7.750224113464355,7.750224113464355,7.750224113464355,7.7502241134643555,0,0.0,0.0
2008-06-13 00:00:00-04:00,7.750224113464355,7.750224113464355,7.750224113464355,7.7502241134643555,0,0.0,0.0
2008-06-16 00:00:00-04:00,7.562467575073242,7.562467575073242,7.562467575073242,7.562467575073242,400,0.0,0.0
2008-06-17 00:00:00-04:00,7.567683189325808,7.567683189325808,7.562467575073242,7.562467575073242,700,0.0,0.0
2008-06-18 00:00:00-04:00,7.421650203194076,7.421650203194076,6.795790813541149,6.962687015533447,3900,0.0,0.0
2008-06-19 00:00:00-04:00,6.962687015533448,6.962687015533448,6.962687015533448,6.962687015533447,0,0.0,0.0
2008-06-20 00:00:00-04:00,7.301694393157959,7.301694393157959,7.286048044441388,7.301694393157959,1300,0.0,0.0
2008-06-23 00:00:00-04:00,7.280830496409581,7.2964768409729,7.280830496409581,7.2964768409729,500,0.0,0.0
2008-06-24 00:00:00-04:00,7.0982890129089355,7.0982890129089355,6.962686511430226,7.0982890129089355,1400,0.0,0.0
2008-06-25 00:00:00-04:00,6.993979711452456,6.993979711452456,6.962687015533448,6.962687015533447,400,0.0,0.0
2008-06-26 00:00:00-04:00,6.973117748376972,6.973117748376972,6.962687015533448,6.962687015533447,1000,0.0,0.0
2008-06-27 00:00:00-04:00,6.93660622593903,6.93660622593903,6.9105286598205575,6.910528659820557,400,0.0,0.0
2008-06-30 00:00:00-04:00,6.9105286598205575,6.9105286598205575,6.9105286598205575,6.910528659820557,0,0.0,0.0
2008-07-01 00:00:00-04:00,6.9105286598205575,6.9105286598205575,6.9105286598205575,6.910528659820557,0,0.0,0.0
2008-07-02 00:00:00-04:00,6.9105286598205575,6.9105286598205575,6.9105286598205575,6.910528659820557,0,0.0,0.0
2008-07-03 00:00:00-04:00,6.9105286598205575,6.9105286598205575,6.9105286598205575,6.910528659820557,0,0.0,0.0
2008-07-07 00:00:00-04:00,6.9105286598205575,6.9105286598205575,6.9105286598205575,6.910528659820557,0,0.0,0.0
2008-07-08 00:00:00-04:00,6.827080846152007,7.280828706015904,6.748848147796588,6.910528659820557,2100,0.0,0.0
2008-07-09 00:00:00-04:00,6.9105286598205575,6.9105286598205575,6.9105286598205575,6.910528659820557,0,0.0,0.0
2008-07-10 00:00:00-04:00,6.733205795288087,6.733205795288087,6.733205795288087,6.733205795288086,400,0.0,0.0
2008-07-11 00:00:00-04:00,6.733205795288087,6.733205795288087,6.733205795288087,6.733205795288086,0,0.0,0.0
2008-07-14 00:00:00-04:00,6.717556034613028,6.717556034613028,6.654970169067384,6.654970169067383,300,0.0,0.0
2008-07-15 00:00:00-04:00,6.597601272259373,6.597601272259373,6.576739311218262,6.576739311218262,1400,0.0,0.0
2008-07-16 00:00:00-04:00,6.576739311218262,6.576739311218262,6.576739311218262,6.576739311218262,0,0.0,0.0
2008-07-17 00:00:00-04:00,6.691479545715756,7.2964768409729,6.691479545715756,7.2964768409729,1200,0.0,0.0
2008-07-18 00:00:00-04:00,6.701910773683519,7.2964768409729,6.701910773683519,7.2964768409729,500,0.0,0.0
2008-07-21 00:00:00-04:00,6.780143677525392,7.301693191181191,6.701911449432372,6.701911449432373,800,0.0,0.0
2008-07-22 00:00:00-04:00,7.3225555419921875,7.3225555419921875,7.3225555419921875,7.3225555419921875,100,0.0,0.0
2008-07-23 00:00:00-04:00,6.863591682759809,7.4320807456970215,6.863591682759809,7.4320807456970215,1100,0.0,0.0
2008-07-24 00:00:00-04:00,7.4320807456970215,7.4320807456970215,7.4320807456970215,7.4320807456970215,0,0.0,0.0
2008-07-25 00:00:00-04:00,7.4320807456970215,7.4320807456970215,7.4320807456970215,7.4320807456970215,0,0.0,0.0
2008-07-28 00:00:00-04:00,7.484605312347412,7.484605312347412,7.484605312347412,7.484605312347412,0,0.1,0.0
2008-07-29 00:00:00-04:00,7.484605312347412,7.484605312347412,7.484605312347412,7.484605312347412,0,0.0,0.0
2008-07-30 00:00:00-04:00,7.484605312347412,7.484605312347412,7.484605312347412,7.484605312347412,0,0.0,0.0
2008-07-31 00:00:00-04:00,7.221987037558594,7.221987037558594,7.148453898305454,7.185220718383789,4000,0.0,0.0
2008-08-01 00:00:00-04:00,7.148453712463378,7.148453712463378,6.749275183633566,7.148453712463379,1800,0.0,0.0
2008-08-04 00:00:00-04:00,6.68624666779328,7.19572516633222,6.6232184773921015,7.185220718383789,700,0.0,0.0
2008-08-05 00:00:00-04:00,7.185220718383789,7.185220718383789,7.185220718383789,7.185220718383789,0,0.0,0.0
2008-08-06 00:00:00-04:00,6.801798343658447,6.801798343658447,6.801798343658447,6.801798343658447,200,0.0,0.0
2008-08-07 00:00:00-04:00,6.801798343658447,6.801798343658447,6.801798343658447,6.801798343658447,0,0.0,0.0
2008-08-08 00:00:00-04:00,6.801798343658447,6.801798343658447,6.801798343658447,6.801798343658447,0,0.0,0.0
2008-08-11 00:00:00-04:00,6.801798343658447,6.801798343658447,6.801798343658447,6.801798343658447,0,0.0,0.0
2008-08-12 00:00:00-04:00,6.5654415156406465,7.1116862297058105,6.5654415156406465,7.1116862297058105,1600,0.0,0.0
2008-08-13 00:00:00-04:00,7.1116862297058105,7.1116862297058105,7.1116862297058105,7.1116862297058105,0,0.0,0.0
2008-08-14 00:00:00-04:00,6.828059164346786,7.348042011260986,6.828059164346786,7.348042011260986,1300,0.0,0.0
2008-08-15 00:00:00-04:00,6.97512275921642,6.97512275921642,6.959365844726562,6.9593658447265625,300,0.0,0.0
2008-08-18 00:00:00-04:00,7.568642139434815,7.568642139434815,7.568642139434815,7.5686421394348145,200,0.0,0.0
2008-08-19 00:00:00-04:00,7.421575453601104,8.030848371082278,7.405818533570648,7.731464385986328,3800,0.0,0.0
2008-08-20 00:00:00-04:00,7.6421723131819554,7.762976169586181,7.6421723131819554,7.762976169586182,500,0.0,0.0
2008-08-21 00:00:00-04:00,7.762976169586181,7.762976169586181,7.762976169586181,7.762976169586182,0,0.0,0.0
2008-08-22 00:00:00-04:00,7.762976169586181,7.762976169586181,7.762976169586181,7.762976169586182,0,0.0,0.0
2008-08-25 00:00:00-04:00,7.694699764204461,7.810251712799072,7.694699764204461,7.810251712799072,200,0.0,0.0
2008-08-26 00:00:00-04:00,7.810251712799072,7.810251712799072,7.810251712799072,7.810251712799072,200,0.0,0.0
2008-08-27 00:00:00-04:00,7.810251712799072,7.810251712799072,7.810251712799072,7.810251712799072,0,0.0,0.0
2008-08-28 00:00:00-04:00,7.405819892883301,7.405819892883301,7.405819892883301,7.405819892883301,200,0.0,0.0
2008-08-29 00:00:00-04:00,7.353296756744386,7.353296756744386,7.353296756744386,7.353296756744385,100,0.0,0.0
2008-09-02 00:00:00-04:00,7.221986707093243,7.24824857711792,7.148453571204849,7.24824857711792,1100,0.0,0.0
2008-09-03 00:00:00-04:00,7.24824857711792,7.24824857711792,7.24824857711792,7.24824857711792,0,0.0,0.0
2008-09-04 00:00:00-04:00,7.090676784515382,7.090676784515382,7.090676784515382,7.090676784515381,100,0.0,0.0
2008-09-05 00:00:00-04:00,7.2482487238957605,7.311276912689208,7.2482487238957605,7.311276912689209,500,0.0,0.0
2008-09-08 00:00:00-04:00,7.353296756744386,7.353296756744386,7.353296756744386,7.353296756744385,2000,0.0,0.0
2008-09-09 00:00:00-04:00,7.353296756744386,7.353296756744386,7.353296756744386,7.353296756744385,0,0.0,0.0
2008-09-10 00:00:00-04:00,7.353298036405358,7.6421777023020185,7.353298036405358,7.453092575073242,2100,0.0,0.0
2008-09-11 00:00:00-04:00,7.521368026733398,7.521368026733398,7.521368026733398,7.521368026733398,100,0.0,0.0
2008-09-12 00:00:00-04:00,7.405819892883301,7.405819892883301,7.405819892883301,7.405819892883301,100,0.0,0.0
2008-09-15 00:00:00-04:00,7.363799714426368,7.615912437438966,6.980377655382059,7.615912437438965,1900,0.0,0.0
2008-09-16 00:00:00-04:00,7.615912437438966,7.615912437438966,7.615912437438966,7.615912437438965,0,0.0,0.0
2008-09-17 00:00:00-04:00,6.95936595531013,6.95936595531013,6.933104096807547,6.954113483428955,1200,0.0,0.0
2008-09-18 00:00:00-04:00,6.954113483428955,6.954113483428955,6.954113483428955,6.954113483428955,0,0.0,0.0
2008-09-19 00:00:00-04:00,7.353294608576675,7.600155353546143,7.353294608576675,7.600155353546143,200,0.0,0.0
2008-09-22 00:00:00-04:00,7.353296756744386,7.353296756744386,7.353296756744386,7.353296756744385,400,0.0,0.0
2008-09-23 00:00:00-04:00,7.353296756744386,7.353296756744386,7.353296756744386,7.353296756744385,0,0.0,0.0
2008-09-24 00:00:00-04:00,7.353296756744386,7.353296756744386,7.353296756744386,7.353296756744385,0,0.0,0.0
2008-09-25 00:00:00-04:00,7.353296756744386,7.353296756744386,7.353296756744386,7.353296756744385,0,0.0,0.0
2008-09-26 00:00:00-04:00,7.353296756744386,7.353296756744386,7.353296756744386,7.353296756744385,0,0.0,0.0
2008-09-29 00:00:00-04:00,6.959365844726562,6.959365844726562,6.959365844726562,6.9593658447265625,1300,0.0,0.0
2008-09-30 00:00:00-04:00,6.906842128555993,6.959365844726562,6.906842128555993,6.9593658447265625,1500,0.0,0.0
2008-10-01 00:00:00-04:00,6.959365844726562,6.959365844726562,6.959365844726562,6.9593658447265625,100,0.0,0.0
2008-10-02 00:00:00-04:00,6.959365844726562,6.959365844726562,6.959365844726562,6.9593658447265625,800,0.0,0.0
2008-10-03 00:00:00-04:00,6.959365844726562,6.959365844726562,6.959365844726562,6.9593658447265625,300,0.0,0.0
2008-10-06 00:00:00-04:00,6.565439476157134,6.959365844726562,6.318578811600707,6.9593658447265625,1800,0.0,0.0
2008-10-07 00:00:00-04:00,6.565443878592611,6.828061633736316,6.565443878592611,6.5706963539123535,11100,0.0,0.0
2008-10-08 00:00:00-04:00,6.565440654754638,6.565440654754638,6.565440654754638,6.565440654754639,700,0.0,0.0
2008-10-09 00:00:00-04:00,6.565440654754638,6.943610176721449,6.565440654754638,6.565440654754639,2200,0.0,0.0
2008-10-10 00:00:00-04:00,6.176765459506802,6.8228044509887695,5.646277839912218,6.8228044509887695,800,0.0,0.0
2008-10-13 00:00:00-04:00,6.302821997262004,6.95936595531013,5.798596217444912,6.954113483428955,700,0.0,0.0
2008-10-14 00:00:00-04:00,6.954113483428955,6.954113483428955,6.954113483428955,6.954113483428955,0,0.0,0.0
2008-10-15 00:00:00-04:00,6.696751539587996,6.933107376098632,6.696751539587996,6.933107376098633,700,0.0,0.0
2008-10-16 00:00:00-04:00,5.956167512987272,6.654730319976807,5.940410596539565,6.654730319976807,500,0.0,0.0
2008-10-17 00:00:00-04:00,5.803849132374729,6.927852153778076,5.798596660092597,6.927852153778076,2300,0.0,0.0
2008-10-20 00:00:00-04:00,5.777588550861066,6.828059196472168,5.262858174945275,6.828059196472168,3800,0.0,0.0
2008-10-21 00:00:00-04:00,5.824859102616756,6.040205478668213,5.278614453277679,6.040205478668213,800,0.0,0.0
2008-10-22 00:00:00-04:00,6.040205478668213,6.040205478668213,6.040205478668213,6.040205478668213,0,0.0,0.0
2008-10-23 00:00:00-04:00,5.56749650125455,5.8826375007629395,5.56749650125455,5.8826375007629395,300,0.0,0.0
2008-10-24 00:00:00-04:00,5.1420549001603915,5.777589797973633,4.926708451471396,5.777589797973633,1200,0.0,0.0
2008-10-27 00:00:00-04:00,6.01919793380482,6.01919793380482,4.947717696939731,5.646280765533447,3400,0.0,0.0
2008-10-28 00:00:00-04:00,5.842813267427331,6.772351741790771,5.842813267427331,6.7723517417907715,400,0.12,0.0
2008-10-29 00:00:00-04:00,6.772351741790771,6.772351741790771,6.772351741790771,6.7723517417907715,0,0.0,0.0
2008-10-30 00:00:00-04:00,6.108395688674029,6.772351741790771,6.108395688674029,6.7723517417907715,300,0.0,0.0
2008-10-31 00:00:00-04:00,6.772351741790771,6.772351741790771,6.772351741790771,6.7723517417907715,0,0.0,0.0
2008-11-03 00:00:00-05:00,6.772351741790771,6.772351741790771,6.772351741790771,6.7723517417907715,0,0.0,0.0
2008-11-04 00:00:00-05:00,6.639557817707891,6.639557817707891,6.108393192291259,6.10839319229126,300,0.0,0.0
2008-11-05 00:00:00-05:00,6.097769737243652,6.097769737243652,6.081834940106763,6.097769737243652,600,0.0,0.0
2008-11-06 00:00:00-05:00,5.8428119376930425,5.8428119376930425,5.7896952629089355,5.7896952629089355,600,0.0,0.0
2008-11-07 00:00:00-05:00,5.842811107635498,5.842811107635498,5.842811107635498,5.842811107635498,1000,0.0,0.0
2008-11-10 00:00:00-05:00,5.178856502942071,5.327582496574881,4.918585887445104,5.306335926055908,4100,0.0,0.0
2008-11-11 00:00:00-05:00,5.046064669441942,5.322270557654037,5.046064669441942,5.301023483276367,1400,0.0,0.0
2008-11-12 00:00:00-05:00,5.290399606157762,5.555981914686649,5.046063862048863,5.550670146942139,7900,0.0,0.0
2008-11-13 00:00:00-05:00,5.194790319567714,5.577229022979736,5.194790319567714,5.577229022979736,400,0.0,0.0
2008-11-14 00:00:00-05:00,5.784382343292236,5.784382343292236,5.784382343292236,5.784382343292236,500,0.0,0.0
2008-11-17 00:00:00-05:00,5.571917084978343,5.571917084978343,5.338204860687256,5.338204860687256,700,0.0,0.0
2008-11-18 00:00:00-05:00,5.524112224578858,5.524112224578858,5.524112224578858,5.524112224578857,100,0.0,0.0
2008-11-19 00:00:00-05:00,5.524112224578858,5.524112224578858,5.524112224578858,5.524112224578857,0,0.0,0.0
2008-11-20 00:00:00-05:00,5.571917254717239,5.577229022979736,5.571917254717239,5.577229022979736,1400,0.0,0.0
2008-11-21 00:00:00-05:00,5.577228579019041,5.725954532623291,5.25852960045187,5.725954532623291,10100,0.0,0.0
2008-11-24 00:00:00-05:00,5.4603728730435925,5.768448352813721,5.444438074174965,5.768448352813721,5300,0.0,0.0
2008-11-25 00:00:00-05:00,5.768448352813721,5.768448352813721,5.768448352813721,5.768448352813721,0,0.0,0.0
2008-11-26 00:00:00-05:00,5.768448352813721,5.768448352813721,5.768448352813721,5.768448352813721,0,0.0,0.0
2008-11-28 00:00:00-05:00,5.587850193225082,6.018093109130859,5.524110014183297,6.018093109130859,4700,0.0,0.0
2008-12-01 00:00:00-05:00,5.577227083158443,5.943730354309082,5.577227083158443,5.943730354309082,400,0.0,0.0
2008-12-02 00:00:00-05:00,6.092458724975585,6.092458724975585,6.092458724975585,6.092458724975586,100,0.0,0.0
2008-12-03 00:00:00-05:00,6.108393192291259,6.108393192291259,6.108393192291259,6.10839319229126,300,0.0,0.0
2008-12-04 00:00:00-05:00,6.108392182454163,6.352727890014648,6.108392182454163,6.352727890014648,5400,0.0,0.0
2008-12-05 00:00:00-05:00,6.352727890014648,6.352727890014648,6.352727890014648,6.352727890014648,0,0.0,0.0
2008-12-08 00:00:00-05:00,6.373975621519189,6.411156983879468,6.1296398690986305,6.320858955383301,2300,0.0,0.0
2008-12-09 00:00:00-05:00,5.975601673126222,5.975601673126222,5.975601673126222,5.975601673126221,100,0.0,0.0
2008-12-10 00:00:00-05:00,6.623622417449951,6.623622417449951,6.623622417449951,6.623622417449951,100,0.0,0.0
2008-12-11 00:00:00-05:00,6.623622417449951,6.623622417449951,6.623622417449951,6.623622417449951,0,0.0,0.0
2008-12-12 00:00:00-05:00,5.975602085585388,6.517390251159668,5.8428109281279355,6.517390251159668,1100,0.0,0.0
2008-12-15 00:00:00-05:00,6.517390251159668,6.517390251159668,6.517390251159668,6.517390251159668,0,0.0,0.0
2008-12-16 00:00:00-05:00,6.347415924072266,6.347415924072266,6.347415924072266,6.347415924072266,100,0.0,0.0
2008-12-17 00:00:00-05:00,6.559882164001465,6.559882164001465,6.559882164001465,6.559882164001465,100,0.0,0.0
2008-12-18 00:00:00-05:00,6.559882164001465,6.559882164001465,6.559882164001465,6.559882164001465,0,0.0,0.0
2008-12-19 00:00:00-05:00,6.060589790344238,6.060589790344238,6.060589790344238,6.060589790344238,200,0.0,0.0
2008-12-22 00:00:00-05:00,6.055278301239014,6.055278301239014,6.055278301239014,6.055278301239014,200,0.0,0.0
2008-12-23 00:00:00-05:00,6.612999439239501,6.612999439239501,6.612999439239501,6.612999439239502,100,0.0,0.0
2008-12-24 00:00:00-05:00,6.612999439239501,6.612999439239501,6.612999439239501,6.612999439239502,0,0.0,0.0
2008-12-26 00:00:00-05:00,6.612999439239501,6.612999439239501,6.612999439239501,6.612999439239502,0,0.0,0.0
2008-12-29 00:00:00-05:00,5.577228761551318,6.076523303985596,5.577228761551318,6.076523303985596,2100,0.0,0.0
2008-12-30 00:00:00-05:00,5.577228693008789,5.603787026191873,5.311646374294084,5.59316349029541,2700,0.0,0.0
2008-12-31 00:00:00-05:00,5.662215156832852,5.662215156832852,5.524112224578858,5.524112224578857,15700,0.0,0.0
2009-01-02 00:00:00-05:00,5.524112224578858,5.524112224578858,5.524112224578858,5.524112224578857,0,0.0,0.0
2009-01-05 00:00:00-05:00,5.704707967822683,5.7365780683026255,5.63034524429959,5.725954532623291,3000,0.0,0.0
2009-01-06 00:00:00-05:00,5.725954532623291,5.725954532623291,5.725954532623291,5.725954532623291,0,0.0,0.0
2009-01-07 00:00:00-05:00,5.837498664855958,5.837498664855958,5.837498664855958,5.837498664855957,100,0.0,0.0
2009-01-08 00:00:00-05:00,5.837498664855958,5.837498664855958,5.837498664855958,5.837498664855957,0,0.0,0.0
2009-01-09 00:00:00-05:00,5.837498664855958,5.837498664855958,5.837498664855958,5.837498664855957,0,0.0,0.0
2009-01-12 00:00:00-05:00,5.837498664855958,5.837498664855958,5.837498664855958,5.837498664855957,0,0.0,0.0
2009-01-13 00:00:00-05:00,5.837498664855958,5.837498664855958,5.837498664855958,5.837498664855957,0,0.0,0.0
2009-01-14 00:00:00-05:00,5.837498664855958,5.837498664855958,5.837498664855958,5.837498664855957,0,0.0,0.0
2009-01-15 00:00:00-05:00,5.837498664855958,5.837498664855958,5.837498664855958,5.837498664855957,0,0.0,0.0
2009-01-16 00:00:00-05:00,5.837498664855958,5.837498664855958,5.837498664855958,5.837498664855957,0,0.0,0.0
2009-01-20 00:00:00-05:00,5.322270100894516,5.524112224578858,5.258529896347988,5.524112224578857,500,0.0,0.0
2009-01-21 00:00:00-05:00,5.524112224578858,5.524112224578858,5.524112224578858,5.524112224578857,0,0.0,0.0
2009-01-22 00:00:00-05:00,5.524112224578858,5.524112224578858,5.524112224578858,5.524112224578857,0,0.0,0.0
2009-01-23 00:00:00-05:00,5.513489723205566,5.513489723205566,5.513489723205566,5.513489723205566,600,0.0,0.0
2009-01-26 00:00:00-05:00,5.513489723205566,5.513489723205566,5.513489723205566,5.513489723205566,0,0.0,0.0
2009-01-27 00:00:00-05:00,5.513489723205566,5.513489723205566,5.513489723205566,5.513489723205566,0,0.0,0.0
2009-01-28 00:00:00-05:00,5.642459770288812,5.895027160644531,5.642459770288812,5.895027160644531,200,0.12,0.0
2009-01-29 00:00:00-05:00,5.3683977127075195,5.379145501913883,5.126578092875097,5.3683977127075195,2200,0.0,0.0
2009-01-30 00:00:00-05:00,5.201810793814318,5.33078118230159,4.868637033980815,5.309286117553711,2100,0.0,0.0
2009-02-02 00:00:00-05:00,5.019102434242677,5.223305803433677,4.911627111637614,4.970738410949707,1200,0.0,0.0
2009-02-03 00:00:00-05:00,5.320034027099609,5.320034027099609,5.320034027099609,5.320034027099609,100,0.0,0.0
2009-02-04 00:00:00-05:00,5.320034027099609,5.320034027099609,5.320034027099609,5.320034027099609,0,0.0,0.0
2009-02-05 00:00:00-05:00,5.357649803161621,5.357649803161621,5.357649803161621,5.357649803161621,100,0.0,0.0
2009-02-06 00:00:00-05:00,5.357649803161621,5.357649803161621,5.357649803161621,5.357649803161621,0,0.0,0.0
2009-02-09 00:00:00-05:00,5.105084536412125,5.115832328796387,4.970740206506543,5.115832328796387,1000,0.0,0.0
2009-02-10 00:00:00-05:00,5.105082035064697,5.11045592862377,5.105082035064697,5.105082035064697,700,0.0,0.0
2009-02-11 00:00:00-05:00,5.46512508392334,5.46512508392334,5.46512508392334,5.46512508392334,200,0.0,0.0
2009-02-12 00:00:00-05:00,5.46512508392334,5.46512508392334,5.46512508392334,5.46512508392334,0,0.0,0.0
2009-02-13 00:00:00-05:00,5.115830527567249,5.642459869384766,5.115830527567249,5.642459869384766,300,0.0,0.0
2009-02-17 00:00:00-05:00,5.3522764865777,5.760683247547423,5.126578040383,5.626338958740234,800,0.0,0.0
2009-02-18 00:00:00-05:00,5.406014407093692,5.626338958740234,5.406014407093692,5.626338958740234,200,0.0,0.0
2009-02-19 00:00:00-05:00,5.626338958740234,5.626338958740234,5.626338958740234,5.626338958740234,0,0.0,0.0
2009-02-20 00:00:00-05:00,5.373771951608829,5.373771951608829,4.847142546342922,5.320034027099609,800,0.0,0.0
2009-02-23 00:00:00-05:00,5.3522756432191585,5.3522756432191585,5.105082170264917,5.298537731170654,300,0.0,0.0
2009-02-24 00:00:00-05:00,5.352275334830361,5.352275334830361,4.5838260042201,4.836393356323242,3500,0.0,0.0
2009-02-25 00:00:00-05:00,4.95999062244782,4.970738410949707,4.95999062244782,4.970738410949707,300,0.0,0.0
2009-02-26 00:00:00-05:00,4.970738410949707,4.970738410949707,4.970738410949707,4.970738410949707,0,0.0,0.0
2009-02-27 00:00:00-05:00,5.088960647583008,5.088960647583008,5.088960647583008,5.088960647583008,100,0.0,0.0
2009-03-02 00:00:00-05:00,5.045969230725555,5.045969230725555,4.916998386383057,4.916998386383057,200,0.0,0.0
2009-03-03 00:00:00-05:00,5.099708557128906,5.099708557128906,5.099708557128906,5.099708557128906,300,0.0,0.0
2009-03-04 00:00:00-05:00,5.035222956244835,5.105082035064697,5.035222956244835,5.105082035064697,200,0.0,0.0
2009-03-05 00:00:00-05:00,5.105082035064697,5.105082035064697,5.105082035064697,5.105082035064697,100,0.0,0.0
2009-03-06 00:00:00-05:00,4.707423520034101,5.099708557128906,4.3043906949452095,5.099708557128906,2100,0.0,0.0
2009-03-09 00:00:00-04:00,4.299015413456546,4.836392340138614,4.191540130616647,4.831018447875977,1000,0.0,0.0
2009-03-10 00:00:00-04:00,4.831018447875977,4.831018447875977,4.831018447875977,4.831018447875977,0,0.0,0.0
2009-03-11 00:00:00-04:00,4.8202714920043945,4.8202714920043945,4.8202714920043945,4.8202714920043945,100,0.0,0.0
2009-03-12 00:00:00-04:00,4.702049732208252,4.702049732208252,4.702049732208252,4.702049732208252,100,0.0,0.0
2009-03-13 00:00:00-04:00,4.81489894628056,4.81489894628056,4.702049732208252,4.702049732208252,400,0.0,0.0
2009-03-16 00:00:00-04:00,4.702049732208252,4.702049732208252,4.702049732208252,4.702049732208252,0,0.0,0.0
2009-03-17 00:00:00-04:00,4.814897060394287,4.814897060394287,4.814897060394287,4.814897060394287,100,0.0,0.0
2009-03-18 00:00:00-04:00,4.820271845313675,4.831019118849051,4.809524059295654,4.809524059295654,900,0.0,0.0
2009-03-19 00:00:00-04:00,4.836393356323242,4.836393356323242,4.836393356323242,4.836393356323242,1000,0.0,0.0
2009-03-20 00:00:00-04:00,4.836393356323242,4.836393356323242,4.836393356323242,4.836393356323242,0,0.0,0.0
2009-03-23 00:00:00-04:00,4.831019322818856,5.045970439910889,4.831019322818856,5.045970439910889,5200,0.0,0.0
2009-03-24 00:00:00-04:00,5.105082035064697,5.105082035064697,5.105082035064697,5.105082035064697,400,0.0,0.0
2009-03-25 00:00:00-04:00,5.105082035064697,5.105082035064697,5.105082035064697,5.105082035064697,100,0.0,0.0
2009-03-26 00:00:00-04:00,5.105082035064697,5.105082035064697,5.105082035064697,5.105082035064697,0,0.0,0.0
2009-03-27 00:00:00-04:00,4.60532234734188,5.088962125100272,4.540837146137325,4.567706108093262,1300,0.0,0.0
2009-03-30 00:00:00-04:00,5.293164253234863,5.293164253234863,5.293164253234863,5.293164253234863,100,0.0,0.0
2009-03-31 00:00:00-04:00,5.293164253234863,5.293164253234863,5.293164253234863,5.293164253234863,0,0.0,0.0
2009-04-01 00:00:00-04:00,5.293164253234863,5.293164253234863,5.293164253234863,5.293164253234863,0,0.0,0.0
2009-04-02 00:00:00-04:00,5.357649803161621,5.357649803161621,5.357649803161621,5.357649803161621,100,0.0,0.0
2009-04-03 00:00:00-04:00,5.373771667480469,5.373771667480469,5.373771667480469,5.373771667480469,1500,0.0,0.0
2009-04-06 00:00:00-04:00,4.911626889752664,5.642459562934159,4.911626889752664,5.432882308959961,2600,0.0,0.0
2009-04-07 00:00:00-04:00,4.949243215253368,5.588721752166749,4.949243215253368,5.588721752166748,700,0.0,0.0
2009-04-08 00:00:00-04:00,5.588721752166749,5.588721752166749,5.588721752166749,5.588721752166748,0,0.0,0.0
2009-04-09 00:00:00-04:00,5.588721752166749,5.588721752166749,5.588721752166749,5.588721752166748,0,0.0,0.0
2009-04-13 00:00:00-04:00,5.588721752166749,5.588721752166749,5.588721752166749,5.588721752166748,0,0.0,0.0
2009-04-14 00:00:00-04:00,5.196435951719796,5.508114589957819,4.530088553589033,5.088960647583008,7600,0.0,0.0
2009-04-15 00:00:00-04:00,5.088960647583008,5.088960647583008,5.088960647583008,5.088960647583008,0,0.0,0.0
2009-04-16 00:00:00-04:00,5.341528458434145,5.341528458434145,4.933122228224451,5.309286117553711,400,0.0,0.0
2009-04-17 00:00:00-04:00,5.320032676343125,5.320032676343125,5.142698287963867,5.142698287963867,400,0.0,0.0
2009-04-20 00:00:00-04:00,5.142698287963867,5.142698287963867,5.142698287963867,5.142698287963867,0,0.0,0.0
2009-04-21 00:00:00-04:00,5.142698287963867,5.142698287963867,5.142698287963867,5.142698287963867,0,0.0,0.0
2009-04-22 00:00:00-04:00,5.158819254589012,5.234051704406738,5.153445361749852,5.234051704406738,4300,0.0,0.0
2009-04-23 00:00:00-04:00,5.234051704406738,5.234051704406738,5.234051704406738,5.234051704406738,0,0.0,0.0
2009-04-24 00:00:00-04:00,5.234051704406738,5.234051704406738,5.234051704406738,5.234051704406738,0,0.0,0.0
2009-04-27 00:00:00-04:00,5.234051704406738,5.234051704406738,5.234051704406738,5.234051704406738,0,0.0,0.0
2009-04-28 00:00:00-04:00,5.299342632293701,5.299342632293701,5.299342632293701,5.299342632293701,0,0.12,0.0
2009-04-29 00:00:00-04:00,5.299342632293701,5.299342632293701,5.299342632293701,5.299342632293701,0,0.0,0.0
2009-04-30 00:00:00-04:00,5.299342632293701,5.299342632293701,5.299342632293701,5.299342632293701,0,0.0,0.0
2009-05-01 00:00:00-04:00,5.299342632293701,5.299342632293701,5.299342632293701,5.299342632293701,0,0.0,0.0
2009-05-04 00:00:00-04:00,5.152441024780273,5.152441024780273,5.152441024780273,5.152441024780273,400,0.0,0.0
2009-05-05 00:00:00-04:00,5.152441024780273,5.152441024780273,5.152441024780273,5.152441024780273,0,0.0,0.0
2009-05-06 00:00:00-04:00,5.152441024780273,5.152441024780273,5.152441024780273,5.152441024780273,0,0.0,0.0
2009-05-07 00:00:00-04:00,5.152441024780273,5.152441024780273,5.152441024780273,5.152441024780273,0,0.0,0.0
2009-05-08 00:00:00-04:00,5.152441024780273,5.152441024780273,5.152441024780273,5.152441024780273,0,0.0,0.0
2009-05-11 00:00:00-04:00,5.152441024780273,5.152441024780273,5.152441024780273,5.152441024780273,0,0.0,0.0
2009-05-12 00:00:00-04:00,5.092591854606588,5.1687632898842555,4.787907151246822,5.152441024780273,900,0.0,0.0
2009-05-13 00:00:00-04:00,5.152441024780273,5.152441024780273,5.152441024780273,5.152441024780273,0,0.0,0.0
2009-05-14 00:00:00-04:00,5.152441024780273,5.152441024780273,5.152441024780273,5.152441024780273,0,0.0,0.0
2009-05-15 00:00:00-04:00,5.163323402404785,5.168764331494387,4.896724103520998,5.163323402404785,3700,0.0,0.0
2009-05-18 00:00:00-04:00,5.168764071223781,5.168764071223781,5.157882213592529,5.157882213592529,1000,0.0,0.0
2009-05-19 00:00:00-04:00,4.760702610015869,4.760702610015869,4.760702610015869,4.760702610015869,1000,0.0,0.0
2009-05-20 00:00:00-04:00,4.760702535267766,5.261256443343094,4.760702535267766,5.065387725830078,900,0.0,0.0
2009-05-21 00:00:00-04:00,5.065387725830078,5.065387725830078,5.065387725830078,5.065387725830078,0,0.0,0.0
2009-05-22 00:00:00-04:00,5.065387725830078,5.065387725830078,5.065387725830078,5.065387725830078,0,0.0,0.0
2009-05-26 00:00:00-04:00,5.304783777702109,5.304783777702109,5.054506778717041,5.054506778717041,400,0.0,0.0
2009-05-27 00:00:00-04:00,5.070828828160587,5.070828828160587,5.032743368707814,5.059947490692139,500,0.0,0.0
2009-05-28 00:00:00-04:00,5.049065634348221,5.059947490692139,5.049065634348221,5.059947490692139,400,0.0,0.0
2009-05-29 00:00:00-04:00,5.059947490692139,5.059947490692139,5.059947490692139,5.059947490692139,0,0.0,0.0
2009-06-01 00:00:00-04:00,4.8967228966790275,5.032742977142334,4.624682735752415,5.032742977142334,5000,0.0,0.0
2009-06-02 00:00:00-04:00,4.6246845261977505,5.043626785278319,4.6246845261977505,5.04362678527832,27100,0.0,0.0
2009-06-03 00:00:00-04:00,5.043626785278319,5.043626785278319,5.043626785278319,5.04362678527832,0,0.0,0.0
2009-06-04 00:00:00-04:00,4.624683095569342,5.059947490692139,4.624683095569342,5.059947490692139,1300,0.0,0.0
2009-06-05 00:00:00-04:00,5.059947490692139,5.059947490692139,5.059947490692139,5.059947490692139,0,0.0,0.0
2009-06-08 00:00:00-04:00,5.059947490692139,5.059947490692139,5.059947490692139,5.059947490692139,0,0.0,0.0
2009-06-09 00:00:00-04:00,5.059947490692139,5.059947490692139,5.059947490692139,5.059947490692139,0,0.0,0.0
2009-06-10 00:00:00-04:00,5.059947490692139,5.059947490692139,5.059947490692139,5.059947490692139,0,0.0,0.0
2009-06-11 00:00:00-04:00,5.059947490692139,5.059947490692139,5.059947490692139,5.059947490692139,0,0.0,0.0
2009-06-12 00:00:00-04:00,5.157882213592529,5.157882213592529,5.157882213592529,5.157882213592529,200,0.0,0.0
2009-06-15 00:00:00-04:00,5.0871522569662035,5.168764114379883,4.624683681287263,5.168764114379883,1000,0.0,0.0
2009-06-16 00:00:00-04:00,5.168764114379883,5.168764114379883,5.168764114379883,5.168764114379883,0,0.0,0.0
2009-06-17 00:00:00-04:00,4.352642597430267,4.880400657653809,4.352642597430267,4.880400657653809,300,0.0,0.0
2009-06-18 00:00:00-04:00,4.880400657653809,4.880400657653809,4.880400657653809,4.880400657653809,0,0.0,0.0
2009-06-19 00:00:00-04:00,5.0327435839737955,5.054506778717041,4.84231524081378,5.054506778717041,1500,0.0,0.0
2009-06-22 00:00:00-04:00,5.054506778717041,5.054506778717041,5.054506778717041,5.054506778717041,0,0.0,0.0
2009-06-23 00:00:00-04:00,5.054506778717041,5.054506778717041,5.054506778717041,5.054506778717041,0,0.0,0.0
2009-06-24 00:00:00-04:00,5.038183600410643,5.038183600410643,4.445136002411119,4.787906646728516,2700,0.0,0.0
2009-06-25 00:00:00-04:00,5.00553988067699,5.168764114379883,5.00553988067699,5.168764114379883,1000,0.0,0.0
2009-06-26 00:00:00-04:00,5.168764114379883,5.168764114379883,5.168764114379883,5.168764114379883,0,0.0,0.0
2009-06-29 00:00:00-04:00,5.168764114379883,5.168764114379883,5.168764114379883,5.168764114379883,0,0.0,0.0
2009-06-30 00:00:00-04:00,4.7062951841186536,5.168763724954231,4.7062951841186536,5.103474140167236,2000,0.0,0.0
2009-07-01 00:00:00-04:00,5.103474565022758,5.669318199157715,5.103474565022758,5.669318199157715,7900,0.0,0.0
2009-07-02 00:00:00-04:00,5.37007197163538,5.468006582062737,4.613800242072108,5.190525531768799,5800,0.0,0.0
2009-07-06 00:00:00-04:00,4.858637765191239,4.858637765191239,4.842314980853478,4.8477559089660645,1200,0.0,0.0
2009-07-07 00:00:00-04:00,5.10891449386938,5.10891449386938,5.0055389404296875,5.0055389404296875,800,0.0,0.0
2009-07-08 00:00:00-04:00,4.842315693818255,5.092592716217041,4.842315693818255,5.092592716217041,200,0.0,0.0
2009-07-09 00:00:00-04:00,5.141558647155762,5.141558647155762,5.141558647155762,5.141558647155762,500,0.0,0.0
2009-07-10 00:00:00-04:00,4.809670754356472,4.815111682813443,4.521308291518502,4.537630558013916,3400,0.0,0.0
2009-07-13 00:00:00-04:00,5.277578080914772,5.277578080914772,5.234051704406738,5.234051704406738,200,0.0,0.0
2009-07-14 00:00:00-04:00,5.234051704406738,5.234051704406738,5.234051704406738,5.234051704406738,0,0.0,0.0
2009-07-15 00:00:00-04:00,5.168764114379883,5.168764114379883,5.168764114379883,5.168764114379883,100,0.0,0.0
2009-07-16 00:00:00-04:00,5.168764114379883,5.168764114379883,5.168764114379883,5.168764114379883,0,0.0,0.0
2009-07-17 00:00:00-04:00,5.168764114379883,5.168764114379883,5.168764114379883,5.168764114379883,0,0.0,0.0
2009-07-20 00:00:00-04:00,5.168764114379883,5.168764114379883,5.168764114379883,5.168764114379883,0,0.0,0.0
2009-07-21 00:00:00-04:00,5.000100065216793,5.000100065216793,4.891284058142693,4.9511332511901855,1200,0.0,0.0
2009-07-22 00:00:00-04:00,5.021861553192139,5.021861553192139,5.021861553192139,5.021861553192139,300,0.0,0.0
2009-07-23 00:00:00-04:00,5.125236511230469,5.125236511230469,5.125236511230469,5.125236511230469,500,0.0,0.0
2009-07-24 00:00:00-04:00,5.125236511230469,5.125236511230469,5.125236511230469,5.125236511230469,0,0.0,0.0
2009-07-27 00:00:00-04:00,5.032742231389701,5.114354060024258,4.733497994937405,4.836873531341553,5500,0.0,0.0
2009-07-28 00:00:00-04:00,5.0409393310546875,5.0409393310546875,5.0409393310546875,5.0409393310546875,100,0.12,0.0
2009-07-29 00:00:00-04:00,4.825843485195214,5.0905752182006845,4.825843485195214,5.090575218200684,300,0.0,0.0
2009-07-30 00:00:00-04:00,4.9582109451293945,4.9582109451293945,4.9582109451293945,4.9582109451293945,100,0.0,0.0
2009-07-31 00:00:00-04:00,4.9582109451293945,4.9582109451293945,4.9582109451293945,4.9582109451293945,0,0.0,0.0
2009-08-03 00:00:00-04:00,5.035423755645752,5.035423755645752,5.035423755645752,5.035423755645752,100,0.0,0.0
2009-08-04 00:00:00-04:00,5.0795449147677285,5.1016058921813965,4.825843411522943,5.1016058921813965,500,0.0,0.0
2009-08-05 00:00:00-04:00,5.1016058921813965,5.1016058921813965,5.1016058921813965,5.1016058921813965,0,0.0,0.0
2009-08-06 00:00:00-04:00,4.991301536560059,4.991301536560059,4.991301536560059,4.991301536560059,200,0.0,0.0
2009-08-07 00:00:00-04:00,4.991301536560059,4.991301536560059,4.991301536560059,4.991301536560059,0,0.0,0.0
2009-08-10 00:00:00-04:00,4.991301536560059,4.991301536560059,4.991301536560059,4.991301536560059,0,0.0,0.0
2009-08-11 00:00:00-04:00,4.825844174110219,5.068514964007783,4.621779969293448,5.035423755645752,1500,0.0,0.0
2009-08-12 00:00:00-04:00,5.035423755645752,5.035423755645752,5.035423755645752,5.035423755645752,0,0.0,0.0
2009-08-13 00:00:00-04:00,5.035423755645752,5.035423755645752,5.035423755645752,5.035423755645752,0,0.0,0.0
2009-08-14 00:00:00-04:00,5.068515163784866,5.0740305407210196,4.985786613643743,5.0409393310546875,1100,0.0,0.0
2009-08-17 00:00:00-04:00,5.040940032761837,5.040940032761837,4.9582109451293945,4.9582109451293945,300,0.0,0.0
2009-08-18 00:00:00-04:00,4.737601096726951,4.9582109451293945,4.737601096726951,4.9582109451293945,400,0.0,0.0
2009-08-19 00:00:00-04:00,4.555595906609156,4.715538110304871,4.533534931133029,4.65487003326416,700,0.0,0.0
2009-08-20 00:00:00-04:00,4.572142124176025,4.572142124176025,4.566626748068373,4.572142124176025,1100,0.0,0.0
2009-08-21 00:00:00-04:00,4.572141235172434,4.897540998600436,4.572141235172434,4.6603851318359375,4100,0.0,0.0
2009-08-24 00:00:00-04:00,4.6603851318359375,4.6603851318359375,4.6603851318359375,4.6603851318359375,0,0.0,0.0
2009-08-25 00:00:00-04:00,4.6603851318359375,4.6603851318359375,4.6603851318359375,4.6603851318359375,0,0.0,0.0
2009-08-26 00:00:00-04:00,4.665902625534692,4.781722923990265,4.197106317160439,4.252258777618408,2400,0.0,0.0
2009-08-27 00:00:00-04:00,4.8589348793029785,4.8589348793029785,4.8589348793029785,4.8589348793029785,100,0.0,0.0
2009-08-28 00:00:00-04:00,4.21916672764982,4.627295405519562,4.191590369676644,4.599719047546387,4700,0.0,0.0
2009-08-31 00:00:00-04:00,4.191589053654398,4.301894187927246,4.136436618011753,4.301894187927246,900,0.0,0.0
2009-09-01 00:00:00-04:00,4.1915896470610186,4.467352390289307,4.053708406940673,4.467352390289307,1700,0.0,0.0
2009-09-02 00:00:00-04:00,4.274318812961014,4.439776420593262,3.8717055465109884,4.439776420593262,30700,0.0,0.0
2009-09-03 00:00:00-04:00,4.1474673142615925,4.246741703423913,4.13643682657689,4.20813512802124,1500,0.0,0.0
2009-09-04 00:00:00-04:00,4.086799243751559,4.561110973358154,4.086799243751559,4.561110973358154,300,0.0,0.0
2009-09-08 00:00:00-04:00,4.561110973358154,4.561110973358154,4.561110973358154,4.561110973358154,0,0.0,0.0
2009-09-09 00:00:00-04:00,4.136437848263529,4.42323112487793,4.031648057882336,4.42323112487793,3400,0.0,0.0
2009-09-10 00:00:00-04:00,4.42323112487793,4.42323112487793,4.42323112487793,4.42323112487793,0,0.0,0.0
2009-09-11 00:00:00-04:00,4.009586195916654,4.4066840263691125,3.998555707931519,4.136436939239502,2100,0.0,0.0
2009-09-14 00:00:00-04:00,4.3349865492259285,4.3349865492259285,4.219166278839111,4.219166278839111,400,0.0,0.0
2009-09-15 00:00:00-04:00,3.9985564726634437,4.263288497924805,3.9985564726634437,4.263288497924805,1600,0.0,0.0
2009-09-16 00:00:00-04:00,4.0923164454371515,4.2688043160839255,4.0812859535217285,4.0812859535217285,700,0.0,0.0
2009-09-17 00:00:00-04:00,4.053708024193991,4.213650226593018,4.03716242421482,4.213650226593018,700,0.0,0.0
2009-09-18 00:00:00-04:00,4.241227700197669,4.274319171905518,4.0812854554492475,4.274319171905518,1400,0.0,0.0
2009-09-21 00:00:00-04:00,4.274319171905518,4.274319171905518,4.274319171905518,4.274319171905518,300,0.0,0.0
2009-09-22 00:00:00-04:00,4.059223557038317,4.2688028304955665,4.031647205352783,4.031647205352783,900,0.0,0.0
2009-09-23 00:00:00-04:00,4.26328768256235,4.26328768256235,4.136436939239502,4.136436939239502,300,0.0,0.0
2009-09-24 00:00:00-04:00,4.136436939239502,4.136436939239502,4.136436939239502,4.136436939239502,0,0.0,0.0
2009-09-25 00:00:00-04:00,4.136436939239502,4.136436939239502,4.136436939239502,4.136436939239502,0,0.0,0.0
2009-09-28 00:00:00-04:00,4.4673530430014035,4.770691394805908,4.274319068239204,4.770691394805908,800,0.0,0.0
2009-09-29 00:00:00-04:00,4.715538501739502,4.715538501739502,4.715538501739502,4.715538501739502,200,0.0,0.0
2009-09-30 00:00:00-04:00,4.0868013031534485,4.494929790496826,4.0868013031534485,4.494929790496826,300,0.0,0.0
2009-10-01 00:00:00-04:00,4.27431993949375,4.494929790496826,4.27431993949375,4.494929790496826,400,0.0,0.0
2009-10-02 00:00:00-04:00,4.467351789353339,4.467351789353339,4.4508056640625,4.4508056640625,300,0.0,0.0
2009-10-05 00:00:00-04:00,4.4508056640625,4.4508056640625,4.4508056640625,4.4508056640625,0,0.0,0.0
2009-10-06 00:00:00-04:00,4.4508056640625,4.4508056640625,4.4508056640625,4.4508056640625,0,0.0,0.0
2009-10-07 00:00:00-04:00,4.417715228176907,4.483898162841797,4.412199852127697,4.483898162841797,1900,0.0,0.0
2009-10-08 00:00:00-04:00,4.09231568000132,4.6493560750093055,4.09231568000132,4.279834270477295,3900,0.0,0.0
2009-10-09 00:00:00-04:00,4.516990104864775,4.594203804237999,4.516990104864775,4.528020858764648,2900,0.0,0.0
2009-10-12 00:00:00-04:00,4.49492752543273,4.561110973358154,4.4121990044886115,4.561110973358154,1500,0.0,0.0
2009-10-13 00:00:00-04:00,4.555595598368518,4.577656572351956,4.3294702205569395,4.561110973358154,500,0.0,0.0
2009-10-14 00:00:00-04:00,4.561110973358154,4.561110973358154,4.561110973358154,4.561110973358154,0,0.0,0.0
2009-10-15 00:00:00-04:00,4.4508056640625,4.4508056640625,4.4508056640625,4.4508056640625,300,0.0,0.0
2009-10-16 00:00:00-04:00,4.84238862991333,4.84238862991333,4.84238862991333,4.84238862991333,100,0.0,0.0
2009-10-19 00:00:00-04:00,4.550082266122221,4.550082266122221,4.489414691925049,4.489414691925049,800,0.0,0.0
2009-10-20 00:00:00-04:00,4.4783820073380145,4.500442981719971,4.4783820073380145,4.500442981719971,200,0.0,0.0
2009-10-21 00:00:00-04:00,4.494928925791446,4.676932149350224,4.494928925791446,4.522505283355713,600,0.0,0.0
2009-10-22 00:00:00-04:00,4.522505283355713,4.522505283355713,4.522505283355713,4.522505283355713,200,0.0,0.0
2009-10-23 00:00:00-04:00,4.522505283355713,4.522505283355713,4.522505283355713,4.522505283355713,0,0.0,0.0
2009-10-26 00:00:00-04:00,4.467352390289307,4.467352390289307,4.467352390289307,4.467352390289307,800,0.0,0.0
2009-10-27 00:00:00-04:00,4.467353708037409,4.792753088886255,4.401170493386819,4.489414691925049,4700,0.0,0.0
2009-10-28 00:00:00-04:00,4.584575534098899,4.9204421043396,4.584575534098899,4.9204421043396,3500,0.12,0.0
2009-10-29 00:00:00-04:00,4.892454394703386,5.155549924698197,4.892454394703386,5.13875675201416,5900,0.0,0.0
2009-10-30 00:00:00-04:00,4.539792206204185,5.12196038390389,4.506205878288945,5.099569320678711,1000,0.0,0.0
2009-11-02 00:00:00-05:00,4.7581071853637695,4.7581071853637695,4.7581071853637695,4.7581071853637695,300,0.0,0.0
2009-11-03 00:00:00-05:00,5.0603858721489114,5.065983772277832,5.0603858721489114,5.065983772277832,800,0.0,0.0
2009-11-04 00:00:00-05:00,5.093973841854985,5.58098004775352,5.010006923278873,5.054789066314697,3000,0.0,0.0
2009-11-05 00:00:00-05:00,5.413045825745338,5.44103479385376,4.713324292260627,5.44103479385376,500,0.0,0.0
2009-11-06 00:00:00-05:00,4.702128119476362,5.177938938140869,4.702128119476362,5.177938938140869,600,0.0,0.0
2009-11-09 00:00:00-05:00,5.278697638873004,5.301088699037942,5.021200180053711,5.021200180053711,4800,0.0,0.0
2009-11-10 00:00:00-05:00,5.2787007302346565,5.2787007302346565,4.898051950666639,5.037996292114258,3100,0.0,0.0
2009-11-11 00:00:00-05:00,5.065983885780843,5.065983885780843,5.010005950927734,5.010005950927734,400,0.0,0.0
2009-11-12 00:00:00-05:00,5.093973636627197,5.093973636627197,5.093973636627197,5.093973636627197,300,0.0,0.0
2009-11-13 00:00:00-05:00,5.093973636627197,5.093973636627197,5.093973636627197,5.093973636627197,0,0.0,0.0
2009-11-16 00:00:00-05:00,5.0379959456450925,5.0379959456450925,4.954029560089111,4.954029560089111,1800,0.0,0.0
2009-11-17 00:00:00-05:00,5.015603627197548,5.0323967933654785,5.015603627197548,5.0323967933654785,300,0.0,0.0
2009-11-18 00:00:00-05:00,5.032398390333482,5.037996292114258,5.032398390333482,5.037996292114258,8200,0.0,0.0
2009-11-19 00:00:00-05:00,5.037996292114258,5.037996292114258,5.037996292114258,5.037996292114258,0,0.0,0.0
2009-11-20 00:00:00-05:00,5.03239708264574,5.03239708264574,4.713324237887971,4.718922138214111,4000,0.0,0.0
2009-11-23 00:00:00-05:00,4.545390830284451,4.881257366064814,4.5229997634887695,4.5229997634887695,900,0.0,0.0
2009-11-24 00:00:00-05:00,4.6741394996643075,4.6741394996643075,4.6741394996643075,4.674139499664307,100,0.0,0.0
2009-11-25 00:00:00-05:00,4.534196513896977,4.685336112976074,4.39425191671636,4.685336112976074,2200,0.0,0.0
2009-11-27 00:00:00-05:00,4.5285980479697745,4.640553391449305,4.399849269507018,4.623760223388672,900,0.0,0.0
2009-11-30 00:00:00-05:00,4.6629437031072944,4.707725833228641,4.6629437031072944,4.702127933502197,4700,0.0,0.0
2009-12-01 00:00:00-05:00,4.702129119331265,4.814085006713867,4.6461517094852,4.814085006713867,3800,0.0,0.0
2009-12-02 00:00:00-05:00,4.651748164417892,4.657345529970641,4.422239360635516,4.5341949462890625,4100,0.0,0.0
2009-12-03 00:00:00-05:00,4.5341949462890625,4.5341949462890625,4.5341949462890625,4.5341949462890625,0,0.0,0.0
2009-12-04 00:00:00-05:00,4.646149733853259,4.651747632611103,4.590171813964844,4.590171813964844,3700,0.0,0.0
2009-12-07 00:00:00-05:00,4.679737711205591,4.9204421043396,4.679737711205591,4.9204421043396,1900,0.0,0.0
2009-12-08 00:00:00-05:00,4.8700628762752745,5.037996189356205,4.786096486657452,5.004409313201904,5500,0.0,0.0
2009-12-09 00:00:00-05:00,4.9204411294573855,4.9932122230529785,4.651748353576822,4.9932122230529785,5800,0.0,0.0
2009-12-10 00:00:00-05:00,4.982015999140603,5.037993922933437,4.9652228355407715,4.9652228355407715,4800,0.0,0.0
2009-12-11 00:00:00-05:00,4.9932123100424946,4.9932123100424946,4.657345800495381,4.674139499664307,1400,0.0,0.0
2009-12-14 00:00:00-05:00,4.640553927665678,4.7581071853637695,4.640553927665678,4.7581071853637695,1200,0.0,0.0
2009-12-15 00:00:00-05:00,4.774900590630761,4.970822874396023,4.6405541563121515,4.94283390045166,1300,0.0,0.0
2009-12-16 00:00:00-05:00,4.9372358322143555,4.9372358322143555,4.9372358322143555,4.9372358322143555,600,0.0,0.0
2009-12-17 00:00:00-05:00,4.97641961709199,5.037994918354288,4.97641961709199,5.010005950927734,1300,0.0,0.0
2009-12-18 00:00:00-05:00,5.010005950927734,5.010005950927734,5.010005950927734,5.010005950927734,0,0.0,0.0
2009-12-21 00:00:00-05:00,4.982016563415527,4.982016563415527,4.982016563415527,4.982016563415527,300,0.0,0.0
2009-12-22 00:00:00-05:00,4.982015841569438,5.149949073791504,4.982015841569438,5.149949073791504,800,0.0,0.0
2009-12-23 00:00:00-05:00,5.149949073791504,5.149949073791504,5.149949073791504,5.149949073791504,0,0.0,0.0
2009-12-24 00:00:00-05:00,5.149949073791504,5.149949073791504,5.149949073791504,5.149949073791504,0,0.0,0.0
2009-12-28 00:00:00-05:00,5.149949612778018,5.301089697749496,5.149949612778018,5.2115254402160645,1800,0.0,0.0
2009-12-29 00:00:00-05:00,5.1779409136090955,5.1779409136090955,4.898052215576172,4.898052215576172,800,0.0,0.0
2009-12-30 00:00:00-05:00,5.373861340636052,5.373861340636052,5.301090240478516,5.301090240478516,500,0.0,0.0
2009-12-31 00:00:00-05:00,5.177939825374934,5.177939825374934,5.037995505770206,5.043593406677246,3400,0.0,0.0
2010-01-04 00:00:00-05:00,5.049190605736209,5.065983772277832,5.037994805478369,5.065983772277832,500,0.0,0.0
2010-01-05 00:00:00-05:00,5.060387365392065,5.060387365392065,5.037996292114258,5.037996292114258,400,0.0,0.0
2010-01-06 00:00:00-05:00,5.037996292114258,5.037996292114258,5.037996292114258,5.037996292114258,0,0.0,0.0
2010-01-07 00:00:00-05:00,5.037996292114258,5.037996292114258,5.037996292114258,5.037996292114258,0,0.0,0.0
2010-01-08 00:00:00-05:00,5.037996292114258,5.037996292114258,5.037996292114258,5.037996292114258,0,0.0,0.0
2010-01-11 00:00:00-05:00,5.536196795457343,5.536196795457343,5.317883491516113,5.317883491516113,3200,0.0,0.0
2010-01-12 00:00:00-05:00,5.317884027751217,5.317884027751217,5.289895057678223,5.289895057678223,200,0.0,0.0
2010-01-13 00:00:00-05:00,5.037995693165048,5.580979822905057,5.037995693165048,5.093973636627197,800,0.0,0.0
2010-01-14 00:00:00-05:00,5.093973636627197,5.093973636627197,5.093973636627197,5.093973636627197,0,0.0,0.0
2010-01-15 00:00:00-05:00,5.0659855411649914,5.082778713570276,4.898052215576172,4.898052215576172,1300,0.0,0.0
2010-01-19 00:00:00-05:00,4.898052215576172,4.898052215576172,4.898052215576172,4.898052215576172,0,0.0,0.0
2010-01-20 00:00:00-05:00,4.898052215576172,4.898052215576172,4.898052215576172,4.898052215576172,0,0.0,0.0
2010-01-21 00:00:00-05:00,5.177938938140869,5.177938938140869,5.177938938140869,5.177938938140869,100,0.0,0.0
2010-01-22 00:00:00-05:00,5.177938938140869,5.177938938140869,5.177938938140869,5.177938938140869,0,0.0,0.0
2010-01-25 00:00:00-05:00,5.177938938140869,5.177938938140869,5.177938938140869,5.177938938140869,0,0.0,0.0
2010-01-26 00:00:00-05:00,4.94843226663735,5.037996564592634,4.898052215576172,4.898052215576172,1300,0.0,0.0
2010-01-27 00:00:00-05:00,4.966159343719482,4.966159343719482,4.966159343719482,4.966159343719482,0,0.12,0.0
2010-01-28 00:00:00-05:00,5.403180122375488,5.403180122375488,5.403180122375488,5.403180122375488,100,0.0,0.0
2010-01-29 00:00:00-05:00,5.403180122375488,5.403180122375488,5.403180122375488,5.403180122375488,0,0.0,0.0
2010-02-01 00:00:00-05:00,5.533718854172381,5.533718854172381,5.35777473449707,5.35777473449707,1400,0.0,0.0
2010-02-02 00:00:00-05:00,4.926428064566711,5.482637405395508,4.926428064566711,5.482637405395508,200,0.0,0.0
2010-02-03 00:00:00-05:00,5.113724708557129,5.113724708557129,5.113724708557129,5.113724708557129,100,0.0,0.0
2010-02-04 00:00:00-05:00,5.482637586733764,5.482637586733764,5.306694030761719,5.306694030761719,200,0.0,0.0
2010-02-05 00:00:00-05:00,5.982090537124866,5.982090537124866,5.03426400111419,5.374800682067871,1800,0.0,0.0
2010-02-08 00:00:00-05:00,5.45993643363786,5.45993643363786,5.210209846496582,5.210209846496582,200,0.0,0.0
2010-02-09 00:00:00-05:00,5.210209846496582,5.210209846496582,5.210209846496582,5.210209846496582,0,0.0,0.0
2010-02-10 00:00:00-05:00,5.068318817417731,5.448584649254685,5.005886774380832,5.335072040557861,2300,0.0,0.0
2010-02-11 00:00:00-05:00,5.391828200172176,5.391828200172176,5.051291465759277,5.051291465759277,200,0.0,0.0
2010-02-12 00:00:00-05:00,5.051291465759277,5.051291465759277,5.051291465759277,5.051291465759277,0,0.0,0.0
2010-02-16 00:00:00-05:00,5.323722307452586,5.556422233581542,5.323722307452586,5.556422233581543,1900,0.0,0.0
2010-02-17 00:00:00-05:00,5.584798980254937,5.59047471879107,5.051291465759277,5.051291465759277,1000,0.0,0.0
2010-02-18 00:00:00-05:00,5.051291465759277,5.051291465759277,5.051291465759277,5.051291465759277,0,0.0,0.0
2010-02-19 00:00:00-05:00,5.056968688964844,5.06264442916731,5.056968688964844,5.056968688964844,500,0.0,0.0
2010-02-22 00:00:00-05:00,4.9945359958190405,5.391828514985365,4.937779689680315,5.272640705108643,2600,0.0,0.0
2010-02-23 00:00:00-05:00,5.5393961040575395,5.5393961040575395,5.164805889129639,5.164805889129639,900,0.0,0.0
2010-02-24 00:00:00-05:00,5.329397122105667,5.35777473449707,5.329397122105667,5.35777473449707,200,0.0,0.0
2010-02-25 00:00:00-05:00,5.35777473449707,5.35777473449707,5.35777473449707,5.35777473449707,0,0.0,0.0
2010-02-26 00:00:00-05:00,5.35777473449707,5.35777473449707,5.35777473449707,5.35777473449707,0,0.0,0.0
2010-03-01 00:00:00-05:00,5.35777473449707,5.35777473449707,5.35777473449707,5.35777473449707,0,0.0,0.0
2010-03-02 00:00:00-05:00,5.034265325713375,5.255614280700684,4.966158079856113,5.255614280700684,2200,0.0,0.0
2010-03-03 00:00:00-05:00,5.255614280700684,5.255614280700684,5.255614280700684,5.255614280700684,0,0.0,0.0
2010-03-04 00:00:00-05:00,5.278316020965576,5.278316020965576,5.278316020965576,5.278316020965576,100,0.0,0.0
2010-03-05 00:00:00-05:00,5.272640705108643,5.272640705108643,5.272640705108643,5.272640705108643,400,0.0,0.0
2010-03-08 00:00:00-05:00,5.272642073703133,5.272642073703133,5.108049392700195,5.108049392700195,1200,0.0,0.0
2010-03-09 00:00:00-05:00,5.164805889129639,5.164805889129639,5.164805889129639,5.164805889129639,100,0.0,0.0
2010-03-10 00:00:00-05:00,5.108049392700195,5.108049392700195,5.108049392700195,5.108049392700195,200,0.0,0.0
2010-03-11 00:00:00-05:00,5.108049392700195,5.108049392700195,5.108049392700195,5.108049392700195,1100,0.0,0.0
2010-03-12 00:00:00-05:00,5.221561157863558,5.221561157863558,5.0796709060668945,5.0796709060668945,1300,0.0,0.0
2010-03-15 00:00:00-04:00,5.079671232264849,5.108049392700195,4.983185811545708,5.108049392700195,5700,0.0,0.0
2010-03-16 00:00:00-04:00,5.164805889129639,5.164805889129639,5.073995664396092,5.164805889129639,7900,0.0,0.0
2010-03-17 00:00:00-04:00,5.153453124915197,5.153453124915197,5.0683192031810425,5.1364264488220215,1500,0.0,0.0
2010-03-18 00:00:00-04:00,5.1364264488220215,5.1364264488220215,5.034265309726416,5.1364264488220215,2600,0.0,0.0
2010-03-19 00:00:00-04:00,5.119399547576905,5.119399547576905,4.915077278371817,5.119399547576904,1600,0.0,0.0
2010-03-22 00:00:00-04:00,5.108048294487878,5.1364264488220215,5.102372555367395,5.1364264488220215,4100,0.0,0.0
2010-03-23 00:00:00-04:00,5.1364264488220215,5.1364264488220215,5.1364264488220215,5.1364264488220215,0,0.0,0.0
2010-03-24 00:00:00-04:00,5.1364264488220215,5.1364264488220215,4.971833803205921,5.1364264488220215,300,0.0,0.0
2010-03-25 00:00:00-04:00,5.136427553135541,5.136427553135541,5.0399421324163995,5.108049392700195,1200,0.0,0.0
2010-03-26 00:00:00-04:00,5.136427051143422,5.136427051143422,5.068319797515869,5.068319797515869,500,0.0,0.0
2010-03-29 00:00:00-04:00,5.0456174539268295,5.113724708557129,5.0456174539268295,5.113724708557129,600,0.0,0.0
2010-03-30 00:00:00-04:00,5.136426819330786,5.136426819330786,5.051292350187304,5.125075340270996,4300,0.0,0.0
2010-03-31 00:00:00-04:00,5.051292402528159,5.130751132965088,5.0456172042077725,5.130751132965088,2300,0.0,0.0
2010-04-01 00:00:00-04:00,5.164805889129639,5.164805889129639,5.164805889129639,5.164805889129639,300,0.0,0.0
2010-04-05 00:00:00-04:00,5.028589753264616,5.051292169302919,4.994536399841309,4.994536399841309,1100,0.0,0.0
2010-04-06 00:00:00-04:00,5.022914555206261,5.022914555206261,4.994536399841309,4.994536399841309,1100,0.0,0.0
2010-04-07 00:00:00-04:00,5.011562315783913,5.011562315783913,4.971833229064941,4.971833229064941,400,0.0,0.0
2010-04-08 00:00:00-04:00,4.971835084302438,4.971835084302438,4.966159343719482,4.966159343719482,1000,0.0,0.0
2010-04-09 00:00:00-04:00,4.966159343719482,4.966159343719482,4.966159343719482,4.966159343719482,0,0.0,0.0
2010-04-12 00:00:00-04:00,5.1080470545279155,5.136425201973366,4.994535006014257,5.034264087677002,6500,0.0,0.0
2010-04-13 00:00:00-04:00,5.034264087677002,5.034264087677002,5.034264087677002,5.034264087677002,0,0.0,0.0
2010-04-14 00:00:00-04:00,4.994535024260473,5.113722810952271,4.994535024260473,5.000210762023926,400,0.0,0.0
2010-04-15 00:00:00-04:00,5.000211957540063,5.1364264488220215,5.000211957540063,5.1364264488220215,3000,0.0,0.0
2010-04-16 00:00:00-04:00,5.261290003131286,5.261290003131286,5.102372555367395,5.1364264488220215,900,0.0,0.0
2010-04-19 00:00:00-04:00,5.244262867355026,5.244262867355026,5.181831359863281,5.181831359863281,600,0.0,0.0
2010-04-20 00:00:00-04:00,5.164805889129639,5.164805889129639,5.164805889129639,5.164805889129639,200,0.0,0.0
2010-04-21 00:00:00-04:00,5.2669659951370225,5.2669659951370225,5.0796709060668945,5.0796709060668945,1100,0.0,0.0
2010-04-22 00:00:00-04:00,5.0910227129463435,5.136427553135541,5.079671232264849,5.108049392700195,3000,0.0,0.0
2010-04-23 00:00:00-04:00,5.108048069835178,5.125074745179519,5.108048069835178,5.119399547576904,2500,0.0,0.0
2010-04-26 00:00:00-04:00,5.272640282552914,5.335071781287577,5.261289346995797,5.278316020965576,10100,0.0,0.0
2010-04-27 00:00:00-04:00,5.32372313077179,5.32372313077179,5.227237701416016,5.227237701416016,1500,0.0,0.0
2010-04-28 00:00:00-04:00,5.250237464904785,5.250237464904785,5.250237464904785,5.250237464904785,200,0.12,0.0
2010-04-29 00:00:00-04:00,5.255990505218506,5.255990505218506,5.238738501035156,5.255990505218506,1400,0.0,0.0
2010-04-30 00:00:00-04:00,5.451508989885327,5.5205159187316895,5.451508989885327,5.5205159187316895,1800,0.0,0.0
2010-05-03 00:00:00-04:00,5.509012222290039,5.509012222290039,5.509012222290039,5.509012222290039,300,0.0,0.0
2010-05-04 00:00:00-04:00,5.342247189237369,5.514763355255127,5.3249957371597265,5.514763355255127,1400,0.0,0.0
2010-05-05 00:00:00-04:00,5.232987514487754,5.324995994567871,5.066222007239092,5.324995994567871,300,0.0,0.0
2010-05-06 00:00:00-04:00,5.031717594932107,5.031717594932107,4.813197222142555,4.887954235076904,4000,0.0,0.0
2010-05-07 00:00:00-04:00,4.887954970931027,4.893705637810252,4.698187351226807,4.698187351226807,1100,0.0,0.0
2010-05-10 00:00:00-04:00,4.997215833105158,5.307744773214624,4.784446054549957,5.094974994659424,1100,0.0,0.0
2010-05-11 00:00:00-04:00,5.169731487736843,5.3192455482808105,5.089224338531494,5.089224338531494,800,0.0,0.0
2010-05-12 00:00:00-04:00,5.232988141366441,5.497512827492052,5.232988141366441,5.457258701324463,500,0.0,0.0
2010-05-13 00:00:00-04:00,5.5205153612455975,5.5205153612455975,5.347999153379065,5.422756195068359,1600,0.0,0.0
2010-05-14 00:00:00-04:00,5.3825016652005,5.463009369121814,5.342248087446777,5.457258701324463,3900,0.0,0.0
2010-05-17 00:00:00-04:00,5.480260279509459,5.480260279509459,5.417004585266113,5.417004585266113,1600,0.0,0.0
2010-05-18 00:00:00-04:00,5.399751501926516,5.399751501926516,5.278990268707275,5.278990268707275,200,0.0,0.0
2010-05-19 00:00:00-04:00,5.278990268707275,5.278990268707275,5.278990268707275,5.278990268707275,0,0.0,0.0
2010-05-20 00:00:00-04:00,5.278990268707275,5.278990268707275,5.278990268707275,5.278990268707275,0,0.0,0.0
2010-05-21 00:00:00-04:00,4.956962347007131,5.4457581639242285,4.7326912283486005,5.255990505218506,3700,0.0,0.0
2010-05-24 00:00:00-04:00,5.255990505218506,5.255990505218506,5.255990505218506,5.255990505218506,0,0.0,0.0
2010-05-25 00:00:00-04:00,4.784445974061132,5.083474121646889,4.657934571695347,5.031719207763672,1700,0.0,0.0
2010-05-26 00:00:00-04:00,5.1927337646484375,5.1927337646484375,5.1927337646484375,5.1927337646484375,100,0.0,0.0
2010-05-27 00:00:00-04:00,5.158229351043702,5.158229351043702,5.158229351043702,5.158229351043701,100,0.0,0.0
2010-05-28 00:00:00-04:00,5.0029670306456415,5.198485374450684,5.0029670306456415,5.198485374450684,300,0.0,0.0
2010-06-01 00:00:00-04:00,4.790195902873265,4.887955047700376,4.772944450378418,4.772944450378418,2700,0.0,0.0
2010-06-02 00:00:00-04:00,4.721189248789204,4.910956859588623,4.657933561327316,4.910956859588623,4600,0.0,0.0
2010-06-03 00:00:00-04:00,5.008716199888954,5.146728913586362,4.93970984304025,5.1122260093688965,1500,0.0,0.0
2010-06-04 00:00:00-04:00,5.1122260093688965,5.1122260093688965,5.1122260093688965,5.1122260093688965,0,0.0,0.0
2010-06-07 00:00:00-04:00,5.100724591308798,5.106475258054504,4.738440812535829,5.002965450286865,1600,0.0,0.0
2010-06-08 00:00:00-04:00,5.002965450286865,5.002965450286865,5.002965450286865,5.002965450286865,0,0.0,0.0
2010-06-09 00:00:00-04:00,4.680936309965367,4.9339596423139,4.657934188842773,4.657934188842773,600,0.0,0.0
2010-06-10 00:00:00-04:00,4.887953902137796,4.974211692810059,4.887953902137796,4.974211692810059,200,0.0,0.0
2010-06-11 00:00:00-04:00,4.974211692810059,4.974211692810059,4.974211692810059,4.974211692810059,0,0.0,0.0
2010-06-14 00:00:00-04:00,4.974212293206526,5.106474876403809,4.88795449212279,5.106474876403809,1000,0.0,0.0
2010-06-15 00:00:00-04:00,5.066220736459284,5.066220736459284,5.037467956542969,5.037467956542969,300,0.0,0.0
2010-06-16 00:00:00-04:00,5.03746814684873,5.112225158089859,4.778694214653242,4.784444332122803,2300,0.0,0.0
2010-06-17 00:00:00-04:00,4.887954504024658,4.887954504024658,4.514169692993164,4.514169692993164,10300,0.0,0.0
2010-06-18 00:00:00-04:00,4.686686258254371,4.830449647138416,4.48541784286499,4.48541784286499,2900,0.0,0.0
2010-06-21 00:00:00-04:00,4.485417521842662,4.594677448272705,4.485417521842662,4.594677448272705,400,0.0,0.0
2010-06-22 00:00:00-04:00,4.594677448272705,4.594677448272705,4.594677448272705,4.594677448272705,0,0.0,0.0
2010-06-23 00:00:00-04:00,4.588926802462576,4.623429978516356,4.583176136016846,4.583176136016846,700,0.0,0.0
2010-06-24 00:00:00-04:00,4.795946969720977,4.795946969720977,4.7039384841918945,4.7039384841918945,300,0.0,0.0
2010-06-25 00:00:00-04:00,4.7039384841918945,4.7039384841918945,4.7039384841918945,4.7039384841918945,0,0.0,0.0
2010-06-28 00:00:00-04:00,4.7039384841918945,4.7039384841918945,4.7039384841918945,4.7039384841918945,300,0.0,0.0
2010-06-29 00:00:00-04:00,4.548672959963066,4.583176136016846,4.548672959963066,4.583176136016846,900,0.0,0.0
2010-06-30 00:00:00-04:00,4.542922507036634,4.542922507036634,4.537171840667725,4.537171840667725,800,0.0,0.0
2010-07-01 00:00:00-04:00,4.5486733945288735,4.565925121307373,4.312901531866384,4.565925121307373,4000,0.0,0.0
2010-07-02 00:00:00-04:00,4.4854179081055765,4.525671482086182,4.422161939298603,4.525671482086182,500,0.0,0.0
2010-07-06 00:00:00-04:00,4.5429236634573416,4.5429236634573416,4.502669811248779,4.502669811248779,400,0.0,0.0
2010-07-07 00:00:00-04:00,4.54292298152761,4.772944450378418,4.54292298152761,4.772944450378418,2200,0.0,0.0
2010-07-08 00:00:00-04:00,4.634930718627527,4.657932833054879,4.2036403875976,4.5199198722839355,15300,0.0,0.0
2010-07-09 00:00:00-04:00,4.519921023989062,4.594677777823043,4.025374889373779,4.025374889373779,30600,0.0,0.0
2010-07-12 00:00:00-04:00,4.284149195611944,4.3071513175964355,4.059878369159689,4.3071513175964355,5700,0.0,0.0
2010-07-13 00:00:00-04:00,4.32440361418156,4.456665970067985,4.307151883323783,4.433663845062256,8200,0.0,0.0
2010-07-14 00:00:00-04:00,4.381908823960839,4.4336637411138025,4.307151782341437,4.312902450561523,2900,0.0,0.0
2010-07-15 00:00:00-04:00,4.31290198519602,4.54867387264052,4.3071513175964355,4.3071513175964355,2500,0.0,0.0
2010-07-16 00:00:00-04:00,4.307150684784678,4.588927049006163,4.105882009887551,4.197890758514404,34900,0.0,0.0
2010-07-19 00:00:00-04:00,4.140384316977654,4.140384316977654,4.054126527454357,4.059876918792725,15400,0.0,0.0
2010-07-20 00:00:00-04:00,4.519921844966423,4.519921844966423,4.249646471175341,4.312902450561523,21600,0.0,0.0
2010-07-21 00:00:00-04:00,4.514169599254293,4.514169599254293,4.312900943403501,4.445163249969482,2100,0.0,0.0
2010-07-22 00:00:00-04:00,4.399159108463564,7.389437322508649,4.399159108463564,4.514169692993164,90100,0.0,0.0
2010-07-23 00:00:00-04:00,4.565924605638367,4.744191149250848,4.548672880808253,4.715438365936279,21500,0.0,0.0
2010-07-26 00:00:00-04:00,4.548672880808253,4.830448950780827,4.548672880808253,4.715438365936279,8100,0.0,0.0
2010-07-27 00:00:00-04:00,4.882203423193652,5.376749717304334,4.784444297539851,5.158229351043701,5700,0.0,0.0
2010-07-28 00:00:00-04:00,4.965888779003624,4.965888779003624,4.895946198134729,4.9134321212768555,7500,0.12,0.0
2010-07-29 00:00:00-04:00,4.895947485680224,4.925090142731286,4.63366468392056,4.791034698486328,7900,0.0,0.0
2010-07-30 00:00:00-04:00,4.890119368028606,4.890119368028606,4.791034668191498,4.837662696838379,4700,0.0,0.0
2010-08-02 00:00:00-04:00,4.8376617861992495,4.913432457449882,4.662806433763162,4.744405746459961,12600,0.0,0.0
2010-08-03 00:00:00-04:00,5.01834391640912,5.01834391640912,4.866803169250488,4.866803169250488,600,0.0,0.0
2010-08-04 00:00:00-04:00,4.954232431156707,5.152401817338961,4.872633108655218,4.960061073303223,6100,0.0,0.0
2010-08-05 00:00:00-04:00,5.099942943213604,5.099942943213604,5.0066869326165016,5.094114303588867,2600,0.0,0.0
2010-08-06 00:00:00-04:00,4.995030792132025,5.134915395768178,4.995030792132025,5.123258113861084,4000,0.0,0.0
2010-08-09 00:00:00-04:00,5.000859702913058,5.152401040783109,4.989202976226807,4.989202976226807,8000,0.0,0.0
2010-08-10 00:00:00-04:00,4.9892029662272295,5.035830984578434,4.9892029662272295,5.012516975402832,3900,0.0,0.0
2010-08-11 00:00:00-04:00,4.989203428742246,5.035831451416016,4.989203428742246,5.035831451416016,2800,0.0,0.0
2010-08-12 00:00:00-04:00,4.983374324970873,5.035830984578434,4.977545683714517,5.012516975402832,11700,0.0,0.0
2010-08-13 00:00:00-04:00,4.995031051633762,5.012516975402832,4.9892029662272295,5.012516975402832,4200,0.0,0.0
2010-08-16 00:00:00-04:00,5.082459267805358,5.216514688589,4.98920322624285,5.088287353515625,5000,0.0,0.0
2010-08-17 00:00:00-04:00,5.070800287358794,5.187370300292969,5.041657645162833,5.187370300292969,6900,0.0,0.0
2010-08-18 00:00:00-04:00,5.000859987039817,5.024173997586745,5.000859987039817,5.018345355987549,400,0.0,0.0
2010-08-19 00:00:00-04:00,5.018345355987549,5.018345355987549,5.018345355987549,5.018345355987549,0,0.0,0.0
2010-08-20 00:00:00-04:00,5.02417475407559,5.239829523068226,5.02417475407559,5.204858779907227,5000,0.0,0.0
2010-08-23 00:00:00-04:00,5.245656292976495,5.245656292976495,5.105772258567726,5.169885635375977,2000,0.0,0.0
2010-08-24 00:00:00-04:00,5.099944340746948,5.105772981968902,5.018345031189061,5.082458972930908,4500,0.0,0.0
2010-08-25 00:00:00-04:00,5.02417208552167,5.082457367632103,5.0183434461406975,5.041657447814941,5100,0.0,0.0
2010-08-26 00:00:00-04:00,5.024174661344617,5.099945344594875,5.018346018975382,5.070802688598633,14200,0.0,0.0
2010-08-27 00:00:00-04:00,5.19903039932251,5.19903039932251,5.19903039932251,5.19903039932251,200,0.0,0.0
2010-08-30 00:00:00-04:00,5.070802688598633,5.070802688598633,5.070802688598633,5.070802688598633,300,0.0,0.0
2010-08-31 00:00:00-04:00,5.070802030223991,5.08245931344892,4.796861988786587,4.995031356811523,4200,0.0,0.0
2010-09-01 00:00:00-04:00,5.070802018680601,5.070802018680601,4.9542319659459615,5.018345355987549,4600,0.0,0.0
2010-09-02 00:00:00-04:00,5.070802190496406,5.070802190496406,5.012517440079131,5.035831451416016,600,0.0,0.0
2010-09-03 00:00:00-04:00,4.9017748197708375,5.064972877502441,4.9017748197708375,5.064972877502441,800,0.0,0.0
2010-09-07 00:00:00-04:00,5.064972877502441,5.064972877502441,5.064972877502441,5.064972877502441,0,0.0,0.0
2010-09-08 00:00:00-04:00,4.983374968118826,4.983374968118826,4.814348240818886,4.849318981170654,900,0.0,0.0
2010-09-09 00:00:00-04:00,5.064973079160568,5.070801720416925,5.012516975402832,5.012516975402832,800,0.0,0.0
2010-09-10 00:00:00-04:00,5.012516975402832,5.012516975402832,5.012516975402832,5.012516975402832,1600,0.0,0.0
2010-09-13 00:00:00-04:00,5.09411670222564,5.10577398696411,5.070802688598633,5.070802688598633,11500,0.0,0.0
2010-09-14 00:00:00-04:00,5.0474887681329035,5.24565816554504,5.0474887681329035,5.204858779907227,6800,0.0,0.0
2010-09-15 00:00:00-04:00,5.204858779907227,5.204858779907227,5.204858779907227,5.204858779907227,0,0.0,0.0
2010-09-16 00:00:00-04:00,5.21068695911499,5.478798403462738,5.21068695911499,5.397199630737305,8300,0.0,0.0
2010-09-17 00:00:00-04:00,5.333085060119629,5.333085060119629,5.333085060119629,5.333085060119629,1600,0.0,0.0
2010-09-20 00:00:00-04:00,5.187372538123678,5.303943157196045,5.187372538123678,5.303943157196045,3900,0.0,0.0
2010-09-21 00:00:00-04:00,5.187370300292969,5.193198939902095,5.187370300292969,5.187370300292969,400,0.0,0.0
2010-09-22 00:00:00-04:00,5.187371833835749,5.187371833835749,4.907603720085878,4.9542317390441895,8300,0.0,0.0
2010-09-23 00:00:00-04:00,5.012516985449135,5.012516985449135,4.9542316844684,4.989202976226807,5700,0.0,0.0
2010-09-24 00:00:00-04:00,4.9542316745389146,5.012516975402832,4.9542316745389146,5.012516975402832,600,0.0,0.0
2010-09-27 00:00:00-04:00,5.204858735855324,5.274800777435303,5.012517982547899,5.274800777435303,6500,0.0,0.0
2010-09-28 00:00:00-04:00,5.035832307539424,5.234001159667969,5.018346379176635,5.234001159667969,1400,0.0,0.0
2010-09-29 00:00:00-04:00,5.1582307081353385,5.274800777435303,5.1582307081353385,5.274800777435303,16300,0.0,0.0
2010-09-30 00:00:00-04:00,5.29228427161608,5.303941552336034,5.158228878435041,5.2864556312561035,13600,0.0,0.0
2010-10-01 00:00:00-04:00,5.169886828610262,5.193200839726041,5.129087448120117,5.129087448120117,4100,0.0,0.0
2010-10-04 00:00:00-04:00,5.169887040100481,5.216515064239502,5.158230311990672,5.216515064239502,5900,0.0,0.0
2010-10-05 00:00:00-04:00,5.2456583976745605,5.2456583976745605,5.158230980053304,5.2456583976745605,12100,0.0,0.0
2010-10-06 00:00:00-04:00,5.2398303353721465,5.2398303353721465,5.099946229342751,5.164059638977051,33400,0.0,0.0
2010-10-07 00:00:00-04:00,5.187373656648616,5.193202300029014,5.164059638977051,5.164059638977051,3300,0.0,0.0
2010-10-08 00:00:00-04:00,5.204859042092931,5.210687129013384,5.169887741320372,5.19903039932251,4800,0.0,0.0
2010-10-11 00:00:00-04:00,5.210686488126936,5.210686488126936,5.099945068359375,5.099945068359375,17900,0.0,0.0
2010-10-12 00:00:00-04:00,5.111600205427054,5.210684299468994,5.059143560678596,5.210684299468994,3200,0.0,0.0
2010-10-13 00:00:00-04:00,5.286454950249435,5.286454950249435,5.187370300292969,5.187370300292969,600,0.0,0.0
2010-10-14 00:00:00-04:00,5.21651573985082,5.303943713322042,4.9833755889608256,5.2456583976745605,17300,0.0,0.0
2010-10-15 00:00:00-04:00,5.303940869076811,5.303940869076811,5.187370300292969,5.187370300292969,500,0.0,0.0
2010-10-18 00:00:00-04:00,5.274801055498301,5.274801055498301,5.2456583976745605,5.2456583976745605,1700,0.0,0.0
2010-10-19 00:00:00-04:00,5.158228213946676,5.268969587271726,5.070800287358794,5.187370300292969,7600,0.0,0.0
2010-10-20 00:00:00-04:00,5.187370300292969,5.187370300292969,5.187370300292969,5.187370300292969,0,0.0,0.0
2010-10-21 00:00:00-04:00,5.18737283771163,5.303943463516336,5.129088080659216,5.228172779083252,3200,0.0,0.0
2010-10-22 00:00:00-04:00,5.2456583976745605,5.2456583976745605,5.2456583976745605,5.2456583976745605,400,0.0,0.0
2010-10-25 00:00:00-04:00,5.134914398193359,5.303941062060354,5.111600394758246,5.134914398193359,5300,0.0,0.0
2010-10-26 00:00:00-04:00,5.129087198050673,5.181543859466109,5.111601829528809,5.111601829528809,5600,0.0,0.0
2010-10-27 00:00:00-04:00,5.111603516103548,5.164059638977051,5.111603516103548,5.164059638977051,800,0.0,0.0
2010-10-28 00:00:00-04:00,5.140743732452393,5.140743732452393,5.140743732452393,5.140743732452393,2000,0.0,0.0
2010-10-29 00:00:00-04:00,5.105772981968902,5.303942336716754,5.082458972930908,5.082458972930908,3400,0.0,0.0
2010-11-01 00:00:00-04:00,5.076631330967867,5.076631330967867,5.0416600326023895,5.070802688598633,4400,0.0,0.0
2010-11-02 00:00:00-04:00,5.070802142405736,5.129087448120117,5.0008601090584,5.129087448120117,1500,0.0,0.0
2010-11-03 00:00:00-04:00,4.916356797015946,5.164538324128199,4.916356797015946,5.1527204513549805,3100,0.12,0.0
2010-11-04 00:00:00-04:00,4.945907157303477,5.17045259475708,4.928180049054,5.17045259475708,2300,0.0,0.0
2010-11-05 00:00:00-04:00,4.957724491835295,5.383178375488949,4.939996824032196,5.3299970626831055,21000,0.0,0.0
2010-11-08 00:00:00-05:00,5.495450260225495,5.613631871121172,5.318177562114794,5.524995803833008,25000,0.0,0.0
2010-11-09 00:00:00-05:00,5.35363369923075,5.542724325125773,5.35363369923075,5.418633460998535,8100,0.0,0.0
2010-11-10 00:00:00-05:00,5.418631309099639,5.418631309099639,5.377267891995369,5.38908576965332,4500,0.0,0.0
2010-11-11 00:00:00-05:00,5.377267891995369,5.38908576965332,5.377267891995369,5.38908576965332,1600,0.0,0.0
2010-11-12 00:00:00-05:00,5.4009040110034805,5.501358503283409,5.4009040110034805,5.40681266784668,1700,0.0,0.0
2010-11-15 00:00:00-05:00,5.406815983915294,5.489543429334869,5.406815983915294,5.465907096862793,8500,0.0,0.0
2010-11-16 00:00:00-05:00,5.489543429334869,5.489543429334869,5.465907096862793,5.465907096862793,6500,0.0,0.0
2010-11-17 00:00:00-05:00,5.542725318280694,5.554543202749423,5.400907323448238,5.465907096862793,7900,0.0,0.0
2010-11-18 00:00:00-05:00,5.495452653336542,5.495452653336542,5.377270990976162,5.465907096862793,8600,0.0,0.0
2010-11-19 00:00:00-05:00,5.471813938046361,5.524995803833008,5.465904716617984,5.524995803833008,15000,0.0,0.0
2010-11-22 00:00:00-05:00,5.50136019570611,5.50136019570611,5.406814331183561,5.495450973510742,2500,0.0,0.0
2010-11-23 00:00:00-05:00,5.383176626109549,5.519085884094238,5.365449527601737,5.519085884094238,15600,0.0,0.0
2010-11-24 00:00:00-05:00,5.465903767823152,5.465903767823152,5.43044900894165,5.43044900894165,8300,0.0,0.0
2010-11-26 00:00:00-05:00,5.37726771592081,5.43635822934428,5.37726771592081,5.43044900894165,1100,0.0,0.0
2010-11-29 00:00:00-05:00,5.436360161230712,5.572269461117079,5.412723834754971,5.5368146896362305,9700,0.0,0.0
2010-11-30 00:00:00-05:00,5.477722913285636,5.477722913285636,5.43635892868042,5.43635892868042,17600,0.0,0.0
2010-12-01 00:00:00-05:00,5.448177866745975,5.48954129158058,5.448177866745975,5.459995746612549,7600,0.0,0.0
2010-12-02 00:00:00-05:00,5.489541038797118,5.58408632751366,5.394995750080578,5.524995803833008,12700,0.0,0.0
2010-12-03 00:00:00-05:00,5.389087933906761,5.524997244527179,5.3831787109375,5.3831787109375,3100,0.0,0.0
2010-12-06 00:00:00-05:00,5.4363615403890435,5.47772554486614,5.4363615403890435,5.465907096862793,28800,0.0,0.0
2010-12-07 00:00:00-05:00,5.513178862809756,5.58408784866333,5.4954517572299935,5.58408784866333,26900,0.0,0.0
2010-12-08 00:00:00-05:00,5.584085358204365,5.584085358204365,5.43044900894165,5.43044900894165,3900,0.0,0.0
2010-12-09 00:00:00-05:00,5.4363615403890435,5.471816320864466,5.43045231638737,5.465907096862793,6200,0.0,0.0
2010-12-10 00:00:00-05:00,5.58408784866333,5.58408784866333,5.4954517572299935,5.58408784866333,700,0.0,0.0
2010-12-13 00:00:00-05:00,5.566358962977571,5.572268184125914,5.383177052119338,5.471813678741455,3200,0.0,0.0
2010-12-14 00:00:00-05:00,5.454087307860006,5.725905346224139,5.454087307860006,5.607723712921143,21900,0.0,0.0
2010-12-15 00:00:00-05:00,5.672723810746512,5.672723810746512,5.601814270019531,5.601814270019531,1500,0.0,0.0
2010-12-16 00:00:00-05:00,5.660905105196028,5.666814327239989,5.5545413625424445,5.66681432723999,7300,0.0,0.0
2010-12-17 00:00:00-05:00,5.584087131126149,5.613632678985596,5.554541583266703,5.613632678985596,15600,0.0,0.0
2010-12-20 00:00:00-05:00,5.554540157318115,5.666813097654674,5.554540157318115,5.554540157318115,5100,0.0,0.0
2010-12-21 00:00:00-05:00,5.584087448915417,5.855905490329417,5.584087448915417,5.784996509552002,10300,0.0,0.0
2010-12-22 00:00:00-05:00,5.909086390791344,6.027268005900292,5.501359677781874,5.72590446472168,26100,0.0,0.0
2010-12-23 00:00:00-05:00,5.909085273742676,5.938630812818246,5.82044922005025,5.909085273742676,13900,0.0,0.0
2010-12-27 00:00:00-05:00,5.90908673762584,5.997722813276456,5.90908673762584,5.956359386444092,4900,0.0,0.0
2010-12-28 00:00:00-05:00,5.9327234308884185,5.9327234308884185,5.773178372091075,5.790905475616455,4300,0.0,0.0
2010-12-29 00:00:00-05:00,5.560451848951359,5.849997032530617,5.560451848951359,5.826360702514648,12800,0.0,0.0
2010-12-30 00:00:00-05:00,5.903175751870549,5.909084972090861,5.849993896956249,5.8677215576171875,6700,0.0,0.0
2010-12-31 00:00:00-05:00,5.879541556777817,5.879541556777817,5.790905475616455,5.790905475616455,5500,0.0,0.0
2011-01-03 00:00:00-05:00,5.909085273742676,5.932721592296275,5.849994195591535,5.909085273742676,14200,0.0,0.0
2011-01-04 00:00:00-05:00,5.938631300235299,5.968176841735839,5.909085758734759,5.96817684173584,5600,0.0,0.0
2011-01-05 00:00:00-05:00,5.997722191656746,6.328631262622654,5.997722191656746,6.104085922241211,5500,0.0,0.0
2011-01-06 00:00:00-05:00,6.121812343597412,6.121812343597412,6.121812343597412,6.121812343597412,100,0.0,0.0
2011-01-07 00:00:00-05:00,6.340449601158276,6.340449601158276,6.115904808044434,6.115904808044434,5400,0.0,0.0
2011-01-10 00:00:00-05:00,6.062721103291114,6.310902708469176,6.062721103291114,6.127720832824707,10300,0.0,0.0
2011-01-11 00:00:00-05:00,6.239996946774744,6.245905606271478,6.145451068878174,6.145451068878174,3700,0.0,0.0
2011-01-12 00:00:00-05:00,6.198631031482365,6.310903980205435,6.198631031482365,6.204540252685547,3700,0.0,0.0
2011-01-13 00:00:00-05:00,6.210448886226557,6.216358106870582,6.086358070373535,6.086358070373535,4800,0.0,0.0
2011-01-14 00:00:00-05:00,6.098178411697152,6.204542172121714,6.086360529169158,6.145451068878174,4000,0.0,0.0
2011-01-18 00:00:00-05:00,6.174995335456453,6.174995335456453,6.068632160701055,6.115904808044434,4800,0.0,0.0
2011-01-19 00:00:00-05:00,6.115907255490369,6.174997806549072,6.068634589229553,6.174997806549072,3200,0.0,0.0
2011-01-20 00:00:00-05:00,6.174996126577539,6.263632774353027,6.174996126577539,6.263632774353027,3300,0.0,0.0
2011-01-21 00:00:00-05:00,6.269541433377142,6.287269101052929,6.263632774353027,6.263632774353027,3100,0.0,0.0
2011-01-24 00:00:00-05:00,6.174996126577539,6.281359878494333,6.174996126577539,6.263632774353027,3500,0.0,0.0
2011-01-25 00:00:00-05:00,6.2754492165206885,6.281358437723871,6.204540252685548,6.204540252685547,2000,0.0,0.0
2011-01-26 00:00:00-05:00,6.234086782501273,6.3109049797058105,6.234086782501273,6.3109049797058105,3700,0.0,0.0
2011-01-27 00:00:00-05:00,6.3109057397821235,6.49408713987975,6.2636330840450265,6.352269172668457,7900,0.0,0.0
2011-01-28 00:00:00-05:00,6.405449902181627,6.452722549438477,6.2990861640865115,6.452722549438477,2900,0.0,0.0
2011-01-31 00:00:00-05:00,6.399541854858398,6.44090528791571,6.393632631983208,6.399541854858398,3800,0.0,0.0
2011-02-01 00:00:00-05:00,6.387722985835352,6.4113593101501465,6.133632076800499,6.4113593101501465,4400,0.0,0.0
2011-02-02 00:00:00-05:00,6.275451456294344,6.482269763946533,6.275451456294344,6.482269763946533,4000,0.0,0.0
2011-02-03 00:00:00-05:00,6.512141704559326,6.512141704559326,6.506167695442523,6.512141704559326,1000,0.12,0.0
2011-02-04 00:00:00-05:00,6.500190505215337,6.870605700707532,6.500190505215337,6.691372394561768,7600,0.0,0.0
2011-02-07 00:00:00-05:00,6.661503103966484,6.84073649142325,6.661503103966484,6.804890155792236,2100,0.0,0.0
2011-02-08 00:00:00-05:00,6.834759640933689,7.169328557655092,6.834759640933689,6.966197490692139,6400,0.0,0.0
2011-02-09 00:00:00-05:00,7.049839231326988,7.1334810256958,6.906452809751603,7.133481025695801,700,0.0,0.0
2011-02-10 00:00:00-05:00,7.133480174167344,7.133480174167344,6.870605099325385,6.900477409362793,3200,0.0,0.0
2011-02-11 00:00:00-05:00,6.876581957391461,7.127508533352664,6.870607379447834,6.92437744140625,8000,0.0,0.0
2011-02-14 00:00:00-05:00,6.900479303772242,6.900479303772242,6.7809906005859375,6.7809906005859375,5300,0.0,0.0
2011-02-15 00:00:00-05:00,6.780989152157095,6.87060551796287,6.577858115245913,6.727219104766846,4300,0.0,0.0
2011-02-16 00:00:00-05:00,6.775016492032221,6.864632883184493,6.601757717975273,6.60773229598999,4600,0.0,0.0
2011-02-17 00:00:00-05:00,6.780990687854464,6.780990687854464,6.715271472930908,6.715271472930908,200,0.0,0.0
2011-02-18 00:00:00-05:00,6.769042304344232,6.769042304344232,6.571885776626801,6.6316304206848145,32100,0.0,0.0
2011-02-22 00:00:00-05:00,6.649553001250083,6.655527579083925,6.45837106870395,6.482268810272217,3600,0.0,0.0
2011-02-23 00:00:00-05:00,6.512139334826143,6.565909385681152,6.4225229632457905,6.565909385681152,2900,0.0,0.0
2011-02-24 00:00:00-05:00,6.386677934771024,6.428499414166183,6.195495982451994,6.380703926086426,6700,0.0,0.0
2011-02-25 00:00:00-05:00,6.386676072753453,6.571883962391041,6.386676072753453,6.565909385681152,5100,0.0,0.0
2011-02-28 00:00:00-05:00,6.577861585324672,6.625657081604004,6.571887005847941,6.625657081604004,1700,0.0,0.0
2011-03-01 00:00:00-05:00,6.38667783586068,6.70332365169414,6.38667783586068,6.6316304206848145,800,0.0,0.0
2011-03-02 00:00:00-05:00,6.6316304206848145,6.6316304206848145,6.6316304206848145,6.6316304206848145,0,0.0,0.0
2011-03-03 00:00:00-05:00,6.135750699268003,6.709296443309029,6.135750699268003,6.291085720062256,5500,0.0,0.0
2011-03-04 00:00:00-05:00,6.392651254677951,6.392651254677951,6.291085720062257,6.291085720062256,1100,0.0,0.0
2011-03-07 00:00:00-05:00,6.3030351597588465,6.309009737304655,6.237315946289094,6.273162841796875,6500,0.0,0.0
2011-03-08 00:00:00-05:00,6.2552384624947575,6.392650300723979,6.2552384624947575,6.332906246185303,1500,0.0,0.0
2011-03-09 00:00:00-05:00,6.386676966331877,6.386676966331877,6.183546457678035,6.273162841796875,2100,0.0,0.0
2011-03-10 00:00:00-05:00,6.374728773687568,6.559936130879742,6.183546838581555,6.350831031799316,5700,0.0,0.0
2011-03-11 00:00:00-05:00,6.356803981954166,6.392650300723979,6.3030339340324835,6.332906246185303,3300,0.0,0.0
2011-03-14 00:00:00-04:00,6.326931966175373,6.332906542839198,6.02223539352417,6.02223539352417,11300,0.0,0.0
2011-03-15 00:00:00-04:00,6.225366946754589,6.249264685580695,6.087954521179199,6.087954521179199,2200,0.0,0.0
2011-03-16 00:00:00-04:00,6.213416614940403,6.225365766972466,6.028209316578861,6.05808162689209,6200,0.0,0.0
2011-03-17 00:00:00-04:00,6.034184177689579,6.117825966798093,6.034184177689579,6.064055919647217,2400,0.0,0.0
2011-03-18 00:00:00-04:00,6.064056910794444,6.279137134552002,6.064056910794444,6.279137134552002,1600,0.0,0.0
2011-03-21 00:00:00-04:00,6.147699562170255,6.452396179801629,6.147699562170255,6.273162841796875,6100,0.0,0.0
2011-03-22 00:00:00-04:00,6.273163884185081,6.422524929046631,6.213419238333594,6.422524929046631,1500,0.0,0.0
2011-03-23 00:00:00-04:00,6.183544832714887,6.225365725011362,6.15964709857877,6.201467990875244,2600,0.0,0.0
2011-03-24 00:00:00-04:00,6.153675831662171,6.33290921894694,6.153675831662171,6.2134199142456055,1800,0.0,0.0
2011-03-25 00:00:00-04:00,6.213419914245606,6.279139145784786,6.213419914245606,6.2134199142456055,6300,0.0,0.0
2011-03-28 00:00:00-04:00,6.213418673158518,6.213418673158518,6.153674602508545,6.153674602508545,900,0.0,0.0
2011-03-29 00:00:00-04:00,6.153674602508545,6.273163313575608,6.123802282299999,6.153674602508545,10300,0.0,0.0
2011-03-30 00:00:00-04:00,6.165623188731693,6.165623188731693,6.123802282299999,6.153674602508545,1200,0.0,0.0
2011-03-31 00:00:00-04:00,6.153674602508545,6.153674602508545,6.153674602508545,6.153674602508545,0,0.0,0.0
2011-04-01 00:00:00-04:00,6.2731617116164555,6.32095718383789,6.267187135147034,6.320957183837891,4400,0.0,0.0
2011-04-04 00:00:00-04:00,6.261214157585344,6.261214157585344,6.129776860295132,6.153674602508545,5600,0.0,0.0
2011-04-05 00:00:00-04:00,6.225367545912277,6.27913760588785,6.135751159131048,6.237316131591797,7600,0.0,0.0
2011-04-06 00:00:00-04:00,6.243291854858398,6.243291854858398,6.213419530527869,6.243291854858398,2100,0.0,0.0
2011-04-07 00:00:00-04:00,6.243289205427792,6.33290614038913,6.243289205427792,6.303033828735352,4900,0.0,0.0
2011-04-08 00:00:00-04:00,6.3030351597588465,6.3030351597588465,6.273162841796875,6.273162841796875,4600,0.0,0.0
2011-04-11 00:00:00-04:00,6.237316032475375,6.237316032475375,6.183546543121338,6.183546543121338,2600,0.0,0.0
2011-04-12 00:00:00-04:00,6.177571965492973,6.183546543121338,6.177571965492973,6.183546543121338,2500,0.0,0.0
2011-04-13 00:00:00-04:00,6.183546543121338,6.183546543121338,6.183546543121338,6.183546543121338,0,0.0,0.0
2011-04-14 00:00:00-04:00,6.273164179188927,6.273164179188927,6.153675451634006,6.243291854858398,1100,0.0,0.0
2011-04-15 00:00:00-04:00,6.153674602508545,6.159649180503677,6.153674602508545,6.153674602508545,1900,0.0,0.0
2011-04-18 00:00:00-04:00,6.153674602508545,6.18354692271709,6.099904540086587,6.153674602508545,47800,0.0,0.0
2011-04-19 00:00:00-04:00,6.153674602508545,6.153674602508545,6.147700024513412,6.153674602508545,7000,0.0,0.0
2011-04-20 00:00:00-04:00,6.285112469565874,6.285112469565874,6.153674602508545,6.153674602508545,400,0.0,0.0
2011-04-21 00:00:00-04:00,6.159650410850683,6.243292240420939,6.159650410850683,6.2134199142456055,8900,0.0,0.0
2011-04-25 00:00:00-04:00,6.2432905238349035,6.273162841796875,6.2432905238349035,6.273162841796875,1400,0.0,0.0
2011-04-26 00:00:00-04:00,6.273162051829745,6.2791366286231876,6.1596479415893555,6.1596479415893555,14900,0.0,0.0
2011-04-27 00:00:00-04:00,6.326931669801346,6.332906246185303,6.320957093417389,6.332906246185303,1600,0.0,0.0
2011-04-28 00:00:00-04:00,6.57188396052849,6.57188396052849,6.428497538133765,6.553960800170898,4200,0.0,0.0
2011-04-29 00:00:00-04:00,6.542014122009278,6.542014122009278,6.542014122009278,6.542014122009277,600,0.0,0.0
2011-05-02 00:00:00-04:00,6.512140943461832,6.6555279710837985,6.512140943461832,6.571885585784912,3000,0.0,0.0
2011-05-03 00:00:00-04:00,6.571883871401395,6.6734493949953215,6.4942160845491586,6.5778584480285645,10000,0.0,0.0
2011-05-04 00:00:00-04:00,6.614101409912109,6.620141823528448,6.614101409912109,6.614101409912109,4300,0.12,0.0
2011-05-05 00:00:00-04:00,6.583900333948888,6.64430332183838,6.577860495996406,6.644303321838379,8800,0.0,0.0
2011-05-06 00:00:00-04:00,6.638262907840313,6.656384149834512,6.638262907840313,6.644303321838379,3500,0.0,0.0
2011-05-09 00:00:00-04:00,6.493296428160234,6.64430332183838,6.493296428160234,6.644303321838379,700,0.0,0.0
2011-05-10 00:00:00-04:00,6.831550218248058,6.831550218248058,6.644301468847815,6.692623615264893,1500,0.0,0.0
2011-05-11 00:00:00-04:00,6.6865815259168855,6.783225794512082,6.6865815259168855,6.746984481811523,1100,0.0,0.0
2011-05-12 00:00:00-04:00,6.704705591899169,6.867792720067197,6.704705591899169,6.8255109786987305,1400,0.0,0.0
2011-05-13 00:00:00-04:00,6.753026905693299,6.910073600953611,6.674503270040417,6.765107154846191,1600,0.0,0.0
2011-05-16 00:00:00-04:00,6.771149819734631,6.885914817065951,6.644303993186517,6.698666572570801,7300,0.0,0.0
2011-05-17 00:00:00-04:00,6.849671425485836,6.849671425485836,6.680543899536133,6.680543899536133,1900,0.0,0.0
2011-05-18 00:00:00-04:00,6.680543899536133,6.680543899536133,6.680543899536133,6.680543899536133,0,0.0,0.0
2011-05-19 00:00:00-04:00,6.6443024334076055,6.710745250365299,6.553698539733887,6.553698539733887,2700,0.0,0.0
2011-05-20 00:00:00-04:00,6.632222074715578,6.644302901948256,6.614101409912109,6.614101409912109,2600,0.0,0.0
2011-05-23 00:00:00-04:00,6.559740004218638,6.620142999016226,6.559740004218638,6.589941501617432,6100,0.0,0.0
2011-05-24 00:00:00-04:00,6.704706707415195,6.825512114314124,6.626183048919486,6.734907627105713,14300,0.0,0.0
2011-05-25 00:00:00-04:00,6.7349072276270325,6.7349072276270325,6.608061413895568,6.644303321838379,14600,0.0,0.0
2011-05-26 00:00:00-04:00,6.638262907840313,6.64430332183838,6.638262907840313,6.644303321838379,2300,0.0,0.0
2011-05-27 00:00:00-04:00,6.765107904669442,6.765107904669442,6.722826163879766,6.7288665771484375,2000,0.0,0.0
2011-05-31 00:00:00-04:00,6.595980056236495,6.680544109896882,6.559738154369048,6.638261795043945,4900,0.0,0.0
2011-06-01 00:00:00-04:00,6.59598116194502,6.704706309727872,6.59598116194502,6.644303321838379,9600,0.0,0.0
2011-06-02 00:00:00-04:00,6.644302800326624,6.704705783475082,6.595980644226073,6.595980644226074,17200,0.0,0.0
2011-06-03 00:00:00-04:00,6.583900451660156,6.583900451660156,6.583900451660156,6.583900451660156,3000,0.0,0.0
2011-06-06 00:00:00-04:00,6.517456054687501,6.529536879989559,6.5114156420364715,6.5174560546875,7700,0.0,0.0
2011-06-07 00:00:00-04:00,6.499335552654626,6.529537040607232,6.499335552654626,6.523496627807617,6000,0.0,0.0
2011-06-08 00:00:00-04:00,6.511418342590332,6.535579427169592,6.511418342590332,6.511418342590332,7600,0.0,0.0
2011-06-09 00:00:00-04:00,6.511416755822711,6.807390689849853,6.511416755822711,6.8073906898498535,19700,0.0,0.0
2011-06-10 00:00:00-04:00,6.698664772807862,6.79530907639374,6.602020469221985,6.638261795043945,3500,0.0,0.0
2011-06-13 00:00:00-04:00,6.58390012375481,6.58390012375481,6.366450411176874,6.4026923179626465,2500,0.0,0.0
2011-06-14 00:00:00-04:00,6.414773560030238,6.4630957258422965,6.414773560030238,6.451015472412109,2200,0.0,0.0
2011-06-15 00:00:00-04:00,6.4751753530095995,6.614101409912109,6.4751753530095995,6.614101409912109,12100,0.0,0.0
2011-06-16 00:00:00-04:00,6.614101827893633,6.64430332183838,6.553699416049726,6.644303321838379,4300,0.0,0.0
2011-06-17 00:00:00-04:00,6.740946871521928,6.765107948708384,6.553698667338273,6.759067535400391,5100,0.0,0.0
2011-06-20 00:00:00-04:00,6.348331165691752,6.638264180642871,6.342290750535513,6.511418342590332,8200,0.0,0.0
2011-06-21 00:00:00-04:00,6.511416538600024,6.547658443450928,6.511416538600024,6.547658443450928,5500,0.0,0.0
2011-06-22 00:00:00-04:00,6.54161807460157,6.595980644226073,6.505376745548927,6.595980644226074,3000,0.0,0.0
2011-06-23 00:00:00-04:00,6.535578974560385,6.535578974560385,6.451015472412109,6.451015472412109,800,0.0,0.0
2011-06-24 00:00:00-04:00,6.58389963088849,6.58389963088849,6.384570598602295,6.384570598602295,7400,0.0,0.0
2011-06-27 00:00:00-04:00,6.583899283861682,6.644302262117309,6.523496881651547,6.608060359954834,8400,0.0,0.0
2011-06-28 00:00:00-04:00,6.63221949397319,6.765105661595981,6.63221949397319,6.71678352355957,16800,0.0,0.0
2011-06-29 00:00:00-04:00,6.704704388404387,6.867791487298272,6.704704388404387,6.783227443695068,800,0.0,0.0
2011-06-30 00:00:00-04:00,6.849673369382311,6.91611620085012,6.849673369382311,6.867794036865234,2400,0.0,0.0
2011-07-01 00:00:00-04:00,6.692622984342703,6.7047038078308105,6.626180183294227,6.7047038078308105,1700,0.0,0.0
2011-07-05 00:00:00-04:00,6.78926902589484,7.055041450991374,6.710745381027478,6.759067535400391,4100,0.0,0.0
2011-07-06 00:00:00-04:00,6.734904714460337,6.734904714460337,6.565777217944433,6.7047038078308105,2100,0.0,0.0
2011-07-07 00:00:00-04:00,6.686583202951402,6.734905349368479,6.583898497803756,6.692623615264893,1000,0.0,0.0
2011-07-08 00:00:00-04:00,6.668464797322707,6.734907627105714,6.668464797322707,6.734907627105713,1200,0.0,0.0
2011-07-11 00:00:00-04:00,6.650343854735633,6.650343854735633,6.559739371281509,6.583900451660156,2800,0.0,0.0
2011-07-12 00:00:00-04:00,6.6443032218282045,6.656384049642496,6.517457410006025,6.626182556152344,7800,0.0,0.0
2011-07-13 00:00:00-04:00,6.6865854263305655,6.789270165622262,6.499337190713201,6.686585426330566,1600,0.0,0.0
2011-07-14 00:00:00-04:00,6.789267855962172,6.789267855962172,6.644301417824182,6.783227443695068,3900,0.0,0.0
2011-07-15 00:00:00-04:00,6.7832274436950675,6.7832274436950675,6.7832274436950675,6.783227443695068,0,0.0,0.0
2011-07-18 00:00:00-04:00,6.795310902122574,6.795310902122574,6.650344407794913,6.698666572570801,600,0.0,0.0
2011-07-19 00:00:00-04:00,6.722825949781397,6.795309178560584,6.644302307925904,6.753027439117432,2300,0.0,0.0
2011-07-20 00:00:00-04:00,6.807390370411223,6.807390370411223,6.795309543609619,6.795309543609619,2400,0.0,0.0
2011-07-21 00:00:00-04:00,6.807390370411223,6.807390370411223,6.72282631093658,6.795309543609619,1600,0.0,0.0
2011-07-22 00:00:00-04:00,6.783229569712607,6.807391226353835,6.75906848911698,6.7771897315979,1700,0.0,0.0
2011-07-25 00:00:00-04:00,6.807390004713196,6.837590918003735,6.7409466129648195,6.753027439117432,7500,0.0,0.0
2011-07-26 00:00:00-04:00,6.66846440178506,6.716786561678419,6.64430332183838,6.644303321838379,4700,0.0,0.0
2011-07-27 00:00:00-04:00,6.60806099629577,6.644302901948256,6.60806099629577,6.614101409912109,8200,0.0,0.0
2011-07-28 00:00:00-04:00,6.614101409912109,6.662423566751725,6.523497509849216,6.614101409912109,8700,0.0,0.0
2011-07-29 00:00:00-04:00,6.626182556152344,6.734907126253086,6.614101728338053,6.626182556152344,2400,0.0,0.0
2011-08-01 00:00:00-04:00,6.662424660966064,6.831552813727311,6.553700078243139,6.698666572570801,8500,0.0,0.0
2011-08-02 00:00:00-04:00,6.6865831447484405,6.891952553256106,6.46913348776437,6.505375385284424,12000,0.0,0.0
2011-08-03 00:00:00-04:00,6.554241975690904,6.6519758071320805,6.291584014892577,6.291584014892578,24400,0.12,0.0
2011-08-04 00:00:00-04:00,6.26104211807251,6.4259674095805295,6.26104211807251,6.26104211807251,3300,0.0,0.0
2011-08-05 00:00:00-04:00,6.193852563677671,6.346560955047607,6.108335654797445,6.346560955047607,18800,0.0,0.0
2011-08-08 00:00:00-04:00,6.1571996659584665,6.340449773910951,5.754049777984619,5.754049777984619,8800,0.0,0.0
2011-08-09 00:00:00-04:00,5.839566615424132,6.340449735965404,5.619666254182769,6.096116065979004,2500,0.0,0.0
2011-08-10 00:00:00-04:00,5.637991123849098,5.754049777984619,5.4608494887534365,5.754049777984619,5000,0.0,0.0
2011-08-11 00:00:00-04:00,5.637993304936251,5.882327070906703,5.637993304936251,5.864002227783203,3400,0.0,0.0
2011-08-12 00:00:00-04:00,5.864001941871551,5.870109834257408,5.857893466949464,5.857893466949463,4900,0.0,0.0
2011-08-15 00:00:00-04:00,5.9006528571367785,6.010603098523739,5.699077802951585,5.760161399841309,3600,0.0,0.0
2011-08-16 00:00:00-04:00,5.802917128488601,5.949517000347016,5.802917128488601,5.851783752441406,4200,0.0,0.0
2011-08-17 00:00:00-04:00,5.851785357025954,5.851785357025954,5.809027194976807,5.809027194976807,900,0.0,0.0
2011-08-18 00:00:00-04:00,5.760158368885766,5.760158368885766,5.503608329001952,5.644099712371826,9100,0.0,0.0
2011-08-19 00:00:00-04:00,5.558584869869316,5.558584869869316,5.405876500724952,5.534151554107666,7800,0.0,0.0
2011-08-22 00:00:00-04:00,5.601343897149477,5.601343897149477,5.4791772993591,5.52193546295166,3200,0.0,0.0
2011-08-23 00:00:00-04:00,5.54636869291847,5.5585856437683105,5.485285103741829,5.5585856437683105,11100,0.0,0.0
2011-08-24 00:00:00-04:00,5.5402596769026795,5.790701319524762,5.436417934956515,5.631885051727295,8500,0.0,0.0
2011-08-25 00:00:00-04:00,5.809024868623968,5.809024868623968,5.528041525106434,5.754049777984619,2800,0.0,0.0
2011-08-26 00:00:00-04:00,5.741832733154298,5.741832733154298,5.741832733154298,5.741832733154297,100,0.0,0.0
2011-08-29 00:00:00-04:00,5.73572717421453,5.73572717421453,5.570801838109862,5.601343631744385,3200,0.0,0.0
2011-08-30 00:00:00-04:00,5.692967053789191,6.022817063718262,5.692967053789191,5.900650501251221,4000,0.0,0.0
2011-08-31 00:00:00-04:00,5.864001334605596,5.986167907714844,5.778484442161037,5.986167907714844,2100,0.0,0.0
2011-09-01 00:00:00-04:00,5.986167725001804,6.187742710113525,5.986167725001804,6.187742710113525,2800,0.0,0.0
2011-09-02 00:00:00-04:00,6.1205508880942325,6.138875726805906,6.059467315673828,6.059467315673828,1400,0.0,0.0
2011-09-06 00:00:00-04:00,6.151093206327937,6.193851947784425,6.151093206327937,6.193851947784424,200,0.0,0.0
2011-09-07 00:00:00-04:00,6.212174571262349,6.224390934075497,5.973949379777781,6.169416427612305,600,0.0,0.0
2011-09-08 00:00:00-04:00,5.961733313471304,6.096116223779549,5.961733313471304,6.05335807800293,1300,0.0,0.0
2011-09-09 00:00:00-04:00,6.206066288574727,6.206066288574727,6.1633081436157235,6.163308143615723,300,0.0,0.0
2011-09-12 00:00:00-04:00,6.1449848542342576,6.206067850616309,6.016709804534912,6.016709804534912,2000,0.0,0.0
2011-09-13 00:00:00-04:00,6.016709804534912,6.016709804534912,6.016709804534912,6.016709804534912,0,0.0,0.0
2011-09-14 00:00:00-04:00,6.016710726188845,6.212177276611328,6.016710726188845,6.212177276611328,600,0.0,0.0
2011-09-15 00:00:00-04:00,6.21217555021685,6.21217555021685,6.02892541885376,6.02892541885376,1400,0.0,0.0
2011-09-16 00:00:00-04:00,6.218285073089646,6.2305014398892435,5.955626487731934,5.955626487731934,5600,0.0,0.0
2011-09-19 00:00:00-04:00,5.9556253458324235,6.108333688033255,5.7845921656776,5.802917003631592,1800,0.0,0.0
2011-09-20 00:00:00-04:00,5.802917003631593,5.973950183786417,5.7907000566382,5.802917003631592,12500,0.0,0.0
2011-09-21 00:00:00-04:00,5.802917003631593,5.802917003631593,5.802917003631593,5.802917003631592,100,0.0,0.0
2011-09-22 00:00:00-04:00,5.485283185494221,5.497500132071696,5.4364165642564695,5.491391658782959,7700,0.0,0.0
2011-09-23 00:00:00-04:00,5.497500852053318,5.589125633239746,5.491392377964583,5.589125633239746,14200,0.0,0.0
2011-09-26 00:00:00-04:00,5.625774949046151,5.625774949046151,5.479175090789795,5.479175090789795,500,0.0,0.0
2011-09-27 00:00:00-04:00,5.50971880052364,5.50971880052364,5.479177007071232,5.497501850128174,8200,0.0,0.0
2011-09-28 00:00:00-04:00,5.497501850128174,5.497501850128174,5.497501850128174,5.497501850128174,5500,0.0,0.0
2011-09-29 00:00:00-04:00,5.4975025053973905,5.4975025053973905,5.454744338989258,5.454744338989258,10500,0.0,0.0
2011-09-30 00:00:00-04:00,5.48528529285364,5.589127048512232,5.344793848454544,5.5524773597717285,17400,0.0,0.0
2011-10-03 00:00:00-04:00,5.473067538234527,5.589125633239746,5.473067538234527,5.589125633239746,700,0.0,0.0
2011-10-04 00:00:00-04:00,5.479175019725704,5.479175019725704,5.338683053816816,5.375333309173584,4100,0.0,0.0
2011-10-05 00:00:00-04:00,5.265384365127294,5.363117625703994,5.222626209259033,5.222626209259033,2400,0.0,0.0
2011-10-06 00:00:00-04:00,5.253169099468364,5.393660545349121,5.253169099468364,5.393660545349121,2800,0.0,0.0
2011-10-07 00:00:00-04:00,5.686860835033706,5.686860835033706,5.625777244567871,5.625777244567871,200,0.0,0.0
2011-10-10 00:00:00-04:00,5.509718418121338,5.509718418121338,5.497501468573789,5.509718418121338,400,0.0,0.0
2011-10-11 00:00:00-04:00,5.509718418121338,5.509718418121338,5.509718418121338,5.509718418121338,0,0.0,0.0
2011-10-12 00:00:00-04:00,5.509718418121338,5.509718418121338,5.509718418121338,5.509718418121338,0,0.0,0.0
2011-10-13 00:00:00-04:00,5.8456764221191415,5.8456764221191415,5.8456764221191415,5.845676422119141,100,0.0,0.0
2011-10-14 00:00:00-04:00,5.650208426694861,5.760158614923168,5.650208426694861,5.723508358001709,700,0.0,0.0
2011-10-17 00:00:00-04:00,5.894541493818901,5.894541493818901,5.528041839599609,5.528041839599609,2500,0.0,0.0
2011-10-18 00:00:00-04:00,5.656317423851441,5.8151342476613115,5.49750060004157,5.650208950042725,1900,0.0,0.0
2011-10-19 00:00:00-04:00,5.644099712371826,5.644099712371826,5.644099712371826,5.644099712371826,100,0.0,0.0
2011-10-20 00:00:00-04:00,5.784594046593366,5.784594046593366,5.71740198135376,5.71740198135376,400,0.0,0.0
2011-10-21 00:00:00-04:00,5.528041565858335,5.680749893188477,5.528041565858335,5.680749893188477,400,0.0,0.0
2011-10-24 00:00:00-04:00,5.595233850836529,5.650208950042725,5.534150860357742,5.650208950042725,2200,0.0,0.0
2011-10-25 00:00:00-04:00,5.637991619180526,5.7906999588012695,5.637991619180526,5.7906999588012695,2400,0.0,0.0
2011-10-26 00:00:00-04:00,5.796807560381139,5.802916032855943,5.784591197967529,5.784591197967529,700,0.0,0.0
2011-10-27 00:00:00-04:00,5.802916891166987,5.802916891166987,5.6502085519257506,5.772375106811523,1300,0.0,0.0
2011-10-28 00:00:00-04:00,5.741833322456059,5.802916891166987,5.711292120636679,5.772375106811523,2700,0.0,0.0
2011-10-31 00:00:00-04:00,5.686860010242526,5.955626487731934,5.686860010242526,5.955626487731934,5600,0.0,0.0
2011-11-01 00:00:00-04:00,5.955626225616679,6.077792800916964,5.955626225616679,6.016709804534912,6400,0.0,0.0
2011-11-02 00:00:00-04:00,6.029077515433294,6.158934593200684,6.029077515433294,6.158934593200684,2000,0.12,0.0
2011-11-03 00:00:00-04:00,6.183669090270996,6.214587553666479,6.1774852796477715,6.183669090270996,2900,0.0,0.0
2011-11-04 00:00:00-04:00,6.1032795906066895,6.1032795906066895,6.1032795906066895,6.1032795906066895,1200,0.0,0.0
2011-11-07 00:00:00-05:00,6.10328100757215,6.585607006695985,6.10328100757215,6.492852210998535,18000,0.0,0.0
2011-11-08 00:00:00-05:00,6.461933283798213,6.468117093658175,6.301157765762597,6.307341575622559,900,0.0,0.0
2011-11-09 00:00:00-05:00,6.307340218568853,6.307340218568853,6.245503902435303,6.245503902435303,1100,0.0,0.0
2011-11-10 00:00:00-05:00,6.294975363110867,6.338260858310675,6.276423931121826,6.276423931121826,3900,0.0,0.0
2011-11-11 00:00:00-05:00,6.461932916748059,6.461932916748059,6.449565887451173,6.449565887451172,500,0.0,0.0
2011-11-14 00:00:00-05:00,6.449565126948027,6.449565126948027,6.332075119018555,6.332075119018555,20700,0.0,0.0
2011-11-15 00:00:00-05:00,6.332075119018555,6.332075119018555,6.332075119018555,6.332075119018555,0,0.0,0.0
2011-11-16 00:00:00-05:00,6.5299548608195925,6.5299548608195925,6.084730518333551,6.276423931121826,5000,0.0,0.0
2011-11-17 00:00:00-05:00,6.276423357437567,6.461933532327275,6.183668564853008,6.350627899169922,1200,0.0,0.0
2011-11-18 00:00:00-05:00,6.183670223694902,6.325894355773926,6.183670223694902,6.325894355773926,3700,0.0,0.0
2011-11-21 00:00:00-05:00,6.183669421591873,6.381546654372198,6.183669421591873,6.356812000274658,10700,0.0,0.0
2011-11-22 00:00:00-05:00,6.313526153564454,6.338260806292869,6.134199773853286,6.313526153564453,7500,0.0,0.0
2011-11-23 00:00:00-05:00,6.276423890736805,6.276423890736805,6.183669090270996,6.183669090270996,200,0.0,0.0
2011-11-25 00:00:00-05:00,6.183668133195522,6.369178295135497,6.177484323529395,6.369178295135498,4400,0.0,0.0
2011-11-28 00:00:00-05:00,6.282608014561842,6.4124650955200195,6.282608014561842,6.4124650955200195,700,0.0,0.0
2011-11-29 00:00:00-05:00,6.338260141164325,6.338260141164325,6.177484620440876,6.319709300994873,143700,0.0,0.0
2011-11-30 00:00:00-05:00,6.066179637032928,6.325893196281322,6.0290773630142205,6.183669090270996,58300,0.0,0.0
2011-12-01 00:00:00-05:00,6.066178267879816,6.202218532562256,6.035259811462714,6.202218532562256,29700,0.0,0.0
2011-12-02 00:00:00-05:00,6.165116838243352,6.27642245540411,6.0599944405711605,6.072361469268799,4400,0.0,0.0
2011-12-05 00:00:00-05:00,6.07854618445266,6.1465663267289665,6.07854618445266,6.109464645385742,4300,0.0,0.0
2011-12-06 00:00:00-05:00,6.152749538421631,6.202218835214768,6.152749538421631,6.152749538421631,1000,0.0,0.0
2011-12-07 00:00:00-05:00,6.152749538421631,6.152749538421631,6.152749538421631,6.152749538421631,0,0.0,0.0
2011-12-08 00:00:00-05:00,6.078546049250035,6.239321570749525,6.066179018984233,6.20840311050415,7700,0.0,0.0
2011-12-09 00:00:00-05:00,6.270239211207901,6.3011570776904176,6.239320755004883,6.239320755004883,34900,0.0,0.0
2011-12-12 00:00:00-05:00,6.072362358079953,6.1651177406311035,6.059995327572154,6.1651177406311035,1100,0.0,0.0
2011-12-13 00:00:00-05:00,6.1651177406311035,6.1651177406311035,6.1651177406311035,6.1651177406311035,0,0.0,0.0
2011-12-14 00:00:00-05:00,5.967240436223255,6.183669090270996,5.96105721532067,6.183669090270996,2300,0.0,0.0
2011-12-15 00:00:00-05:00,6.171300721178686,6.307341589800826,6.165117501025391,6.251688480377197,23400,0.0,0.0
2011-12-16 00:00:00-05:00,6.171299749754316,6.245504277118997,6.171299749754316,6.177483558654785,3600,0.0,0.0
2011-12-19 00:00:00-05:00,6.0167087694928725,6.220770359039307,6.0167087694928725,6.220770359039307,300,0.0,0.0
2011-12-20 00:00:00-05:00,6.214586786605394,6.3073415756225595,6.214586786605394,6.307341575622559,17200,0.0,0.0
2011-12-21 00:00:00-05:00,6.2145875936536195,6.276423931121826,6.2145875936536195,6.276423931121826,1900,0.0,0.0
2011-12-22 00:00:00-05:00,6.276423931121826,6.276423931121826,6.276423931121826,6.276423931121826,0,0.0,0.0
2011-12-23 00:00:00-05:00,6.189851145620572,6.189851145620572,6.066177916829648,6.1032795906066895,3600,0.0,0.0
2011-12-27 00:00:00-05:00,6.140383243560791,6.140383243560791,6.140383243560791,6.140383243560791,800,0.0,0.0
2011-12-28 00:00:00-05:00,6.152749876709531,6.214586795961111,6.12183141708374,6.12183141708374,5200,0.0,0.0
2011-12-29 00:00:00-05:00,6.152749538421631,6.25787194153718,6.152749538421631,6.152749538421631,3100,0.0,0.0
2011-12-30 00:00:00-05:00,6.2084022988018654,6.239320755004883,6.171300033414143,6.239320755004883,25400,0.0,0.0
2012-01-03 00:00:00-05:00,6.233137745579418,6.264056205749511,6.233137745579418,6.264056205749512,3700,0.0,0.0
2012-01-04 00:00:00-05:00,6.152750782421128,6.165118403980238,6.121832318244006,6.158934593200684,15900,0.0,0.0
2012-01-05 00:00:00-05:00,6.3073415756225595,6.313525385482521,6.196035946746074,6.307341575622559,6000,0.0,0.0
2012-01-06 00:00:00-05:00,6.301157429501206,6.369178154889728,6.288790400161815,6.338259696960449,11700,0.0,0.0
2012-01-09 00:00:00-05:00,5.985791138283172,6.171300716596778,5.985791138283172,6.12183141708374,2900,0.0,0.0
2012-01-10 00:00:00-05:00,6.1218314216289205,6.251688480377197,6.1218314216289205,6.251688480377197,1000,0.0,0.0
2012-01-11 00:00:00-05:00,6.251688480377197,6.251688480377197,6.251688480377197,6.251688480377197,0,0.0,0.0
2012-01-12 00:00:00-05:00,6.183666119179863,6.183666119179863,6.134196837404052,6.171298503875732,600,0.0,0.0
2012-01-13 00:00:00-05:00,6.134199619293213,6.134199619293213,6.134199619293213,6.134199619293213,200,0.0,0.0
2012-01-17 00:00:00-05:00,6.134197707786298,6.25168712124435,6.134197707786298,6.245503902435303,7900,0.0,0.0
2012-01-18 00:00:00-05:00,6.029075883933993,6.301156997680664,6.029075883933993,6.301156997680664,700,0.0,0.0
2012-01-19 00:00:00-05:00,6.288790977633156,6.400097200511099,6.288790977633156,6.350627899169922,5000,0.0,0.0
2012-01-20 00:00:00-05:00,6.4371993019871745,6.492852417060133,6.3877299974157955,6.431015491485596,6300,0.0,0.0
2012-01-23 00:00:00-05:00,6.431014481027754,6.437198290557717,6.338259696960449,6.338259696960449,3200,0.0,0.0
2012-01-24 00:00:00-05:00,6.3073415756225595,6.3073415756225595,6.3073415756225595,6.307341575622559,600,0.0,0.0
2012-01-25 00:00:00-05:00,6.276423284069795,6.276423284069795,6.226953983306886,6.226953983306885,500,0.0,0.0
2012-01-26 00:00:00-05:00,6.165118555466667,6.4124650955200195,6.165118555466667,6.4124650955200195,6800,0.0,0.0
2012-01-27 00:00:00-05:00,6.183668133195522,6.431014622635124,6.183668133195522,6.369178295135498,6400,0.0,0.0
2012-01-30 00:00:00-05:00,6.30734181820595,6.350627899169922,6.30734181820595,6.350627899169922,1800,0.0,0.0
2012-01-31 00:00:00-05:00,6.350627899169922,6.350627899169922,6.350627899169922,6.350627899169922,0,0.0,0.0
2012-02-01 00:00:00-05:00,6.3815470768266085,6.554690256692034,6.369180043819484,6.393914699554443,25300,0.0,0.0
2012-02-02 00:00:00-05:00,6.301158008108156,6.350627899169922,6.22695405609639,6.350627899169922,6500,0.0,0.0
2012-02-03 00:00:00-05:00,6.413194179534912,6.413194179534912,6.394424022180917,6.413194179534912,1000,0.12,0.0
2012-02-06 00:00:00-05:00,6.32560110092163,6.32560110092163,6.32560110092163,6.325601100921631,100,0.0,0.0
2012-02-07 00:00:00-05:00,6.331854896633888,6.331854896633888,6.319341659545898,6.319341659545898,800,0.0,0.0
2012-02-08 00:00:00-05:00,6.325600062364545,6.375654220581055,6.319343740106956,6.375654220581055,1400,0.0,0.0
2012-02-09 00:00:00-05:00,6.250519427453308,6.413195755681725,6.250519427453308,6.381911754608154,27700,0.0,0.0
2012-02-10 00:00:00-05:00,6.3193427960723945,6.413194179534912,6.3193427960723945,6.413194179534912,3700,0.0,0.0
2012-02-13 00:00:00-05:00,6.413195769628957,6.507047176361084,6.413195769628957,6.507047176361084,1200,0.0,0.0
2012-02-14 00:00:00-05:00,6.507047488234258,6.507047488234258,6.413196077003971,6.450736999511719,1000,0.0,0.0
2012-02-15 00:00:00-05:00,6.319341659545898,6.319341659545898,6.319341659545898,6.319341659545898,300,0.0,0.0
2012-02-16 00:00:00-05:00,6.413196190528476,6.419453110505978,6.32560110092163,6.325601100921631,8300,0.0,0.0
2012-02-17 00:00:00-05:00,6.438222216698008,6.500790212814961,6.375654220581055,6.375654220581055,7600,0.0,0.0
2012-02-21 00:00:00-05:00,6.394425585747193,6.538331155136547,6.394425585747193,6.419452667236328,12100,0.0,0.0
2012-02-22 00:00:00-05:00,6.438221847221134,6.525816917419434,6.438221847221134,6.525816917419434,14000,0.0,0.0
2012-02-23 00:00:00-05:00,6.525816917419434,6.525816917419434,6.525816917419434,6.525816917419434,0,0.0,0.0
2012-02-24 00:00:00-05:00,6.525817878850678,6.538331121183922,6.43822279574723,6.488276958465576,3200,0.0,0.0
2012-02-27 00:00:00-05:00,6.513304081762999,6.513304081762999,6.381911754608153,6.381911754608154,500,0.0,0.0
2012-02-28 00:00:00-05:00,6.3193443491537025,6.413195755681725,6.269290186113065,6.381911754608154,6200,0.0,0.0
2012-02-29 00:00:00-05:00,6.294316682015084,6.538330554962158,6.294316682015084,6.538330554962158,2500,0.0,0.0
2012-03-01 00:00:00-05:00,6.256776427270063,6.475763840901594,6.256776427270063,6.369398593902588,900,0.0,0.0
2012-03-02 00:00:00-05:00,6.3193427960723945,6.494532323658948,6.3193427960723945,6.413194179534912,9900,0.0,0.0
2012-03-05 00:00:00-05:00,6.294318417097892,6.532075436613613,6.294318417097892,6.500792026519775,2900,0.0,0.0
2012-03-06 00:00:00-05:00,6.463248427073044,6.532072736196825,6.294315814971924,6.294315814971924,2900,0.0,0.0
2012-03-07 00:00:00-05:00,6.313086708650728,6.532073497772217,6.306829789812011,6.532073497772217,6200,0.0,0.0
2012-03-08 00:00:00-05:00,6.413195769628957,6.507047176361084,6.413195769628957,6.507047176361084,3000,0.0,0.0
2012-03-09 00:00:00-05:00,6.344371444471576,6.557101339510577,6.344371444471576,6.507047176361084,9000,0.0,0.0
2012-03-12 00:00:00-04:00,6.475764147595253,6.544588476745388,6.325601052742563,6.431966304779053,9200,0.0,0.0
2012-03-13 00:00:00-04:00,6.350626996612828,6.444478988647462,6.350626996612828,6.444478988647461,1900,0.0,0.0
2012-03-14 00:00:00-04:00,6.500790839349185,6.507047162209747,6.381911754608153,6.381911754608154,5900,0.0,0.0
2012-03-15 00:00:00-04:00,6.381911836476925,6.507047245683786,6.325600753160662,6.369398593902588,4900,0.0,0.0
2012-03-16 00:00:00-04:00,6.4131948806159,6.4131948806159,6.319343486893686,6.331856727600098,2600,0.0,0.0
2012-03-19 00:00:00-04:00,6.319344087550122,6.331857329445922,6.175437927246094,6.175437927246094,6300,0.0,0.0
2012-03-20 00:00:00-04:00,6.375654835054902,6.381911754608153,6.1691812633391,6.381911754608154,4300,0.0,0.0
2012-03-21 00:00:00-04:00,6.269289889282163,6.29431696961753,6.269289889282163,6.281803131103516,500,0.0,0.0
2012-03-22 00:00:00-04:00,6.256777398962506,6.331858656146921,6.169182300567627,6.169182300567627,18200,0.0,0.0
2012-03-23 00:00:00-04:00,6.20671967765121,6.20671967765121,6.100354474967661,6.112868309020996,4300,0.0,0.0
2012-03-26 00:00:00-04:00,6.162924766540527,6.194208170038487,6.112870604912583,6.162924766540527,13600,0.0,0.0
2012-03-27 00:00:00-04:00,6.131640766349894,6.187951847354499,6.119126927596572,6.162924766540527,1900,0.0,0.0
2012-03-28 00:00:00-04:00,6.1128719769065505,6.231750488281251,6.1128719769065505,6.23175048828125,200,0.0,0.0
2012-03-29 00:00:00-04:00,6.175438404400857,6.356884901104694,6.175438404400857,6.3381147384643555,6000,0.0,0.0
2012-03-30 00:00:00-04:00,6.256775856018066,6.3381140137494185,6.244262017893561,6.256775856018066,1200,0.0,0.0
2012-04-02 00:00:00-04:00,6.413196926855752,6.500792026519775,6.306831661796867,6.500792026519775,3900,0.0,0.0
2012-04-03 00:00:00-04:00,6.3756536844279665,6.394424439700128,6.25677521783386,6.356883525848389,7000,0.0,0.0
2012-04-04 00:00:00-04:00,6.325599863969201,6.388167858123779,6.300572785645892,6.388167858123779,12400,0.0,0.0
2012-04-05 00:00:00-04:00,6.300572674960059,6.300572674960059,6.187951122829967,6.275545597076416,5300,0.0,0.0
2012-04-09 00:00:00-04:00,6.175440077080561,6.400683879852295,6.175440077080561,6.400683879852295,14800,0.0,0.0
2012-04-10 00:00:00-04:00,6.444479756755296,6.500790839349185,6.3443714306740215,6.381911754608154,18000,0.0,0.0
2012-04-11 00:00:00-04:00,6.456992563529518,6.475763320922852,6.41319532299704,6.475763320922852,8400,0.0,0.0
2012-04-12 00:00:00-04:00,6.431965346440014,6.469506263732911,6.256775791355985,6.46950626373291,7800,0.0,0.0
2012-04-13 00:00:00-04:00,6.43822009699777,6.444477013887983,6.313084742655684,6.319341659545898,3600,0.0,0.0
2012-04-16 00:00:00-04:00,6.269290500225169,6.450736999511719,6.2567766604916795,6.450736999511719,6100,0.0,0.0
2012-04-17 00:00:00-04:00,6.319344408926766,6.563358306884765,6.256776406187809,6.563358306884766,41700,0.0,0.0
2012-04-18 00:00:00-04:00,6.463250242552488,6.569615493516264,6.363141911455456,6.450736999511719,4200,0.0,0.0
2012-04-19 00:00:00-04:00,6.538330975331305,6.538330975331305,6.294317086695837,6.519560813903809,4800,0.0,0.0
2012-04-20 00:00:00-04:00,6.438222125988216,6.438222125988216,6.269289493560791,6.269289493560791,8200,0.0,0.0
2012-04-23 00:00:00-04:00,6.27554601651218,6.413195252418518,6.244262017893561,6.256775856018066,9600,0.0,0.0
2012-04-24 00:00:00-04:00,6.263032710353574,6.4757631827305,6.250518872358396,6.46950626373291,19000,0.0,0.0
2012-04-25 00:00:00-04:00,6.475763320922852,6.507046723193107,6.431965483697724,6.475763320922852,17600,0.0,0.0
2012-04-26 00:00:00-04:00,6.294317502816253,6.4757639997913605,6.294317502816253,6.463250160217285,6000,0.0,0.0
2012-04-27 00:00:00-04:00,6.438222069839962,6.444478988647462,6.400681153687584,6.444478988647461,12700,0.0,0.0
2012-04-30 00:00:00-04:00,6.475763320922852,6.494533481623535,6.394425162296357,6.475763320922852,6100,0.0,0.0
2012-05-01 00:00:00-04:00,6.463249979856592,6.563358306884765,6.456993060244157,6.563358306884766,6500,0.0,0.0
2012-05-02 00:00:00-04:00,6.507045668255041,6.726033028799969,6.507045668255041,6.594640731811523,8600,0.0,0.0
2012-05-03 00:00:00-04:00,6.594642229599675,6.708561385565289,6.41743512309213,6.626286506652832,11800,0.12,0.0
2012-05-04 00:00:00-04:00,6.6009707741779335,6.61362812203308,6.550340175628663,6.550340175628662,1500,0.0,0.0
2012-05-07 00:00:00-04:00,6.499708577917904,6.7718478523948,6.442749012414942,6.676915645599365,59000,0.0,0.0
2012-05-08 00:00:00-04:00,6.702232428028763,6.803493632028183,6.581984295606163,6.733876705169678,24700,0.0,0.0
2012-05-09 00:00:00-04:00,6.651601244261161,6.898425256530724,6.550340049118332,6.778177738189697,12000,0.0,0.0
2012-05-10 00:00:00-04:00,6.740204863822073,6.86678196836836,6.66425896323292,6.797164440155029,4200,0.0,0.0
2012-05-11 00:00:00-04:00,6.626284980835321,6.803492046537853,6.581982761736504,6.645271301269531,16600,0.0,0.0
2012-05-14 00:00:00-04:00,6.62628633937865,6.8034934414127735,6.461736585707637,6.613628387451172,44400,0.0,0.0
2012-05-15 00:00:00-04:00,6.632614827643867,6.70856133340672,6.468065674662695,6.569326877593994,23000,0.0,0.0
2012-05-16 00:00:00-04:00,6.48705260651158,6.613629122023309,6.423764046973497,6.499710559844971,20300,0.0,0.0
2012-05-17 00:00:00-04:00,6.5756558536682945,6.638943803718167,6.49338097539552,6.569326877593994,12700,0.0,0.0
2012-05-18 00:00:00-04:00,6.664257965333294,6.860451965150644,6.430091322689537,6.556667804718018,22700,0.0,0.0
2012-05-21 00:00:00-04:00,6.562996998803076,6.638942890555466,6.455406834596116,6.468064785003662,4600,0.0,0.0
2012-05-22 00:00:00-04:00,6.562996418329931,6.569325392973929,6.423761993983179,6.487050533294678,7400,0.0,0.0
2012-05-23 00:00:00-04:00,6.41743516921997,6.569326975889648,6.41743516921997,6.417435169219971,8800,0.0,0.0
2012-05-24 00:00:00-04:00,6.487053415849357,6.5186976995664025,6.461738109588623,6.461738109588623,1200,0.0,0.0
2012-05-25 00:00:00-04:00,6.417433622903423,6.613627008353433,6.417433622903423,6.487050533294678,13100,0.0,0.0
2012-05-29 00:00:00-04:00,6.562997780966826,6.581984105276598,6.423763327711638,6.480722904205322,1400,0.0,0.0
2012-05-30 00:00:00-04:00,6.506036778402668,6.506036778402668,6.4427488433875055,6.455406188964844,600,0.0,0.0
2012-05-31 00:00:00-04:00,6.436423092637453,6.556670651889798,6.417436762979618,6.474395751953125,264400,0.0,0.0
2012-06-01 00:00:00-04:00,6.442749538437496,6.487051158083835,6.3668036460876465,6.3668036460876465,2400,0.0,0.0
2012-06-04 00:00:00-04:00,6.373133659362794,6.404777940217211,6.3668052860434745,6.373133659362793,13400,0.0,0.0
2012-06-05 00:00:00-04:00,6.366803812968265,6.3921191110817555,6.290857315063476,6.290857315063477,6300,0.0,0.0
2012-06-06 00:00:00-04:00,6.297185801734883,6.385789640037385,6.284528455442679,6.316172122955322,19900,0.0,0.0
2012-06-07 00:00:00-04:00,6.2971863898265505,6.430091857910156,6.290857414307253,6.430091857910156,2200,0.0,0.0
2012-06-08 00:00:00-04:00,6.366804380189051,6.506038230435484,6.290857875518163,6.297186851501465,7200,0.0,0.0
2012-06-11 00:00:00-04:00,6.335159792992673,6.4807226120801475,6.278200219066499,6.309844493865967,6200,0.0,0.0
2012-06-12 00:00:00-04:00,6.328831765860034,6.638944377531713,6.328831765860034,6.442750930786133,42100,0.0,0.0
2012-06-13 00:00:00-04:00,6.373133301236521,6.480723487957039,6.328831672668457,6.328831672668457,15000,0.0,0.0
2012-06-14 00:00:00-04:00,6.316173636622655,6.328831589512599,6.290858334407181,6.322502613067627,10900,0.0,0.0
2012-06-15 00:00:00-04:00,6.3604754565957355,6.45540768286973,6.284529554863665,6.354146480560303,22200,0.0,0.0
2012-06-18 00:00:00-04:00,6.39844824071297,6.550340650947035,6.284529687492905,6.417435169219971,10100,0.0,0.0
2012-06-19 00:00:00-04:00,6.360474343888708,6.50603714585253,6.309843751591355,6.316172122955322,23600,0.0,0.0
2012-06-20 00:00:00-04:00,6.278200029175432,6.6642584800720215,6.278200029175432,6.6642584800720215,24300,0.0,0.0
2012-06-21 00:00:00-04:00,6.518695430787347,6.518695430787347,6.347816720326958,6.3668036460876465,2300,0.0,0.0
2012-06-22 00:00:00-04:00,6.303514493568422,6.955383792794192,6.202253313521418,6.487050533294678,84200,0.0,0.0
2012-06-25 00:00:00-04:00,6.366802959230771,6.626284880990675,6.366802959230771,6.455406188964844,10600,0.0,0.0
2012-06-26 00:00:00-04:00,6.411105727835995,6.62628607345257,6.411105727835995,6.550340175628662,24400,0.0,0.0
2012-06-27 00:00:00-04:00,6.575654464067101,6.702230940982432,6.442749012414942,6.676915645599365,9700,0.0,0.0
2012-06-28 00:00:00-04:00,6.581982377530075,6.600969300420216,6.392117977142334,6.392117977142334,27400,0.0,0.0
2012-06-29 00:00:00-04:00,6.4617366163506045,6.632614743231331,6.39844806354182,6.562997817993164,10900,0.0,0.0
2012-07-02 00:00:00-04:00,6.58831203739635,6.600969987306944,6.398447013687339,6.449077606201172,7100,0.0,0.0
2012-07-03 00:00:00-04:00,6.398447264890749,6.493380082254459,6.366803596000476,6.468064785003662,3000,0.0,0.0
2012-07-05 00:00:00-04:00,6.468064785003662,6.468064785003662,6.468064785003662,6.468064785003662,0,0.0,0.0
2012-07-06 00:00:00-04:00,6.398446347874838,6.518694445255564,6.366802683519688,6.392117977142334,18500,0.0,0.0
2012-07-09 00:00:00-04:00,6.487053847936862,6.512369155883789,6.373134660393411,6.512369155883789,2100,0.0,0.0
2012-07-10 00:00:00-04:00,6.392118834073574,6.449077799687323,6.3668035370571445,6.411105155944824,1900,0.0,0.0
2012-07-11 00:00:00-04:00,6.417435088891315,6.575655869749504,6.417435088891315,6.54401159286499,800,0.0,0.0
2012-07-12 00:00:00-04:00,6.512366728968038,6.581983648987327,6.430091857910156,6.430091857910156,1000,0.0,0.0
2012-07-13 00:00:00-04:00,6.468066079618534,6.544011986571866,6.468066079618534,6.537683010101318,11600,0.0,0.0
2012-07-16 00:00:00-04:00,6.544011394860378,6.64527259497542,6.544011394860378,6.581984043121338,7400,0.0,0.0
2012-07-17 00:00:00-04:00,6.487051999321219,6.581984226178217,6.480723023246918,6.569326877593994,9200,0.0,0.0
2012-07-18 00:00:00-04:00,6.556669959651364,6.702233414498612,6.556669959651364,6.575656890869141,10600,0.0,0.0
2012-07-19 00:00:00-04:00,6.525026970314917,6.645274529567262,6.436423092637453,6.474395751953125,1600,0.0,0.0
2012-07-20 00:00:00-04:00,6.525024890899658,6.525024890899658,6.525024890899658,6.525024890899658,500,0.0,0.0
2012-07-23 00:00:00-04:00,6.5376826007868685,6.569326877593994,6.5376826007868685,6.569326877593994,300,0.0,0.0
2012-07-24 00:00:00-04:00,6.607299594498485,6.645272847768348,6.531353691523145,6.600971221923828,8000,0.0,0.0
2012-07-25 00:00:00-04:00,6.512369155883789,6.512369155883789,6.512369155883789,6.512369155883789,600,0.0,0.0
2012-07-26 00:00:00-04:00,6.512369155883789,6.512369155883789,6.512369155883789,6.512369155883789,0,0.0,0.0
2012-07-27 00:00:00-04:00,6.512366035094682,6.835136509416674,6.512366035094682,6.816150188446045,50800,0.0,0.0
2012-07-30 00:00:00-04:00,6.752861456337129,6.77184777677134,6.493379530667361,6.645271301269531,12000,0.0,0.0
2012-07-31 00:00:00-04:00,6.518697046074023,6.72121947585724,6.518697046074023,6.6895751953125,8200,0.0,0.0
2012-08-01 00:00:00-04:00,6.525025526520223,6.626286733708629,6.525025526520223,6.6072998046875,16600,0.0,0.0
2012-08-02 00:00:00-04:00,6.568886262186986,6.7609590777434905,6.568886262186986,6.716141700744629,4400,0.12,0.0
2012-08-03 00:00:00-04:00,6.709739278205908,6.709739278205908,6.594496074811335,6.620105743408203,2300,0.0,0.0
2012-08-06 00:00:00-04:00,6.588091415777507,6.7225422859191895,6.588091415777507,6.7225422859191895,2600,0.0,0.0
2012-08-07 00:00:00-04:00,6.626507135069525,6.786567687988281,6.626507135069525,6.786567687988281,8300,0.0,0.0
2012-08-08 00:00:00-04:00,6.684130014908855,6.709739685058594,6.684130014908855,6.709739685058594,1100,0.0,0.0
2012-08-09 00:00:00-04:00,6.63290781323565,6.703334833702906,6.56248140335083,6.56248140335083,15200,0.0,0.0
2012-08-10 00:00:00-04:00,6.562483815723431,6.562483815723431,6.466447711433713,6.498459339141846,2300,0.0,0.0
2012-08-13 00:00:00-04:00,6.4472401264502075,6.6585200484284295,6.43443559723654,6.549678802490234,9600,0.0,0.0
2012-08-14 00:00:00-04:00,6.466447180206419,6.690531608667811,6.466447180206419,6.492056846618652,2300,0.0,0.0
2012-08-15 00:00:00-04:00,6.56248140335083,6.568883970771933,6.56248140335083,6.56248140335083,9700,0.0,0.0
2012-08-16 00:00:00-04:00,6.613703280306586,6.6585200484284295,6.472849795460214,6.549678802490234,6900,0.0,0.0
2012-08-17 00:00:00-04:00,6.6201064764027775,6.658520678260063,6.588094234466553,6.588094234466553,800,0.0,0.0
2012-08-20 00:00:00-04:00,6.600897769900359,6.613702297210694,6.600897769900359,6.613702297210693,2000,0.0,0.0
2012-08-21 00:00:00-04:00,6.709739257284073,6.780166303642854,6.703337298091815,6.767361164093018,9900,0.0,0.0
2012-08-22 00:00:00-04:00,6.709738501791821,6.73534877800787,6.709738501791821,6.728946208953857,7700,0.0,0.0
2012-08-23 00:00:00-04:00,6.760958114579369,6.760958114579369,6.568885326385497,6.568885326385498,2500,0.0,0.0
2012-08-24 00:00:00-04:00,6.607298154133676,6.607298154133676,6.472847291202703,6.56248140335083,11300,0.0,0.0
2012-08-27 00:00:00-04:00,6.568885384233225,6.626507282257079,6.568885384233225,6.62650728225708,6100,0.0,0.0
2012-08-28 00:00:00-04:00,6.52406695929767,6.7225422859191895,6.52406695929767,6.7225422859191895,39500,0.0,0.0
2012-08-29 00:00:00-04:00,6.68412946305477,6.72254427039913,6.568886262186986,6.716141700744629,5800,0.0,0.0
2012-08-30 00:00:00-04:00,6.613700721554778,6.620103288975881,6.49205499346601,6.56248140335083,6200,0.0,0.0
2012-08-31 00:00:00-04:00,6.530469176827753,6.626505856396983,6.530469176827753,6.56248140335083,2300,0.0,0.0
2012-09-04 00:00:00-04:00,6.511264499225851,6.620105743408203,6.511264499225851,6.620105743408203,3100,0.0,0.0
2012-09-05 00:00:00-04:00,6.658519058670736,6.696933861766901,6.613702297210694,6.613702297210693,33700,0.0,0.0
2012-09-06 00:00:00-04:00,6.51126342886908,6.664921415191152,6.504860860126686,6.568885326385498,1300,0.0,0.0
2012-09-07 00:00:00-04:00,6.55608049282565,6.65211719666591,6.524068258212231,6.5944952964782715,4800,0.0,0.0
2012-09-10 00:00:00-04:00,6.645714492615936,6.690531253814697,6.549677790726708,6.690531253814697,6200,0.0,0.0
2012-09-11 00:00:00-04:00,6.6777268776869425,6.754555874587315,6.626507546420027,6.728946208953857,64700,0.0,0.0
2012-09-12 00:00:00-04:00,6.7225422859191895,6.7225422859191895,6.690530057679271,6.7225422859191895,7400,0.0,0.0
2012-09-13 00:00:00-04:00,6.6585178294393526,6.728944853683666,6.594493983541984,6.7225422859191895,14400,0.0,0.0
2012-09-14 00:00:00-04:00,6.60729957586075,6.658518905085828,6.594495048845764,6.62650728225708,6200,0.0,0.0
2012-09-17 00:00:00-04:00,6.645714627626708,6.684128820696739,6.5944952964782715,6.5944952964782715,4100,0.0,0.0
2012-09-18 00:00:00-04:00,6.594496074811335,6.632910272415305,6.594496074811335,6.620105743408203,6500,0.0,0.0
2012-09-19 00:00:00-04:00,6.613701726506568,6.6841281470926805,6.613701726506568,6.632908821105957,1500,0.0,0.0
2012-09-20 00:00:00-04:00,6.56248140335083,6.626505856396983,6.56248140335083,6.56248140335083,35400,0.0,0.0
2012-09-21 00:00:00-04:00,6.562482400519844,6.632908821105957,6.562482400519844,6.632908821105957,13600,0.0,0.0
2012-09-24 00:00:00-04:00,6.594495200953902,6.639311962413943,6.562482966804194,6.613702297210693,22900,0.0,0.0
2012-09-25 00:00:00-04:00,6.594495048845764,6.626507282257079,6.581689911248211,6.62650728225708,700,0.0,0.0
2012-09-26 00:00:00-04:00,6.632908473293653,6.748152256011963,6.632908473293653,6.748152256011963,14400,0.0,0.0
2012-09-27 00:00:00-04:00,6.722542993761704,6.754555225372314,6.664921098979113,6.7545552253723145,11200,0.0,0.0
2012-09-28 00:00:00-04:00,6.748152751113322,6.748152751113322,6.63931152846774,6.735348224639893,14500,0.0,0.0
2012-10-01 00:00:00-04:00,6.792970832610031,6.818580501127044,6.703337298091815,6.767361164093018,6100,0.0,0.0
2012-10-02 00:00:00-04:00,6.773762414642721,6.786567551698691,6.684128286998553,6.735348224639893,3000,0.0,0.0
2012-10-03 00:00:00-04:00,6.613703574642748,6.850593176173508,6.613703574642748,6.709739685058594,10300,0.0,0.0
2012-10-04 00:00:00-04:00,6.626505634866039,6.818577766418457,6.600895976620222,6.818577766418457,12100,0.0,0.0
2012-10-05 00:00:00-04:00,6.748151847178227,6.805773735046386,6.748151847178227,6.805773735046387,6900,0.0,0.0
2012-10-08 00:00:00-04:00,6.786568748398433,6.876202281265458,6.786568748398433,6.850592613220215,3000,0.0,0.0
2012-10-09 00:00:00-04:00,6.831383495585431,6.844188020531917,6.696932625443748,6.7225422859191895,3900,0.0,0.0
2012-10-10 00:00:00-04:00,6.703337125142998,6.792970657348632,6.703337125142998,6.792970657348633,5300,0.0,0.0
2012-10-11 00:00:00-04:00,6.754554899748717,6.844188411238332,6.671323345806571,6.7417497634887695,1500,0.0,0.0
2012-10-12 00:00:00-04:00,6.7225444657358,6.876202478412779,6.645715459397311,6.812178611755371,1800,0.0,0.0
2012-10-15 00:00:00-04:00,6.831383809021577,6.831383809021577,6.748152256011963,6.748152256011963,3000,0.0,0.0
2012-10-16 00:00:00-04:00,6.748154086392541,6.748154086392541,6.594496074811335,6.620105743408203,34300,0.0,0.0
2012-10-17 00:00:00-04:00,6.658519941012173,6.67772765039682,6.594496074811335,6.620105743408203,45300,0.0,0.0
2012-10-18 00:00:00-04:00,6.575286629586439,6.58168858651409,6.498457040630186,6.543274402618408,6800,0.0,0.0
2012-10-19 00:00:00-04:00,6.479253035642678,6.511265277862549,6.479253035642678,6.511265277862549,1100,0.0,0.0
2012-10-22 00:00:00-04:00,6.485652538026908,6.485652538026908,6.466445446014405,6.466445446014404,2700,0.0,0.0
2012-10-23 00:00:00-04:00,6.466446781279698,6.492056446112025,6.4344345475936455,6.485653877258301,4400,0.0,0.0
2012-10-24 00:00:00-04:00,6.485652300611799,6.485652300611799,6.421627848803885,6.4344329833984375,3700,0.0,0.0
2012-10-25 00:00:00-04:00,6.415226544856545,6.524067147072961,6.344799518585204,6.344799518585205,20300,0.0,0.0
2012-10-26 00:00:00-04:00,6.364006345188685,6.453640460968018,6.344799252729707,6.453640460968018,8200,0.0,0.0
2012-10-31 00:00:00-04:00,6.415228248712506,6.485654683106306,6.370410871750407,6.447239875793457,1600,0.0,0.0
2012-11-01 00:00:00-04:00,6.4537175923188865,6.51203441619873,6.447237807899736,6.5120344161987305,3000,0.12,0.0
2012-11-02 00:00:00-04:00,6.4861154556274405,6.4861154556274405,6.4861154556274405,6.486115455627441,2800,0.0,0.0
2012-11-05 00:00:00-05:00,6.447239353126943,6.473157879069253,6.447239353126943,6.453719139099121,3500,0.0,0.0
2012-11-06 00:00:00-05:00,6.427799269328174,6.479636310375476,6.4148397000932125,6.421319484710693,8300,0.0,0.0
2012-11-07 00:00:00-05:00,6.414841086811512,6.447239398956298,6.414841086811512,6.447239398956299,9400,0.0,0.0
2012-11-08 00:00:00-05:00,6.447239398956298,6.453719184974537,6.447239398956298,6.447239398956299,5200,0.0,0.0
2012-11-09 00:00:00-05:00,6.427799734074501,6.479636778869754,6.382442474365234,6.382442474365234,7500,0.0,0.0
2012-11-12 00:00:00-05:00,6.382444382182975,6.421321868427376,6.3370864909691695,6.401883125305176,19800,0.0,0.0
2012-11-13 00:00:00-05:00,6.4083629123280765,6.414842081404475,6.401883125305176,6.401883125305176,4000,0.0,0.0
2012-11-14 00:00:00-05:00,6.4213208655192355,6.4213208655192355,6.18157434463501,6.18157434463501,15100,0.0,0.0
2012-11-15 00:00:00-05:00,6.175093104062509,6.175093104062509,5.838152344168386,5.909428119659424,5200,0.0,0.0
2012-11-16 00:00:00-05:00,6.000144527381643,6.11677758322922,5.864072113937476,5.993664741516113,18400,0.0,0.0
2012-11-19 00:00:00-05:00,5.954786644269325,6.026063052897371,5.941827690484658,5.993664741516113,15000,0.0,0.0
2012-11-20 00:00:00-05:00,5.974224496908324,6.026061534881592,5.889989155715205,6.026061534881592,13200,0.0,0.0
2012-11-21 00:00:00-05:00,5.993664741516113,6.000144527381643,5.961266430134856,5.993664741516113,8600,0.0,0.0
2012-11-23 00:00:00-05:00,5.89647102355957,5.915909765181973,5.864072708891263,5.89647102355957,8900,0.0,0.0
2012-11-26 00:00:00-05:00,5.8446322822787575,5.8446322822787575,5.766876102313113,5.825192928314209,16700,0.0,0.0
2012-11-27 00:00:00-05:00,5.799274444580078,5.799274444580078,5.676161625085137,5.799274444580078,27600,0.0,0.0
2012-11-28 00:00:00-05:00,5.79927626012856,5.889991420435157,5.766877944451457,5.831674575805664,13200,0.0,0.0
2012-11-29 00:00:00-05:00,5.818714141845703,5.818714141845703,5.773356877373379,5.818714141845703,8200,0.0,0.0
2012-11-30 00:00:00-05:00,5.779836061760469,5.896469721635405,5.779836061760469,5.85759162902832,600,0.0,0.0
2012-12-03 00:00:00-05:00,5.922389507293701,5.922389507293701,5.922389507293701,5.922389507293701,100,0.0,0.0
2012-12-04 00:00:00-05:00,5.851111888885498,5.851111888885498,5.851111888885498,5.851111888885498,300,0.0,0.0
2012-12-05 00:00:00-05:00,5.838152534810537,5.896469361183087,5.799274444580078,5.799274444580078,2300,0.0,0.0
2012-12-06 00:00:00-05:00,5.831673536107321,5.889990370339812,5.786316273013767,5.864071846008301,1800,0.0,0.0
2012-12-07 00:00:00-05:00,5.88350979179084,5.896469361183087,5.792794659883954,5.799274444580078,8800,0.0,0.0
2012-12-10 00:00:00-05:00,5.792796807376079,5.870553016662598,5.792796807376079,5.870553016662598,2200,0.0,0.0
2012-12-11 00:00:00-05:00,5.844634016871907,5.928868770599365,5.844634016871907,5.928868770599365,4100,0.0,0.0
2012-12-12 00:00:00-05:00,5.902950192136068,5.902950192136068,5.838154180745908,5.89647102355957,7000,0.0,0.0
2012-12-13 00:00:00-05:00,5.9029479978138575,5.9029479978138575,5.799273923771541,5.805753707885742,5600,0.0,0.0
2012-12-14 00:00:00-05:00,5.8316746200040495,5.8316746200040495,5.747439245783747,5.786317348480225,13000,0.0,0.0
2012-12-17 00:00:00-05:00,5.766876124130546,5.766876124130546,5.702080131175739,5.760396957397461,11400,0.0,0.0
2012-12-18 00:00:00-05:00,5.825192442282121,5.831672226396321,5.734477936468206,5.805753707885742,18900,0.0,0.0
2012-12-19 00:00:00-05:00,5.799276491271465,5.799276491271465,5.740959644317627,5.740959644317627,2400,0.0,0.0
2012-12-20 00:00:00-05:00,5.812235011422678,5.825193965092558,5.734479435564235,5.773356914520264,11800,0.0,0.0
2012-12-21 00:00:00-05:00,5.682641757162235,5.864071414120555,5.64376366455515,5.85759162902832,21400,0.0,0.0
2012-12-24 00:00:00-05:00,5.825193636244783,5.961266040802003,5.799275112421805,5.961266040802002,3500,0.0,0.0
2012-12-26 00:00:00-05:00,5.961266430134856,6.01958326703184,5.8899906394532024,5.993664741516113,22300,0.0,0.0
2012-12-27 00:00:00-05:00,6.026064301599831,6.084381150581054,5.961267665410357,6.077901363372803,9000,0.0,0.0
2012-12-28 00:00:00-05:00,6.142696283041762,6.181574381391702,5.88999080657959,5.88999080657959,3400,0.0,0.0
2012-12-31 00:00:00-05:00,5.896470224148071,6.123257160186768,5.896470224148071,6.123257160186768,600,0.0,0.0
2013-01-02 00:00:00-05:00,6.181573429486506,6.272288566369466,5.967745466355394,6.1556549072265625,16500,0.0,0.0
2013-01-03 00:00:00-05:00,6.207492022478529,6.408361035741654,6.188053285048652,6.3565239906311035,8300,0.0,0.0
2013-01-04 00:00:00-05:00,6.2074929168407404,6.291728281768417,6.1167777658540725,6.1750946044921875,7400,0.0,0.0
2013-01-07 00:00:00-05:00,6.103819894259288,6.103819894259288,6.077901363372803,6.077901363372803,1100,0.0,0.0
2013-01-08 00:00:00-05:00,6.01958269752323,6.252849405095573,5.9612658661435605,6.0066237449646,22900,0.0,0.0
2013-01-09 00:00:00-05:00,5.961267111637448,6.149176597595215,5.961267111637448,6.149176597595215,300,0.0,0.0
2013-01-10 00:00:00-05:00,6.097336802208155,6.1102963696003885,5.948305484874577,6.071418285369873,24300,0.0,0.0
2013-01-11 00:00:00-05:00,6.051982015810195,6.084380329532988,5.967746647309509,6.019583702087402,3900,0.0,0.0
2013-01-14 00:00:00-05:00,6.019582548656257,6.019582548656257,5.779836061760469,5.85759162902832,10100,0.0,0.0
2013-01-15 00:00:00-05:00,5.97422595318982,6.000144478494372,5.669682817401548,5.792795658111572,18000,0.0,0.0
2013-01-16 00:00:00-05:00,5.766877558917202,5.877031454087331,5.7409590316975505,5.779837131500244,15600,0.0,0.0
2013-01-17 00:00:00-05:00,5.721519275776856,5.851111888885498,5.695600753155128,5.851111888885498,17800,0.0,0.0
2013-01-18 00:00:00-05:00,5.915907775696632,6.265808096962711,5.909427991352794,6.246369361877441,7800,0.0,0.0
2013-01-22 00:00:00-05:00,6.213972534434678,6.3176466367822455,6.213972534434678,6.278768539428711,1200,0.0,0.0
2013-01-23 00:00:00-05:00,6.103820084150659,6.369485188488674,6.103820084150659,6.233412742614746,10800,0.0,0.0
2013-01-24 00:00:00-05:00,6.1750947728336865,6.3176469802856445,6.071420664849145,6.3176469802856445,13800,0.0,0.0
2013-01-25 00:00:00-05:00,6.272287881306549,6.28524683204798,6.233409793189764,6.246369361877441,1000,0.0,0.0
2013-01-28 00:00:00-05:00,6.097339366110338,6.252850532531738,6.090859579689502,6.252850532531738,800,0.0,0.0
2013-01-29 00:00:00-05:00,6.2398918243042,6.324127197265625,6.2398918243042,6.324127197265625,8500,0.0,0.0
2013-01-30 00:00:00-05:00,6.324127197265625,6.356525512704091,6.324127197265625,6.324127197265625,3100,0.0,0.0
2013-01-31 00:00:00-05:00,6.278769098109545,6.55739373642027,6.168615818023682,6.168615818023682,34100,0.0,0.0
2013-02-01 00:00:00-05:00,6.375963867079609,6.388922821699107,6.1945341767816124,6.311167240142822,8900,0.0,0.0
2013-02-04 00:00:00-05:00,6.375961904311496,6.395400639229964,6.311165297321617,6.33708381652832,5100,0.0,0.0
2013-02-05 00:00:00-05:00,6.133721710098132,6.3830060958862305,6.094360655402634,6.3830060958862305,2800,0.12,0.0
2013-02-06 00:00:00-05:00,6.278041754151201,6.494525909423829,6.278041754151201,6.494525909423828,4900,0.0,0.0
2013-02-07 00:00:00-05:00,6.40268845768986,6.678214029170731,6.40268845768986,6.671653747558594,3900,0.0,0.0
2013-02-08 00:00:00-05:00,6.560128137900714,6.560128137900714,6.396124934453196,6.409245491027832,800,0.0,0.0
2013-02-11 00:00:00-05:00,6.291164784113547,6.291164784113547,6.2780442237854,6.2780442237854,200,0.0,0.0
2013-02-12 00:00:00-05:00,6.3042854372763415,6.461729051043145,6.264925003051758,6.264925003051758,2600,0.0,0.0
2013-02-13 00:00:00-05:00,6.481407883539094,6.481407883539094,6.3239649290294855,6.350205421447754,2200,0.0,0.0
2013-02-14 00:00:00-05:00,6.350205421447754,6.350205421447754,6.350205421447754,6.350205421447754,0,0.0,0.0
2013-02-15 00:00:00-05:00,6.350205421447754,6.350205421447754,6.350205421447754,6.350205421447754,0,0.0,0.0
2013-02-19 00:00:00-05:00,6.71101232396486,6.71101232396486,6.3633256280874315,6.560129642486572,6400,0.0,0.0
2013-02-20 00:00:00-05:00,6.560131924306887,6.711014658266937,6.415808846797714,6.468289852142334,25600,0.0,0.0
2013-02-21 00:00:00-05:00,6.468289852142335,6.468289852142335,6.468289852142335,6.468289852142334,0,0.0,0.0
2013-02-22 00:00:00-05:00,6.455168173420235,6.638851642608642,6.369886406319926,6.638851642608643,3600,0.0,0.0
2013-02-25 00:00:00-05:00,6.54044900215493,6.599490265186178,6.448606967926025,6.448606967926025,2600,0.0,0.0
2013-02-26 00:00:00-05:00,6.369885679963165,6.442046878224392,6.323964974308082,6.428926944732666,2200,0.0,0.0
2013-02-27 00:00:00-05:00,6.396125026110758,6.461726558678875,6.3764448165893555,6.3764448165893555,2200,0.0,0.0
2013-02-28 00:00:00-05:00,6.330524536900091,6.343645095825195,6.330524536900091,6.343645095825195,1600,0.0,0.0
2013-03-01 00:00:00-05:00,6.487967967987061,6.514208459616403,6.291163967955665,6.4879679679870605,2600,0.0,0.0
2013-03-04 00:00:00-05:00,6.514206742174071,6.514206742174071,6.4879662574629196,6.494525909423828,800,0.0,0.0
2013-03-05 00:00:00-05:00,6.487968792314346,6.487968792314346,6.396126747131347,6.396126747131348,1100,0.0,0.0
2013-03-06 00:00:00-05:00,6.442045932617673,6.520767398880846,6.442045932617673,6.501087188720703,1300,0.0,0.0
2013-03-07 00:00:00-05:00,6.520767919562563,6.520767919562563,6.428926514399982,6.435486793518066,300,0.0,0.0
2013-03-08 00:00:00-05:00,6.487967967987061,6.547008604936077,6.487967967987061,6.4879679679870605,6800,0.0,0.0
2013-03-11 00:00:00-04:00,6.415807988991947,6.494529486483663,6.415807988991947,6.481409549713135,2400,0.0,0.0
2013-03-12 00:00:00-04:00,6.455169913617646,6.527331139560766,6.455169913617646,6.468289852142334,800,0.0,0.0
2013-03-13 00:00:00-04:00,6.507648566467847,6.507648566467847,6.474847793579102,6.474847793579102,700,0.0,0.0
2013-03-14 00:00:00-04:00,6.501087188720703,6.527327677475094,6.4945269101264556,6.501087188720703,3500,0.0,0.0
2013-03-15 00:00:00-04:00,6.53388891515725,6.53388891515725,6.428926944732666,6.428926944732666,5000,0.0,0.0
2013-03-18 00:00:00-04:00,6.448607388514483,6.560129642486572,6.448607388514483,6.560129642486572,2600,0.0,0.0
2013-03-19 00:00:00-04:00,6.665091037750244,6.665091037750244,6.665091037750244,6.665091037750244,200,0.0,0.0
2013-03-20 00:00:00-04:00,6.70445500181606,6.70445500181606,6.468289852142335,6.468289852142334,2200,0.0,0.0
2013-03-21 00:00:00-04:00,6.461725772751768,6.5010861870072425,6.442044940001526,6.494525909423828,1400,0.0,0.0
2013-03-22 00:00:00-04:00,6.494525909423829,6.494525909423829,6.494525909423829,6.494525909423828,0,0.0,0.0
2013-03-25 00:00:00-04:00,6.487967967987061,6.487967967987061,6.474847409361056,6.4879679679870605,400,0.0,0.0
2013-03-26 00:00:00-04:00,6.494528285034416,6.540449619293213,6.448607576398353,6.540449619293213,2500,0.0,0.0
2013-03-27 00:00:00-04:00,6.442047788614568,6.448608069098876,6.422367572784424,6.422367572784424,2700,0.0,0.0
2013-03-28 00:00:00-04:00,6.415805235632161,6.428925792394817,6.3764448165893555,6.3764448165893555,4100,0.0,0.0
2013-04-01 00:00:00-04:00,6.494525909423829,6.494525909423829,6.494525909423829,6.494525909423828,1700,0.0,0.0
2013-04-02 00:00:00-04:00,6.697891997524063,6.724132489531474,6.573249816894531,6.573249816894531,9500,0.0,0.0
2013-04-03 00:00:00-04:00,6.71757034227987,6.71757034227987,6.494525909423829,6.494525909423828,1600,0.0,0.0
2013-04-04 00:00:00-04:00,6.573248724390012,6.606048864730731,6.507647192463426,6.599489212036133,400,0.0,0.0
2013-04-05 00:00:00-04:00,6.573250817385518,6.606050968170166,6.461728552973947,6.606050968170166,2000,0.0,0.0
2013-04-08 00:00:00-04:00,6.606050483168544,6.7241330193167945,6.586370269018078,6.651971817016602,3200,0.0,0.0
2013-04-09 00:00:00-04:00,6.625729990671939,6.651970479470492,6.599489501873387,6.61916971206665,400,0.0,0.0
2013-04-10 00:00:00-04:00,6.612612017572633,6.7569350751752975,6.612612017572633,6.750374794006348,8900,0.0,0.0
2013-04-11 00:00:00-04:00,6.7569350751752975,6.7569350751752975,6.750374794006348,6.750374794006348,300,0.0,0.0
2013-04-12 00:00:00-04:00,6.763494685467104,6.770054340362549,6.763494685467104,6.770054340362549,400,0.0,0.0
2013-04-15 00:00:00-04:00,6.770052581024135,6.868454886357351,6.691331112131136,6.861894607543945,13800,0.0,0.0
2013-04-16 00:00:00-04:00,6.868457816562486,6.868457816562486,6.651973528345072,6.671653747558594,2100,0.0,0.0
2013-04-17 00:00:00-04:00,6.809415467998904,6.809415467998904,6.658532142639161,6.65853214263916,3100,0.0,0.0
2013-04-18 00:00:00-04:00,6.57324949119502,6.691331386566161,6.57324949119502,6.691331386566162,800,0.0,0.0
2013-04-19 00:00:00-04:00,6.507648655396497,6.651971682705561,6.507648655396497,6.560129642486572,1700,0.0,0.0
2013-04-22 00:00:00-04:00,6.704452037811279,6.704452037811279,6.704452037811279,6.704452037811279,200,0.0,0.0
2013-04-23 00:00:00-04:00,6.717572593277316,6.743813086781418,6.6782121658325195,6.6782121658325195,42800,0.0,0.0
2013-04-24 00:00:00-04:00,6.750374193972169,6.750374193972169,6.651972487676138,6.65853214263916,44800,0.0,0.0
2013-04-25 00:00:00-04:00,6.645410825706529,6.7569330699920185,6.645410825706529,6.665091037750244,9400,0.0,0.0
2013-04-26 00:00:00-04:00,6.691333966772117,6.861897534950349,6.63229268350866,6.671653747558594,3700,0.0,0.0
2013-04-29 00:00:00-04:00,6.868456363677978,6.868456363677978,6.789734877852954,6.8684563636779785,1600,0.0,0.0
2013-04-30 00:00:00-04:00,6.87501372200837,6.87501372200837,6.658529551890103,6.835653305053711,3300,0.0,0.0
2013-05-01 00:00:00-04:00,6.8225327489871255,6.888134278074954,6.8225327489871255,6.835653305053711,5600,0.0,0.0
2013-05-02 00:00:00-04:00,6.881574677680571,6.920935724133718,6.881574677680571,6.888134956359863,2100,0.0,0.0
2013-05-03 00:00:00-04:00,7.498644867882074,7.498644867882074,6.868227958679199,6.868227958679199,4600,0.12,0.0
2013-05-06 00:00:00-04:00,6.9014072398909425,6.9014072398909425,6.801867961883545,6.801867961883545,5800,0.0,0.0
2013-05-07 00:00:00-04:00,6.801867961883545,6.801867961883545,6.801867961883545,6.801867961883545,700,0.0,0.0
2013-05-08 00:00:00-04:00,6.801868173222788,6.84168426537604,6.635968949485647,6.768688201904297,3600,0.0,0.0
2013-05-09 00:00:00-04:00,6.728871726337126,7.492007787128533,6.728871726337126,7.080577850341797,3100,0.0,0.0
2013-05-10 00:00:00-04:00,6.961132768363513,6.961132768363513,6.7421457967152945,6.775325775146484,3100,0.0,0.0
2013-05-13 00:00:00-04:00,6.695693687782653,6.695693687782653,6.655877590179443,6.655877590179443,500,0.0,0.0
2013-05-14 00:00:00-04:00,6.682420376690013,6.967767237501384,6.682420376690013,6.868227958679199,4200,0.0,0.0
2013-05-15 00:00:00-04:00,6.828413249319437,6.908044815063477,6.635970140557488,6.908044815063477,700,0.0,0.0
2013-05-16 00:00:00-04:00,6.828412285246172,6.901407718658447,6.7355084885670875,6.901407718658447,2100,0.0,0.0
2013-05-17 00:00:00-04:00,6.967767374397859,6.967767374397859,6.755416571215624,6.762052059173584,2800,0.0,0.0
2013-05-20 00:00:00-04:00,6.9345889121896525,6.954496646106185,6.735509674457966,6.775325775146484,3500,0.0,0.0
2013-05-21 00:00:00-04:00,6.755416593090089,6.768688201904297,6.742144351420566,6.768688201904297,4500,0.0,0.0
2013-05-22 00:00:00-04:00,6.768689892519271,6.901409178087204,6.742146035405685,6.748782157897949,3200,0.0,0.0
2013-05-23 00:00:00-04:00,6.828412023706518,6.828412023706518,6.742144351420566,6.768688201904297,1100,0.0,0.0
2013-05-24 00:00:00-04:00,6.762051163437638,6.961130331477593,6.762051163437638,6.8748626708984375,2000,0.0,0.0
2013-05-28 00:00:00-04:00,6.821777105834022,6.901408671327561,6.821777105834022,6.848320960998535,3700,0.0,0.0
2013-05-29 00:00:00-04:00,6.8748626708984375,6.8748626708984375,6.8748626708984375,6.8748626708984375,100,0.0,0.0
2013-05-30 00:00:00-04:00,6.768688201904297,6.775324322739058,6.768688201904297,6.768688201904297,300,0.0,0.0
2013-05-31 00:00:00-04:00,6.868227677306108,6.868227677306108,6.7819600105285645,6.7819600105285645,1100,0.0,0.0
2013-06-03 00:00:00-04:00,6.781959523240293,6.967766451411811,6.781959523240293,6.8748626708984375,1000,0.0,0.0
2013-06-04 00:00:00-04:00,6.874863446506791,6.874863446506791,6.868227958679199,6.868227958679199,300,0.0,0.0
2013-06-05 00:00:00-04:00,6.874863446506791,6.874863446506791,6.868227958679199,6.868227958679199,1100,0.0,0.0
2013-06-06 00:00:00-04:00,6.868227902458673,6.868227902458673,6.801867961883545,6.801867961883545,200,0.0,0.0
2013-06-07 00:00:00-04:00,6.715599564770543,6.801867225030632,6.635968024420129,6.675784111022949,10000,0.0,0.0
2013-06-10 00:00:00-04:00,6.768688893470743,6.921316523987856,6.735508918762206,6.735508918762207,2900,0.0,0.0
2013-06-11 00:00:00-04:00,6.775325250133672,6.775325250133672,6.655877590179443,6.655877590179443,3600,0.0,0.0
2013-06-12 00:00:00-04:00,6.735507987223613,6.868227867702246,6.735507987223613,6.7421441078186035,6700,0.0,0.0
2013-06-13 00:00:00-04:00,6.728874223039399,6.901408972715701,6.728874223039399,6.894773483276367,5700,0.0,0.0
2013-06-14 00:00:00-04:00,6.841684319587294,6.961131331282881,6.835048198699951,6.835048198699951,6200,0.0,0.0
2013-06-17 00:00:00-04:00,6.881501882865318,6.881501882865318,6.735510342990966,6.78859806060791,7700,0.0,0.0
2013-06-18 00:00:00-04:00,6.742144896268306,6.841684818267822,6.742144896268306,6.841684818267822,6500,0.0,0.0
2013-06-19 00:00:00-04:00,6.835048406335107,6.901407718658447,6.835048406335107,6.901407718658447,4600,0.0,0.0
2013-06-20 00:00:00-04:00,6.841684319587294,6.841684319587294,6.835048198699951,6.835048198699951,300,0.0,0.0
2013-06-21 00:00:00-04:00,6.841683641689608,6.967766761779785,6.841683641689608,6.967766761779785,4100,0.0,0.0
2013-06-24 00:00:00-04:00,6.781960443573819,6.86822811585977,6.768688201904297,6.768688201904297,3700,0.0,0.0
2013-06-25 00:00:00-04:00,6.742145091735248,6.94122430865058,6.742145091735248,6.85495662689209,600,0.0,0.0
2013-06-26 00:00:00-04:00,6.914681215998383,6.947861194610596,6.815141913017197,6.947861194610596,700,0.0,0.0
2013-06-27 00:00:00-04:00,6.9213173382919155,6.947861194610596,6.821777402455275,6.947861194610596,800,0.0,0.0
2013-06-28 00:00:00-04:00,6.95449476594134,7.0142185843999085,6.8085039128818154,6.9943108558654785,4100,0.0,0.0
2013-07-01 00:00:00-04:00,7.040763097249404,7.226570690607572,6.801868433745767,6.901407718658447,19700,0.0,0.0
2013-07-02 00:00:00-04:00,7.04076288138404,7.04076288138404,6.934587478637695,6.934587478637695,3600,0.0,0.0
2013-07-03 00:00:00-04:00,6.861592769622803,6.861592769622803,6.861592769622803,6.861592769622803,100,0.0,0.0
2013-07-05 00:00:00-04:00,6.861591384385081,7.0341267136023875,6.861591384385081,7.020854473114014,1100,0.0,0.0
2013-07-08 00:00:00-04:00,6.868228146691973,6.961131307374422,6.868228146691973,6.927951335906982,600,0.0,0.0
2013-07-09 00:00:00-04:00,6.894772964568862,7.1933914839586475,6.874864599182245,6.881500720977783,1500,0.0,0.0
2013-07-10 00:00:00-04:00,6.881500938168033,6.881500938168033,6.815141616684464,6.848320960998535,3400,0.0,0.0
2013-07-11 00:00:00-04:00,6.854956648038897,6.901408233415465,6.808505062662329,6.861592769622803,39500,0.0,0.0
2013-07-12 00:00:00-04:00,6.835048198699951,6.835048198699951,6.835048198699951,6.835048198699951,200,0.0,0.0
2013-07-15 00:00:00-04:00,6.901407509007427,6.934587480588826,6.835048198699951,6.835048198699951,5900,0.0,0.0
2013-07-16 00:00:00-04:00,6.841684818267822,6.841684818267822,6.835048696896782,6.841684818267822,900,0.0,0.0
2013-07-17 00:00:00-04:00,6.8483202915887995,6.987675675794636,6.83504868173153,6.888136386871338,13200,0.0,0.0
2013-07-18 00:00:00-04:00,6.854955794074402,7.140302658081055,6.841684185415303,7.140302658081055,3300,0.0,0.0
2013-07-19 00:00:00-04:00,7.047398567199707,7.047398567199707,7.047398567199707,7.047398567199707,100,0.0,0.0
2013-07-22 00:00:00-04:00,7.047399548055007,7.180118811766374,7.047399548055007,7.107123374938965,1000,0.0,0.0
2013-07-23 00:00:00-04:00,7.279657721010352,7.292929329106665,7.047398567199707,7.047398567199707,2100,0.0,0.0
2013-07-24 00:00:00-04:00,7.047398567199707,7.047398567199707,7.047398567199707,7.047398567199707,1000,0.0,0.0
2013-07-25 00:00:00-04:00,6.841685493371158,6.908044815063477,6.841685493371158,6.908044815063477,600,0.0,0.0
2013-07-26 00:00:00-04:00,6.914679095379544,7.286292969873173,6.801867582408734,7.073942184448242,6800,0.0,0.0
2013-07-29 00:00:00-04:00,7.000947231312082,7.000947231312082,6.835048010820589,6.974403381347656,2200,0.0,0.0
2013-07-30 00:00:00-04:00,6.914680254783175,6.934587986040932,6.835048696896782,6.841684818267822,5000,0.0,0.0
2013-07-31 00:00:00-04:00,6.86159112077818,6.994310356286849,6.86159112077818,6.987674236297607,1100,0.0,0.0
2013-08-01 00:00:00-04:00,7.127029446485714,7.133665566339655,6.994310213682997,7.08721399307251,4600,0.0,0.0
2013-08-02 00:00:00-04:00,7.0737905991231855,7.174460987668896,7.013388109977071,7.020099639892578,900,0.12,0.0
2013-08-05 00:00:00-04:00,7.107349507696199,7.107349507696199,7.0402354707021,7.046947002410889,1700,0.0,0.0
2013-08-06 00:00:00-04:00,7.020101435982209,7.127483381917045,7.020101435982209,7.080503940582275,10000,0.0,0.0
2013-08-07 00:00:00-04:00,7.0670809574903615,7.167752012981509,7.046947002410889,7.046947002410889,2200,0.0,0.0
2013-08-08 00:00:00-04:00,7.060370065828465,7.19459749976977,7.020101515622628,7.046947002410889,3800,0.0,0.0
2013-08-09 00:00:00-04:00,7.147617867720199,7.147617867720199,7.013390425330732,7.073792934417725,3700,0.0,0.0
2013-08-12 00:00:00-04:00,7.04023461167343,7.04023461167343,6.912718725000026,6.919430255889893,3100,0.0,0.0
2013-08-13 00:00:00-04:00,7.140907109211804,7.268423021855344,6.932854089581148,7.033524513244629,10400,0.0,0.0
2013-08-14 00:00:00-04:00,7.053658944983197,7.100638389587403,7.0469474128834735,7.100638389587402,800,0.0,0.0
2013-08-15 00:00:00-04:00,7.046947002410889,7.046947002410889,7.046947002410889,7.046947002410889,200,0.0,0.0
2013-08-16 00:00:00-04:00,7.154328868400754,7.154328868400754,7.080503940582276,7.080503940582275,3300,0.0,0.0
2013-08-19 00:00:00-04:00,7.046948153301363,7.208021100336972,7.046948153301363,7.19459867477417,2700,0.0,0.0
2013-08-20 00:00:00-04:00,7.1811743548844635,7.1811743548844635,7.046946922465918,7.080503940582275,7700,0.0,0.0
2013-08-21 00:00:00-04:00,7.127482401695919,7.127482401695919,7.046945953320726,7.06036901473999,700,0.0,0.0
2013-08-22 00:00:00-04:00,7.033524870141029,7.147618364107365,7.020102444993389,7.093927383422852,8900,0.0,0.0
2013-08-23 00:00:00-04:00,7.114060372813357,7.140905857086181,7.107348841733444,7.140905857086182,4300,0.0,0.0
2013-08-26 00:00:00-04:00,7.100638389587403,7.100638389587403,7.100638389587403,7.100638389587402,700,0.0,0.0
2013-08-27 00:00:00-04:00,7.053657484030358,7.06036901473999,7.046945953320726,7.06036901473999,11800,0.0,0.0
2013-08-28 00:00:00-04:00,7.053659686106263,7.201309567532073,7.053659686106263,7.19459867477417,11800,0.0,0.0
2013-08-29 00:00:00-04:00,7.208019841368173,7.208019841368173,7.060369985731215,7.080503940582275,600,0.0,0.0
2013-08-30 00:00:00-04:00,7.053657429255306,7.114059925079346,7.053657429255306,7.114059925079346,5200,0.0,0.0
2013-09-03 00:00:00-04:00,7.2080191797271045,7.2415761947631845,7.2080191797271045,7.241576194763184,16000,0.0,0.0
2013-09-04 00:00:00-04:00,7.241576301366887,7.241576301366887,7.181173801422119,7.181173801422119,5200,0.0,0.0
2013-09-05 00:00:00-04:00,7.161040257593868,7.201308166495024,7.161040257593868,7.167751789093018,2400,0.0,0.0
2013-09-06 00:00:00-04:00,7.2147321701049805,7.221443702479138,7.2147321701049805,7.2147321701049805,8200,0.0,0.0
2013-09-09 00:00:00-04:00,7.201307648710523,7.2885556317856,7.167751273721269,7.241576194763184,11900,0.0,0.0
2013-09-10 00:00:00-04:00,7.275133316896961,7.275133316896961,7.181173801422119,7.181173801422119,5400,0.0,0.0
2013-09-11 00:00:00-04:00,7.18117223077119,7.2952656745910645,7.18117223077119,7.2952656745910645,12600,0.0,0.0
2013-09-12 00:00:00-04:00,7.2751346316389585,7.2751346316389585,7.221443653106689,7.2214436531066895,2500,0.0,0.0
2013-09-13 00:00:00-04:00,7.20801877975464,7.20801877975464,7.20801877975464,7.208018779754639,200,0.0,0.0
2013-09-16 00:00:00-04:00,7.2147321701049805,7.228155234853295,7.194598213029463,7.2147321701049805,10600,0.0,0.0
2013-09-17 00:00:00-04:00,7.2147321701049805,7.281846213752646,7.194598213029463,7.2147321701049805,16500,0.0,0.0
2013-09-18 00:00:00-04:00,7.234866226385533,7.241577758851719,7.201309204101563,7.2013092041015625,3000,0.0,0.0
2013-09-19 00:00:00-04:00,7.208019363849236,7.24828791093052,7.147616863250732,7.147616863250732,5800,0.0,0.0
2013-09-20 00:00:00-04:00,7.228155234853295,7.248289191928813,7.154329658831472,7.2147321701049805,6700,0.0,0.0
2013-09-23 00:00:00-04:00,7.2281532698914335,7.275132703645342,7.2281532698914335,7.268421173095703,1900,0.0,0.0
2013-09-24 00:00:00-04:00,7.161039848122808,7.181173801422119,7.161039848122808,7.181173801422119,1000,0.0,0.0
2013-09-25 00:00:00-04:00,7.161041289398371,7.281846313601875,7.161041289398371,7.2013092041015625,1300,0.0,0.0
2013-09-26 00:00:00-04:00,7.261709642546065,7.301978185797116,7.2214417393417945,7.268421173095703,1700,0.0,0.0
2013-09-27 00:00:00-04:00,7.2952656745910645,7.2952656745910645,7.2952656745910645,7.2952656745910645,100,0.0,0.0
2013-09-30 00:00:00-04:00,7.301978568593911,7.301978568593911,7.2147305870150875,7.281844615936279,1300,0.0,0.0
2013-10-01 00:00:00-04:00,7.275132703645342,7.275132703645342,7.268421173095704,7.268421173095703,1800,0.0,0.0
2013-10-02 00:00:00-04:00,7.248290024586771,7.281847050265516,7.248290024586771,7.275135517120361,3600,0.0,0.0
2013-10-03 00:00:00-04:00,7.19459729277668,7.315401659824791,7.187885761260986,7.187885761260986,1700,0.0,0.0
2013-10-04 00:00:00-04:00,7.187884726640382,7.268421173095704,7.187884726640382,7.268421173095703,3900,0.0,0.0
2013-10-07 00:00:00-04:00,7.187887070563472,7.248289585113525,7.187887070563472,7.248289585113525,300,0.0,0.0
2013-10-08 00:00:00-04:00,7.2080214657628705,7.275135517120361,7.2080214657628705,7.275135517120361,300,0.0,0.0
2013-10-09 00:00:00-04:00,7.187886680655305,7.241577659554656,7.187886680655305,7.2147321701049805,1100,0.0,0.0
2013-10-10 00:00:00-04:00,7.2415761947631845,7.2415761947631845,7.221442241760267,7.241576194763184,1600,0.0,0.0
2013-10-11 00:00:00-04:00,7.2751346316389585,7.2751346316389585,7.221443653106689,7.2214436531066895,1900,0.0,0.0
2013-10-14 00:00:00-04:00,7.26171152952665,7.315402507781982,7.221443615858625,7.315402507781982,2800,0.0,0.0
2013-10-15 00:00:00-04:00,7.3086907550430364,7.3086907550430364,7.234865188598633,7.234865188598633,1400,0.0,0.0
2013-10-16 00:00:00-04:00,7.228153772776848,7.2415761947631845,7.228153772776848,7.241576194763184,500,0.0,0.0
2013-10-17 00:00:00-04:00,7.241578052375299,7.2818466087576645,7.228155626945838,7.248289585113525,8000,0.0,0.0
2013-10-18 00:00:00-04:00,7.2281532698914335,7.275132703645342,7.214730208792155,7.268421173095703,5800,0.0,0.0
2013-10-21 00:00:00-04:00,7.301981009653952,7.301981009653952,7.248290024586771,7.275135517120361,7300,0.0,0.0
2013-10-22 00:00:00-04:00,7.301979218841659,7.301979218841659,7.167751789093018,7.167751789093018,8600,0.0,0.0
2013-10-23 00:00:00-04:00,7.181173801422119,7.181173801422119,7.181173801422119,7.181173801422119,1000,0.0,0.0
2013-10-24 00:00:00-04:00,7.187886661662826,7.268423129799051,7.187886661662826,7.261711597442627,1100,0.0,0.0
2013-10-25 00:00:00-04:00,7.234865188598633,7.234865188598633,7.208019702631633,7.234865188598633,4200,0.0,0.0
2013-10-28 00:00:00-04:00,7.228155626945838,7.301980566925352,7.228155626945838,7.248289585113525,5700,0.0,0.0
2013-10-29 00:00:00-04:00,7.288557529449463,7.315403020458509,7.275135103968436,7.288557529449463,9700,0.0,0.0
2013-10-30 00:00:00-04:00,7.281845062736812,7.308690547943115,7.281845062736812,7.308690547943115,6500,0.0,0.0
2013-10-31 00:00:00-04:00,7.315402731786697,7.48318720398407,7.315402731786697,7.416073799133301,30700,0.0,0.0
2013-11-01 00:00:00-04:00,7.456780984803849,7.456780984803849,7.409285770592922,7.429640769958496,4400,0.12,0.0
2013-11-04 00:00:00-05:00,7.449997869224326,7.497493743896484,7.443213298905971,7.497493743896484,3900,0.0,0.0
2013-11-05 00:00:00-05:00,7.551775195431082,7.572130203247071,7.538204758837735,7.57213020324707,4600,0.0,0.0
2013-11-06 00:00:00-05:00,7.667119306308362,7.931736279702197,7.585698649335347,7.870671272277832,13700,0.0,0.0
2013-11-07 00:00:00-05:00,7.891028383680458,8.712021036416232,7.891028383680458,8.474543571472168,1300,0.0,0.0
2013-11-08 00:00:00-05:00,8.44739979114596,8.44739979114596,8.148857428063499,8.352409362792969,3700,0.0,0.0
2013-11-11 00:00:00-05:00,7.6196234063824875,8.467756055200157,7.6196234063824875,8.182784080505371,5100,0.0,0.0
2013-11-12 00:00:00-05:00,8.20314177751712,8.20314177751712,7.94530928993321,8.05387020111084,7900,0.0,0.0
2013-11-13 00:00:00-05:00,8.108147993282145,8.182784080505371,8.108147993282145,8.182784080505371,700,0.0,0.0
2013-11-14 00:00:00-05:00,8.24384864687009,8.460971033367853,8.23706407781846,8.298129081726074,8100,0.0,0.0
2013-11-15 00:00:00-05:00,8.413474360845422,8.433830007270004,8.223492857065674,8.352409362792969,13900,0.0,0.0
2013-11-18 00:00:00-05:00,8.42704597837101,9.465160150467772,8.311699887352054,8.37276554107666,8100,0.0,0.0
2013-11-19 00:00:00-05:00,8.650952826377972,8.89521479088206,8.650952826377972,8.813794136047363,6900,0.0,0.0
2013-11-20 00:00:00-05:00,8.691664299213745,8.813794969477511,8.657738861389513,8.66452407836914,2300,0.0,0.0
2013-11-21 00:00:00-05:00,8.657741024275122,8.807011952674506,8.657741024275122,8.698451042175293,3100,0.0,0.0
2013-11-22 00:00:00-05:00,8.773086716384064,8.807011513919424,8.657740592956543,8.657740592956543,1700,0.0,0.0
2013-11-25 00:00:00-05:00,8.69166440356548,8.793440071186184,8.69166440356548,8.752729415893555,1100,0.0,0.0
2013-11-26 00:00:00-05:00,8.786657292339635,8.786657292339635,8.752731844694104,8.773087501525879,1100,0.0,0.0
2013-11-27 00:00:00-05:00,8.786656596164148,8.807011604309082,8.786656596164148,8.807011604309082,1200,0.0,0.0
2013-11-29 00:00:00-05:00,8.807011604309082,8.807011604309082,8.807011604309082,8.807011604309082,0,0.0,0.0
2013-12-02 00:00:00-05:00,8.868075858538388,9.241254399283024,8.868075858538388,9.153048515319824,9700,0.0,0.0
2013-12-03 00:00:00-05:00,9.159833033204364,9.431235234617901,9.159833033204364,9.295534133911133,8700,0.0,0.0
2013-12-04 00:00:00-05:00,9.41766541867477,9.838339153089022,9.36338497856157,9.668712615966797,30300,0.0,0.0
2013-12-05 00:00:00-05:00,9.716209079669586,9.97404152665915,9.716209079669586,9.824769973754883,16900,0.0,0.0
2013-12-06 00:00:00-05:00,9.81119893303242,9.906190026767465,9.668712615966797,9.668712615966797,5500,0.0,0.0
2013-12-09 00:00:00-05:00,9.668713072702808,9.750133736718803,9.329459982432533,9.383740425109863,32300,0.0,0.0
2013-12-10 00:00:00-05:00,9.444806976033119,9.492302206088604,8.759515513730344,9.18697452545166,36700,0.0,0.0
2013-12-11 00:00:00-05:00,8.95628055216651,9.112337294460344,8.535606840225949,9.010560989379883,23100,0.0,0.0
2013-12-12 00:00:00-05:00,8.827367259528058,8.94271338413942,8.372767979488938,8.807011604309082,28400,0.0,0.0
2013-12-13 00:00:00-05:00,8.508465984922186,8.840933799743652,8.47454055243404,8.840933799743652,14200,0.0,0.0
2013-12-16 00:00:00-05:00,8.820579123922949,8.820579123922949,8.264204340092972,8.420260429382324,16600,0.0,0.0
2013-12-17 00:00:00-05:00,8.386335521668807,8.576317703685966,7.721399825830357,8.006372451782227,15200,0.0,0.0
2013-12-18 00:00:00-05:00,8.026726945926539,8.352410203697607,7.816390421619695,8.04708194732666,20900,0.0,0.0
2013-12-19 00:00:00-05:00,8.379552675624586,8.983422840521317,7.972448655655149,8.956282615661621,36300,0.0,0.0
2013-12-20 00:00:00-05:00,8.01994373022537,9.70263957977295,8.01994373022537,9.70263957977295,83200,0.0,0.0
2013-12-23 00:00:00-05:00,9.526226720008314,9.702638481711448,9.159833409510837,9.261609077453613,13800,0.0,0.0
2013-12-24 00:00:00-05:00,9.309107279643356,9.309107279643356,8.508469581604004,8.508469581604004,2700,0.0,0.0
2013-12-26 00:00:00-05:00,8.56274776972092,9.288749163028559,8.56274776972092,9.05127239227295,4400,0.0,0.0
2013-12-27 00:00:00-05:00,9.200545912069328,9.329461827150094,8.881647762978737,9.064844131469727,2300,0.0,0.0
2013-12-30 00:00:00-05:00,9.159831806799277,9.18697202330684,8.888429641723633,8.888429641723633,4200,0.0,0.0
2013-12-31 00:00:00-05:00,8.888432054487742,9.125908851623535,8.888432054487742,9.125908851623535,900,0.0,0.0
2014-01-02 00:00:00-05:00,8.95627968110349,9.241252272294973,8.820578601267972,8.881644248962402,4500,0.0,0.0
2014-01-03 00:00:00-05:00,8.881644425828291,8.976634860067865,8.881644425828291,8.888429641723633,1300,0.0,0.0
2014-01-06 00:00:00-05:00,8.847720810781805,9.410880904294398,8.847720810781805,9.13947868347168,3300,0.0,0.0
2014-01-07 00:00:00-05:00,9.139479295396173,9.43123654054642,8.929142074870201,9.18697452545166,8000,0.0,0.0
2014-01-08 00:00:00-05:00,9.207329857382309,9.22768551133258,8.922357172818502,8.956282615661621,2400,0.0,0.0
2014-01-09 00:00:00-05:00,9.19376025279301,9.322676161692389,8.990208238727767,9.024133682250977,4700,0.0,0.0
2014-01-10 00:00:00-05:00,9.322675382063293,9.370171257853448,8.847721153679489,8.922356605529785,4700,0.0,0.0
2014-01-13 00:00:00-05:00,8.996992880994638,9.08519876967976,8.739160432624432,8.929141998291016,5400,0.0,0.0
2014-01-14 00:00:00-05:00,8.922353179914346,8.996989250183105,8.739156905863336,8.996989250183105,2900,0.0,0.0
2014-01-15 00:00:00-05:00,8.956281540226103,9.193758964538574,8.94949632305742,9.193758964538574,4400,0.0,0.0
2014-01-16 00:00:00-05:00,9.207329750061035,9.207329750061035,9.207329750061035,9.207329750061035,200,0.0,0.0
2014-01-17 00:00:00-05:00,8.990207740412385,9.18697452545166,8.745945725317625,9.18697452545166,12200,0.0,0.0
2014-01-21 00:00:00-05:00,9.22090087519472,9.22090087519472,8.942713391060506,8.990208625793457,2100,0.0,0.0
2014-01-22 00:00:00-05:00,8.976637028138786,9.132693796054047,8.929141799547775,9.03091812133789,4100,0.0,0.0
2014-01-23 00:00:00-05:00,9.030914677844022,9.220896166841959,8.996989250183105,8.996989250183105,3400,0.0,0.0
2014-01-24 00:00:00-05:00,9.159832404400206,9.159832404400206,8.759513699490899,8.813794136047363,3100,0.0,0.0
2014-01-27 00:00:00-05:00,8.813795712993368,8.956282046215906,8.650954374188743,8.922356605529785,6700,0.0,0.0
2014-01-28 00:00:00-05:00,8.96985374258763,8.96985374258763,8.678095817565918,8.678095817565918,1100,0.0,0.0
2014-01-29 00:00:00-05:00,8.75272848315288,8.813794136047363,8.745943913888706,8.813794136047363,3000,0.0,0.0
2014-01-30 00:00:00-05:00,8.786654586760621,8.786654586760621,8.684878922236795,8.718804359436035,3000,0.0,0.0
2014-01-31 00:00:00-05:00,8.718804520058349,8.718804520058349,8.617028206585655,8.66452407836914,7300,0.0,0.0
2014-02-03 00:00:00-05:00,8.562748309099597,9.091982972741699,8.562748309099597,9.085198402404785,14100,0.0,0.0
2014-02-04 00:00:00-05:00,9.12590637158575,9.12590637158575,8.576316825708387,8.779868125915527,6000,0.0,0.0
2014-02-05 00:00:00-05:00,8.903147183690956,8.978481270887341,8.786721360576827,8.95108699798584,3100,0.12,0.0
2014-02-06 00:00:00-05:00,8.875750256279385,8.875750256279385,8.75247573852539,8.75247573852539,2100,0.0,0.0
2014-02-07 00:00:00-05:00,8.930538312020422,8.971630033469177,8.841506793157084,8.916841506958008,1500,0.0,0.0
2014-02-10 00:00:00-05:00,8.923689977359722,8.923689977359722,8.766173119960397,8.909993171691895,1600,0.0,0.0
2014-02-11 00:00:00-05:00,8.909994815283234,9.108603432584149,8.766174737021819,8.786720275878906,14900,0.0,0.0
2014-02-12 00:00:00-05:00,8.834656432454704,8.923687934875488,8.834656432454704,8.923687934875488,5700,0.0,0.0
2014-02-13 00:00:00-05:00,8.903144048764839,9.060660899201762,8.889446590571668,8.916841506958008,24300,0.0,0.0
2014-02-14 00:00:00-05:00,8.903145085721455,9.272968009310807,8.903145085721455,8.999025344848633,15400,0.0,0.0
2014-02-18 00:00:00-05:00,9.09490709400147,9.09490709400147,8.95108699798584,8.95108699798584,2900,0.0,0.0
2014-02-19 00:00:00-05:00,8.999024845050107,9.142844899187807,8.999024845050107,9.046964645385742,5100,0.0,0.0
2014-02-20 00:00:00-05:00,9.135996734178455,9.163391000795883,8.916842601239033,9.053813934326172,2300,0.0,0.0
2014-02-21 00:00:00-05:00,9.040118548198468,9.101755825509592,8.95108699798584,8.95108699798584,5200,0.0,0.0
2014-02-24 00:00:00-05:00,9.019567806655104,9.197630804419754,8.75932203756768,8.957930564880371,28100,0.0,0.0
2014-02-25 00:00:00-05:00,9.245575921525225,9.245575921525225,8.95108699798584,8.95108699798584,11200,0.0,0.0
2014-02-26 00:00:00-05:00,9.02641870635554,9.225027281461918,9.02641870635554,9.17708683013916,5600,0.0,0.0
2014-02-27 00:00:00-05:00,9.17708789228265,9.17708789228265,9.053814017931302,9.13599681854248,1200,0.0,0.0
2014-02-28 00:00:00-05:00,9.033266689946633,9.108601404197904,9.012721155664813,9.094903945922852,1500,0.0,0.0
2014-03-03 00:00:00-05:00,8.999022912300099,9.21817698462975,8.999022912300099,9.01956844329834,2000,0.0,0.0
2014-03-04 00:00:00-05:00,9.1086020525964,9.190784848704645,9.07435905760193,9.18393611907959,2800,0.0,0.0
2014-03-05 00:00:00-05:00,9.142845153808594,9.211330491462363,9.142845153808594,9.142845153808594,2400,0.0,0.0
2014-03-06 00:00:00-05:00,9.108601631401605,9.163390159606934,9.07435863799058,9.163390159606934,2900,0.0,0.0
2014-03-07 00:00:00-05:00,9.108601435470302,9.170238691658138,9.108601435470302,9.122298240661621,4400,0.0,0.0
2014-03-10 00:00:00-04:00,9.190785267413311,9.478425393461722,9.012722207834612,9.053813934326172,5800,0.0,0.0
2014-03-11 00:00:00-04:00,9.005873477897547,9.218179534030739,9.005873477897547,9.053813934326172,3300,0.0,0.0
2014-03-12 00:00:00-04:00,9.01272201538086,9.01272201538086,9.01272201538086,9.01272201538086,200,0.0,0.0
2014-03-13 00:00:00-04:00,9.06751057623908,9.06751057623908,8.964782241573843,9.040116310119629,2100,0.0,0.0
2014-03-14 00:00:00-04:00,8.937389373779297,9.033268993633085,8.903146372489688,8.937389373779297,2900,0.0,0.0
2014-03-17 00:00:00-04:00,8.903144979522374,9.040116310119629,8.903144979522374,9.040116310119629,3000,0.0,0.0
2014-03-18 00:00:00-04:00,9.053811224854181,9.094902285917865,8.978476524353027,8.978476524353027,2800,0.0,0.0
2014-03-19 00:00:00-04:00,8.916842601239033,9.053813934326172,8.916842601239033,9.053813934326172,1400,0.0,0.0
2014-03-20 00:00:00-04:00,9.040115644579554,9.197633153017959,8.923689858860534,9.163390159606934,5000,0.0,0.0
2014-03-21 00:00:00-04:00,9.074359160203201,9.314059474743912,8.903144836425781,8.903144836425781,9400,0.0,0.0
2014-03-24 00:00:00-04:00,9.081206321716309,9.519514496893471,8.971629277922018,9.081206321716309,53900,0.0,0.0
2014-03-25 00:00:00-04:00,9.026419361353291,9.464727612356015,9.012721901944051,9.142845153808594,48100,0.0,0.0
2014-03-26 00:00:00-04:00,9.07435930605165,9.177087640716886,9.026419503625315,9.040116310119629,5400,0.0,0.0
2014-03-27 00:00:00-04:00,8.992176479139218,9.108602273059889,8.90314495125101,9.01272201538086,3600,0.0,0.0
2014-03-28 00:00:00-04:00,9.01272201538086,9.01272201538086,9.01272201538086,9.01272201538086,0,0.0,0.0
2014-03-31 00:00:00-04:00,9.11544803309698,9.122296107525921,8.951081837320821,8.957930564880371,7800,0.0,0.0
2014-04-01 00:00:00-04:00,9.046962063762697,9.067507593310738,8.903142050665188,8.957930564880371,1800,0.0,0.0
2014-04-02 00:00:00-04:00,9.026418685913086,9.026418685913086,9.026418685913086,9.026418685913086,100,0.0,0.0
2014-04-03 00:00:00-04:00,8.971631050109863,8.971631050109863,8.971631050109863,8.971631050109863,200,0.0,0.0
2014-04-04 00:00:00-04:00,9.012719228710752,9.06750774383545,8.97162816893254,9.06750774383545,8000,0.0,0.0
2014-04-07 00:00:00-04:00,8.944238104663402,9.163392267907406,8.937389373779297,8.937389373779297,4100,0.0,0.0
2014-04-08 00:00:00-04:00,8.951081985912813,9.06750774383545,8.951081985912813,9.06750774383545,700,0.0,0.0
2014-04-09 00:00:00-04:00,8.97163011790331,9.204481031201816,8.930538396067831,9.122298240661621,10600,0.0,0.0
2014-04-10 00:00:00-04:00,9.122298209342198,9.135995667617252,8.964781357963647,9.094903945922852,2300,0.0,0.0
2014-04-11 00:00:00-04:00,8.90314445823656,9.08805623356425,8.90314445823656,9.060661315917969,16800,0.0,0.0
2014-04-14 00:00:00-04:00,8.971630430024076,8.971630430024076,8.90314444229259,8.909993171691895,3800,0.0,0.0
2014-04-15 00:00:00-04:00,8.923688564718598,9.088054778628448,8.903143032903872,8.985325813293457,33700,0.0,0.0
2014-04-16 00:00:00-04:00,9.040114333553179,9.040114333553179,8.985325813293457,8.985325813293457,1100,0.0,0.0
2014-04-17 00:00:00-04:00,8.978481675676765,9.088059425354004,8.951087401540208,9.088059425354004,1800,0.0,0.0
2014-04-21 00:00:00-04:00,9.026416684057237,9.10175072907104,8.834656227990177,9.06750774383545,39800,0.0,0.0
2014-04-22 00:00:00-04:00,9.0058737896268,9.019571249975055,8.889447989190062,8.96478271484375,3600,0.0,0.0
2014-04-23 00:00:00-04:00,8.937387975454392,9.07435930605165,8.937387975454392,9.040116310119629,5300,0.0,0.0
2014-04-24 00:00:00-04:00,9.012722151506326,9.012722151506326,8.99217661495437,8.999025344848633,1200,0.0,0.0
2014-04-25 00:00:00-04:00,9.094903945922852,9.101752675060379,8.97847816310794,9.094903945922852,3000,0.0,0.0
2014-04-28 00:00:00-04:00,9.101754351945502,9.3756970366095,9.046965815012701,9.11545181274414,17600,0.0,0.0
2014-04-29 00:00:00-04:00,9.10860058266488,9.10860058266488,9.081206321716309,9.081206321716309,3100,0.0,0.0
2014-04-30 00:00:00-04:00,9.177089785894255,9.177089785894255,9.108604431152344,9.108604431152344,1400,0.0,0.0
2014-05-01 00:00:00-04:00,9.088056487702351,9.15654182434082,9.074359028496174,9.15654182434082,1700,0.0,0.0
2014-05-02 00:00:00-04:00,9.156540102387762,9.177085634202488,8.978477084978321,8.985325813293457,14500,0.0,0.0
2014-05-05 00:00:00-04:00,9.061473621147798,9.172232550086838,9.054551023045285,9.15146541595459,6200,0.14,0.0
2014-05-06 00:00:00-04:00,9.172232933834437,9.172232933834437,9.068396598653608,9.103008270263672,1100,0.0,0.0
2014-05-07 00:00:00-04:00,9.158388061640448,9.158388061640448,9.13762092590332,9.13762092590332,800,0.0,0.0
2014-05-08 00:00:00-04:00,9.13762289140531,9.13762289140531,8.999174189751917,9.019941329956055,3700,0.0,0.0
2014-05-09 00:00:00-04:00,9.172232404014071,9.262224197387695,9.013016611243621,9.262224197387695,1800,0.0,0.0
2014-05-12 00:00:00-04:00,9.234533730816901,9.276067995115124,9.172231674194336,9.172231674194336,8400,0.0,0.0
2014-05-13 00:00:00-04:00,9.262225510564479,9.262225510564479,9.033785025834165,9.179156303405762,1900,0.0,0.0
2014-05-14 00:00:00-04:00,9.206845591927536,9.428363466924479,9.103008592891213,9.13762092590332,4000,0.0,0.0
2014-05-15 00:00:00-04:00,9.179154271635783,9.179154271635783,9.172231674194336,9.172231674194336,1500,0.0,0.0
2014-05-16 00:00:00-04:00,9.130697975267509,9.22068977355957,9.130697975267509,9.22068977355957,2900,0.0,0.0
2014-05-19 00:00:00-04:00,9.269149972764703,9.407598679192656,9.241460231479111,9.296839714050293,6600,0.0,0.0
2014-05-20 00:00:00-04:00,9.082242436283195,9.400674746008196,9.082242436283195,9.379907608032227,3500,0.0,0.0
2014-05-21 00:00:00-04:00,9.40067467174198,9.40067467174198,9.359140396118164,9.359140396118164,600,0.0,0.0
2014-05-22 00:00:00-04:00,9.345296596256201,9.345296596256201,9.158390347446833,9.296839714050293,2100,0.0,0.0
2014-05-23 00:00:00-04:00,9.345293392769053,9.366060526570573,9.075318012648179,9.262224197387695,1900,0.0,0.0
2014-05-27 00:00:00-04:00,9.27606881125124,9.393750337408893,9.27606881125124,9.282991409301758,3700,0.0,0.0
2014-05-28 00:00:00-04:00,9.37990664063472,9.37990664063472,9.276069641113281,9.276069641113281,700,0.0,0.0
2014-05-29 00:00:00-04:00,9.276069641113281,9.276069641113281,9.276069641113281,9.276069641113281,0,0.0,0.0
2014-05-30 00:00:00-04:00,9.137620968593374,9.276069641113281,9.137620968593374,9.276069641113281,2100,0.0,0.0
2014-06-02 00:00:00-04:00,9.040704762968602,9.31067943572998,9.040704762968602,9.31067943572998,700,0.0,0.0
2014-06-03 00:00:00-04:00,9.359138509646352,9.359138509646352,9.165309728552888,9.241456985473633,2200,0.0,0.0
2014-06-04 00:00:00-04:00,9.331450024302109,9.552968582210974,9.331450024302109,9.393752098083496,5000,0.0,0.0
2014-06-05 00:00:00-04:00,9.269149972764703,9.518357644335019,9.269149972764703,9.296839714050293,2900,0.0,0.0
2014-06-06 00:00:00-04:00,9.469898616810985,9.469898616810985,9.26222527412778,9.269147872924805,1500,0.0,0.0
2014-06-09 00:00:00-04:00,9.269146717033374,9.276068654791853,9.172232326486641,9.241456985473633,5700,0.0,0.0
2014-06-10 00:00:00-04:00,9.379905643272338,9.379905643272338,9.241456985473633,9.241456985473633,5000,0.0,0.0
2014-06-11 00:00:00-04:00,9.241458531898855,9.324527740478516,9.241458531898855,9.324527740478516,900,0.0,0.0
2014-06-12 00:00:00-04:00,9.262225103948964,9.276069641113281,9.262225103948964,9.276069641113281,2000,0.0,0.0
2014-06-13 00:00:00-04:00,9.276069887132003,9.289915084838867,9.262225349600502,9.289915084838867,2800,0.0,0.0
2014-06-16 00:00:00-04:00,9.241457063586175,9.269146795379962,9.241457063586175,9.262224197387695,1100,0.0,0.0
2014-06-17 00:00:00-04:00,9.269145175385997,9.33144656590197,9.269145175385997,9.31067943572998,2200,0.0,0.0
2014-06-18 00:00:00-04:00,9.345291759466742,9.407593810157879,9.31067943572998,9.31067943572998,2200,0.0,0.0
2014-06-19 00:00:00-04:00,9.324526292637165,9.518354415893555,9.31068109660264,9.518354415893555,2100,0.0,0.0
2014-06-20 00:00:00-04:00,9.331446897313139,9.38682701336391,9.241455776646708,9.345292091369629,7900,0.0,0.0
2014-06-23 00:00:00-04:00,9.276070037293776,9.345294706597985,9.276070037293776,9.331449508666992,4600,0.0,0.0
2014-06-24 00:00:00-04:00,9.26914717074659,9.518354766982661,9.26914717074659,9.435285568237305,3600,0.0,0.0
2014-06-25 00:00:00-04:00,9.248379001403162,9.338370794776786,9.248379001403162,9.262224197387695,1300,0.0,0.0
2014-06-26 00:00:00-04:00,9.34529316908017,9.352215766906738,9.338370571253604,9.352215766906738,3500,0.0,0.0
2014-06-27 00:00:00-04:00,9.303760529410436,9.407597541809082,9.303760529410436,9.407597541809082,1300,0.0,0.0
2014-06-30 00:00:00-04:00,9.386830133259178,9.518356219635137,9.359140396118164,9.359140396118164,1300,0.0,0.0
2014-07-01 00:00:00-04:00,9.317604970911376,9.345294706597985,9.317604970911376,9.331449508666992,1000,0.0,0.0
2014-07-02 00:00:00-04:00,9.303756838947594,9.31067943572998,9.303756838947594,9.31067943572998,900,0.0,0.0
2014-07-03 00:00:00-04:00,9.241455776646708,9.345292091369629,9.241455776646708,9.345292091369629,1200,0.0,0.0
2014-07-07 00:00:00-04:00,9.241456985473633,9.241456985473633,9.241456985473633,9.241456985473633,900,0.0,0.0
2014-07-08 00:00:00-04:00,9.282993954251396,9.289916554199756,9.248381614685059,9.248381614685059,2600,0.0,0.0
2014-07-09 00:00:00-04:00,9.262226814581782,9.276071354303035,9.241459674912166,9.248381614685059,2200,0.0,0.0
2014-07-10 00:00:00-04:00,9.241459674912166,9.276071354303035,9.241459674912166,9.248381614685059,1100,0.0,0.0
2014-07-11 00:00:00-04:00,9.241459674912166,9.248381614685059,9.206847335345829,9.248381614685059,500,0.0,0.0
2014-07-14 00:00:00-04:00,9.220690172105318,9.310681974287094,9.220690172105318,9.276069641113281,5700,0.0,0.0
2014-07-15 00:00:00-04:00,9.172231674194336,9.26222346040746,9.172231674194336,9.172231674194336,5800,0.0,0.0
2014-07-16 00:00:00-04:00,9.068397744837066,9.28991563998135,9.068397744837066,9.130699157714844,10000,0.0,0.0
2014-07-17 00:00:00-04:00,9.033783286594494,9.096085345012598,9.033783286594494,9.068395614624023,2800,0.0,0.0
2014-07-18 00:00:00-04:00,9.144542998529095,9.241457393353226,9.068396398422832,9.075318336486816,4900,0.0,0.0
2014-07-21 00:00:00-04:00,9.006095913263048,9.14454460144043,9.006095913263048,9.14454460144043,2600,0.0,0.0
2014-07-22 00:00:00-04:00,9.006092196799957,9.151463424441026,9.006092196799957,9.013014793395996,5700,0.0,0.0
2014-07-23 00:00:00-04:00,9.006096789878457,9.075320810617413,9.006096789878457,9.019941329956055,10800,0.0,0.0
2014-07-24 00:00:00-04:00,9.006096789878457,9.13762289140531,9.006096789878457,9.019941329956055,5400,0.0,0.0
2014-07-25 00:00:00-04:00,9.06839672156133,9.109930992126465,9.0199391923349,9.109930992126465,4600,0.0,0.0
2014-07-28 00:00:00-04:00,9.04070718567983,9.13762092590332,9.01993938976736,9.13762092590332,2300,0.0,0.0
2014-07-29 00:00:00-04:00,9.040705884235448,9.082240149730687,9.019938091312582,9.068395614624023,2000,0.0,0.0
2014-07-30 00:00:00-04:00,9.137620400289807,9.172232731310947,9.00609433461984,9.075318336486816,4600,0.0,0.0
2014-07-31 00:00:00-04:00,9.082242696732648,9.103009835304151,9.033785820007324,9.033785820007324,1700,0.0,0.0
2014-08-01 00:00:00-04:00,9.061473442258066,9.061473442258066,9.006093978881836,9.006093978881836,6000,0.0,0.0
2014-08-04 00:00:00-04:00,9.104061085707965,9.181035995483398,9.104061085707965,9.181035995483398,3800,0.14,0.0
2014-08-05 00:00:00-04:00,9.174042672909595,9.174042672909595,9.104065629287447,9.16004753112793,2800,0.0,0.0
2014-08-06 00:00:00-04:00,9.132052225182262,9.132052225182262,9.111059188842773,9.111059188842773,3100,0.0,0.0
2014-08-07 00:00:00-04:00,9.160045113037759,9.202031194656081,9.111061128697472,9.125056266784668,1800,0.0,0.0
2014-08-08 00:00:00-04:00,9.104063225975507,9.14604930759383,9.097065323253542,9.125056266784668,1100,0.0,0.0
2014-08-11 00:00:00-04:00,9.202030643869216,9.202030643869216,9.076071739196777,9.076071739196777,2100,0.0,0.0
2014-08-12 00:00:00-04:00,9.027087880600133,9.097065575043167,9.013092742125579,9.069074630737305,3700,0.0,0.0
2014-08-13 00:00:00-04:00,9.090067420531577,9.153047210315794,9.07607228244438,9.125056266784668,2600,0.0,0.0
2014-08-14 00:00:00-04:00,9.111060583355615,9.111060583355615,9.076071739196777,9.076071739196777,2800,0.0,0.0
2014-08-15 00:00:00-04:00,9.076069706927992,9.083066940307617,9.076069706927992,9.083066940307617,1200,0.0,0.0
2014-08-18 00:00:00-04:00,9.188038191015622,9.202033332353988,8.999098777770996,8.999098777770996,11700,0.0,0.0
2014-08-19 00:00:00-04:00,8.999094331886178,9.181035750897397,8.999094331886178,9.013090133666992,7300,0.0,0.0
2014-08-20 00:00:00-04:00,9.013093277779213,9.181038953595502,9.013093277779213,9.118059158325195,6400,0.0,0.0
2014-08-21 00:00:00-04:00,9.062076409139289,9.139052003791006,8.999096619826693,9.055078506469727,3600,0.0,0.0
2014-08-22 00:00:00-04:00,9.083067583914664,9.188034100325297,9.069072448807201,9.111059188842773,3500,0.0,0.0
2014-08-25 00:00:00-04:00,9.125056266784668,9.125056266784668,9.013092492660164,9.125056266784668,1600,0.0,0.0
2014-08-26 00:00:00-04:00,9.034085273742676,9.034085273742676,9.034085273742676,9.034085273742676,400,0.0,0.0
2014-08-27 00:00:00-04:00,9.09706634150774,9.11106214851825,9.04808235168457,9.04808235168457,500,0.0,0.0
2014-08-28 00:00:00-04:00,9.04808235168457,9.04808235168457,9.04808235168457,9.04808235168457,0,0.0,0.0
2014-08-29 00:00:00-04:00,9.097065925598145,9.11805896779732,9.097065925598145,9.097065925598145,1100,0.0,0.0
2014-09-02 00:00:00-04:00,9.097065255130367,9.104063157799928,9.02708756314821,9.055078506469727,3000,0.0,0.0
2014-09-03 00:00:00-04:00,9.062077077028334,9.097065925598145,9.062077077028334,9.097065925598145,3500,0.0,0.0
2014-09-04 00:00:00-04:00,9.202031803950797,9.202031803950797,9.097065925598145,9.097065925598145,3500,0.0,0.0
2014-09-05 00:00:00-04:00,9.132054710258034,9.132054710258034,8.999097220094603,9.027088165283203,8300,0.0,0.0
2014-09-08 00:00:00-04:00,8.964107793601038,8.992098734900413,8.922121047973633,8.922121047973633,1200,0.0,0.0
2014-09-09 00:00:00-04:00,8.936117497870828,9.090067352460805,8.922121692531706,9.055078506469727,3500,0.0,0.0
2014-09-10 00:00:00-04:00,9.048083678740241,9.048083678740241,8.922124066598753,8.929121971130371,3400,0.0,0.0
2014-09-11 00:00:00-04:00,8.79616550764258,8.866143226623535,8.79616550764258,8.866143226623535,5600,0.0,0.0
2014-09-12 00:00:00-04:00,8.810158888247772,8.978104566648696,8.810158888247772,8.817156791687012,12700,0.0,0.0
2014-09-15 00:00:00-04:00,8.831150849053895,8.936117385709649,8.81715571124716,8.824152946472168,4000,0.0,0.0
2014-09-16 00:00:00-04:00,8.81015863331721,8.908126609204547,8.81015863331721,8.873138427734375,3900,0.0,0.0
2014-09-17 00:00:00-04:00,8.810158888247772,8.901129630887473,8.810158888247772,8.817156791687012,1300,0.0,0.0
2014-09-18 00:00:00-04:00,8.810159352481884,9.048082743098504,8.810159352481884,8.943116188049316,6000,0.0,0.0
2014-09-19 00:00:00-04:00,9.027087630747358,9.125056266784668,8.929119662066785,9.125056266784668,5500,0.0,0.0
2014-09-22 00:00:00-04:00,9.132054169506633,9.19503395929085,9.006094589938199,9.125056266784668,20100,0.0,0.0
2014-09-23 00:00:00-04:00,9.034087092073017,9.258014678955078,9.034087092073017,9.258014678955078,4700,0.0,0.0
2014-09-24 00:00:00-04:00,9.251014903530065,9.272007942199707,9.097064396120468,9.272007942199707,5100,0.0,0.0
2014-09-25 00:00:00-04:00,9.132053481881945,9.237019345380771,9.125055579686906,9.216026306152344,5100,0.0,0.0
2014-09-26 00:00:00-04:00,9.265012450922177,9.306999206542969,9.258014547092571,9.306999206542969,10900,0.0,0.0
2014-09-29 00:00:00-04:00,9.271613874718176,9.413165092468262,9.271613874718176,9.413165092468262,2300,0.15,0.0
2014-09-30 00:00:00-04:00,9.349466875738361,9.413165092468262,9.342389146108495,9.413165092468262,2300,0.0,0.0
2014-10-01 00:00:00-04:00,9.406087362838395,9.413165092468262,9.335311416478628,9.413165092468262,1900,0.0,0.0
2014-10-02 00:00:00-04:00,9.23622312337836,9.406084533585917,9.200835160842809,9.214990615844727,2500,0.0,0.0
2014-10-03 00:00:00-04:00,9.271609001965764,9.342384236159713,9.236221047384243,9.321151733398438,3200,0.0,0.0
2014-10-06 00:00:00-04:00,9.236222678740077,9.292843146083513,9.200834717908126,9.20791244506836,2400,0.0,0.0
2014-10-07 00:00:00-04:00,9.200831532114927,9.271607429272635,8.85403112097392,9.009737014770508,6200,0.0,0.0
2014-10-08 00:00:00-04:00,8.988505322360515,9.24329803502161,8.917730093819463,8.953117370605469,4500,0.0,0.0
2014-10-09 00:00:00-04:00,8.995584249381077,9.20083358701574,8.854033098420814,8.917731285095215,3700,0.0,0.0
2014-10-10 00:00:00-04:00,8.967274961501124,9.193756826837037,8.84695630179912,9.115903854370117,19400,0.0,0.0
2014-10-13 00:00:00-04:00,9.115905270890254,9.115905270890254,8.889423370361328,8.889423370361328,11600,0.0,0.0
2014-10-14 00:00:00-04:00,8.903577391767763,8.91773284682735,8.542621387379253,8.698328018188477,5100,0.0,0.0
2014-10-15 00:00:00-04:00,8.712485219263543,9.179604530334473,8.585088798073514,9.179604530334473,9200,0.0,0.0
2014-10-16 00:00:00-04:00,8.861112633040689,9.04512882935753,8.797414433367093,8.811569213867188,9700,0.0,0.0
2014-10-17 00:00:00-04:00,9.073436891576572,9.073436891576572,8.585085269356972,8.769102096557617,11300,0.0,0.0
2014-10-20 00:00:00-04:00,8.655860353815212,8.783256720418901,8.592162845482461,8.62755012512207,4400,0.0,0.0
2014-10-21 00:00:00-04:00,8.988508357418615,9.130059537265902,8.70540599772404,8.811569213867188,3900,0.0,0.0
2014-10-22 00:00:00-04:00,9.165447204277504,9.165447204277504,8.691250260912257,8.896499633789062,5700,0.0,0.0
2014-10-23 00:00:00-04:00,9.158365761989797,9.158365761989797,8.776177406311035,8.776177406311035,2900,0.0,0.0
2014-10-24 00:00:00-04:00,8.776180580695998,8.868189009320439,8.613396905031443,8.726637840270996,3100,0.0,0.0
2014-10-27 00:00:00-04:00,8.91065308702259,8.91065308702259,8.62755012512207,8.62755012512207,4300,0.0,0.0
2014-10-28 00:00:00-04:00,8.648783784796622,8.670016288757324,8.648783784796622,8.670016288757324,400,0.0,0.0
2014-10-29 00:00:00-04:00,8.920595781345996,9.18549300511099,8.87763916108331,9.10673999786377,5500,0.14,0.0
2014-10-30 00:00:00-04:00,9.106742264879774,9.178335739443511,8.856163396975479,9.135379791259766,9700,0.0,0.0
2014-10-31 00:00:00-04:00,9.135378287367178,9.242768822920084,8.798886895717102,8.985031127929688,5900,0.0,0.0
2014-11-03 00:00:00-05:00,9.221289924892796,9.221289924892796,8.9492331550467,9.020827293395996,15200,0.0,0.0
2014-11-04 00:00:00-05:00,8.813205013096812,9.185492753147992,8.777407944321894,8.949233055114746,9600,0.0,0.0
2014-11-05 00:00:00-05:00,8.949233055114746,8.949233055114746,8.949233055114746,8.949233055114746,0,0.0,0.0
2014-11-06 00:00:00-05:00,8.949235877059811,8.949235877059811,8.91343879699707,8.91343879699707,1400,0.0,0.0
2014-11-07 00:00:00-05:00,8.877638936871948,8.949233074577487,8.75592931243591,8.770248413085938,5300,0.0,0.0
2014-11-10 00:00:00-05:00,8.813203224979775,8.977868752054077,8.813203224979775,8.820362091064453,3300,0.0,0.0
2014-11-11 00:00:00-05:00,8.999348541736254,8.999348541736254,8.820363880633957,8.949233055114746,1500,0.0,0.0
2014-11-12 00:00:00-05:00,8.94923409486423,8.94923409486423,8.806046485900879,8.806046485900879,2700,0.0,0.0
2014-11-13 00:00:00-05:00,8.820362622690654,8.87763765145315,8.77024714321652,8.777406692504883,7000,0.0,0.0
2014-11-14 00:00:00-05:00,8.863321804436831,8.863321804436831,8.591264997580751,8.763090133666992,14400,0.0,0.0
2014-11-17 00:00:00-05:00,8.698653808880216,8.74161042575428,8.691494941711426,8.691494941711426,2700,0.0,0.0
2014-11-18 00:00:00-05:00,8.691494932046485,8.927754617660455,8.691494932046485,8.870479583740234,5500,0.0,0.0
2014-11-19 00:00:00-05:00,8.870479583740234,8.870479583740234,8.870479583740234,8.870479583740234,400,0.0,0.0
2014-11-20 00:00:00-05:00,8.734453201293945,8.827525326990596,8.698656124830242,8.734453201293945,5100,0.0,0.0
2014-11-21 00:00:00-05:00,8.777408964108208,8.84184355883481,8.741611891174276,8.806046485900879,2900,0.0,0.0
2014-11-24 00:00:00-05:00,8.741611891174276,8.806046485900879,8.741611891174276,8.806046485900879,2600,0.0,0.0
2014-11-25 00:00:00-05:00,8.784567832946777,8.784567832946777,8.784567832946777,8.784567832946777,400,0.0,0.0
2014-11-26 00:00:00-05:00,8.84900188446045,8.84900188446045,8.84900188446045,8.84900188446045,100,0.0,0.0
2014-11-28 00:00:00-05:00,8.849000137071902,8.849000137071902,8.777406692504883,8.777406692504883,1200,0.0,0.0
2014-12-01 00:00:00-05:00,8.777409420491585,8.777409420491585,8.670018196105957,8.670018196105957,2900,0.0,0.0
2014-12-02 00:00:00-05:00,8.584103952638618,8.734451091247744,8.584103952638618,8.612741470336914,4600,0.0,0.0
2014-12-03 00:00:00-05:00,8.598424683659996,8.74877185078412,8.591265132184464,8.655699729919434,8000,0.0,0.0
2014-12-04 00:00:00-05:00,8.662858422522724,8.71297391233797,8.619901800700843,8.705814361572266,1600,0.0,0.0
2014-12-05 00:00:00-05:00,8.698653541549163,8.720132190712235,8.634219642376674,8.712972640991211,8600,0.0,0.0
2014-12-08 00:00:00-05:00,8.712972908762325,8.727291325872171,8.641378774896308,8.691494941711426,1200,0.0,0.0
2014-12-09 00:00:00-05:00,8.70581567667747,8.734453201293945,8.70581567667747,8.734453201293945,1900,0.0,0.0
2014-12-10 00:00:00-05:00,8.763090133666992,8.763090133666992,8.763090133666992,8.763090133666992,300,0.0,0.0
2014-12-11 00:00:00-05:00,8.712973717779557,8.73445168682473,8.562626568918695,8.584104537963867,6200,0.0,0.0
2014-12-12 00:00:00-05:00,8.627062206789715,8.770249822438307,8.576946029233401,8.655699729919434,3700,0.0,0.0
2014-12-15 00:00:00-05:00,8.62706216221735,8.712974731162632,8.598424639235589,8.619902610778809,4600,0.0,0.0
2014-12-16 00:00:00-05:00,8.634220981453332,8.677176920897004,8.562626838684082,8.562626838684082,5900,0.0,0.0
2014-12-17 00:00:00-05:00,8.634219700481374,8.684335183321313,8.562625568333823,8.569785118103027,4000,0.0,0.0
2014-12-18 00:00:00-05:00,8.591264816433462,8.662858963012695,8.591264816433462,8.662858963012695,1300,0.0,0.0
2014-12-19 00:00:00-05:00,8.569784851515578,8.591262817382812,8.562625301969092,8.591262817382812,2900,0.0,0.0
2014-12-22 00:00:00-05:00,8.576945662973733,8.627061838389945,8.412280082702637,8.412280082702637,8400,0.0,0.0
2014-12-23 00:00:00-05:00,8.369322969417297,8.519670121336043,8.31204792895038,8.512511253356934,9100,0.0,0.0
2014-12-24 00:00:00-05:00,8.51966895814418,8.51966895814418,8.347843860202735,8.390800476074219,4300,0.0,0.0
2014-12-26 00:00:00-05:00,8.39080179471505,8.498192327112152,8.39080179471505,8.397960662841797,2000,0.0,0.0
2014-12-29 00:00:00-05:00,8.49103277621305,8.49103277621305,8.397960662841797,8.397960662841797,1000,0.0,0.0
2014-12-30 00:00:00-05:00,8.397960393829463,8.448076565745444,8.397960393829463,8.440917015075684,2500,0.0,0.0
2014-12-31 00:00:00-05:00,8.405120213740899,8.405120213740899,8.297729681343798,8.397960662841797,4900,0.0,0.0
2015-01-02 00:00:00-05:00,8.397960662841797,8.397960662841797,8.397960662841797,8.397960662841797,0,0.0,0.0
2015-01-05 00:00:00-05:00,8.333524323890797,8.412277312507788,8.283408164978027,8.283408164978027,2800,0.0,0.0
2015-01-06 00:00:00-05:00,8.304890359070047,8.369324277587442,8.304890359070047,8.32636833190918,2900,0.0,0.0
2015-01-07 00:00:00-05:00,8.440918018099703,8.440918018099703,8.261933326721191,8.261933326721191,1100,0.0,0.0
2015-01-08 00:00:00-05:00,8.254773370828959,8.469555126516267,8.24761450243154,8.412280082702637,4300,0.0,0.0
2015-01-09 00:00:00-05:00,8.35500481654421,8.469554901123047,8.35500481654421,8.469554901123047,600,0.0,0.0
2015-01-12 00:00:00-05:00,8.34068775177002,8.34068775177002,8.34068775177002,8.34068775177002,400,0.0,0.0
2015-01-13 00:00:00-05:00,8.333527159423886,8.462395668029785,8.290570534706996,8.462395668029785,2800,0.0,0.0
2015-01-14 00:00:00-05:00,8.283411252393146,8.440917971105607,8.240455309054008,8.247614860534668,5500,0.0,0.0
2015-01-15 00:00:00-05:00,8.312047592970504,8.312047592970504,8.304888725280762,8.304888725280762,500,0.0,0.0
2015-01-16 00:00:00-05:00,8.24761231569,8.440915366616254,8.240452766418457,8.240452766418457,3100,0.0,0.0
2015-01-20 00:00:00-05:00,8.261931523618307,8.369322041899295,8.261931523618307,8.333525657653809,1700,0.0,0.0
2015-01-21 00:00:00-05:00,8.333525657653809,8.333525657653809,8.333525657653809,8.333525657653809,0,0.0,0.0
2015-01-22 00:00:00-05:00,8.304888725280762,8.304888725280762,8.290569624356651,8.304888725280762,1100,0.0,0.0
2015-01-23 00:00:00-05:00,8.261935326747658,8.297732410243501,8.018515978303013,8.082950592041016,22600,0.0,0.0
2015-01-26 00:00:00-05:00,8.082948048876803,8.3192077697326,8.05431052764496,8.097267150878906,8400,0.0,0.0
2015-01-27 00:00:00-05:00,8.16169988281977,8.16169988281977,8.154541015625,8.154541015625,400,0.0,0.0
2015-01-28 00:00:00-05:00,8.154541481182763,8.261932005730356,8.154541481182763,8.233294486999512,2300,0.0,0.0
2015-01-29 00:00:00-05:00,8.312046584481742,8.312046584481742,8.26909065246582,8.26909065246582,1200,0.0,0.0
2015-01-30 00:00:00-05:00,8.385045051574707,8.414033944491354,8.385045051574707,8.385045051574707,1300,0.14,0.0
2015-02-02 00:00:00-05:00,8.370553635934908,8.37780103427644,8.276339530944824,8.276339530944824,1300,0.0,0.0
2015-02-03 00:00:00-05:00,8.261845525833078,8.261845525833078,8.124148399900866,8.167632102966309,2700,0.0,0.0
2015-02-04 00:00:00-05:00,8.254596710205078,8.254596710205078,8.24734931301973,8.254596710205078,1800,0.0,0.0
2015-02-05 00:00:00-05:00,8.153139041407796,8.232858374331947,8.051677506745108,8.182127952575684,8900,0.0,0.0
2015-02-06 00:00:00-05:00,8.232853633022023,8.24010102942775,8.116898055129422,8.1531343460083,1900,0.0,0.0
2015-02-09 00:00:00-05:00,8.240101504473996,8.24734890129754,8.124145919896494,8.189371109008789,1900,0.0,0.0
2015-02-10 00:00:00-05:00,8.189371109008789,8.26909040061837,8.124145919896494,8.189371109008789,4000,0.0,0.0
2015-02-11 00:00:00-05:00,8.261844580136188,8.421283884925815,8.261844580136188,8.406789779663086,5500,0.0,0.0
2015-02-12 00:00:00-05:00,8.312575937320208,8.624206467323699,8.116900326507592,8.414036750793457,3600,0.0,0.0
2015-02-13 00:00:00-05:00,8.414038091665482,8.62420784168865,8.414038091665482,8.479263305664062,2700,0.0,0.0
2015-02-17 00:00:00-05:00,8.653194891475223,8.696678588523806,8.479261485580727,8.689431190490723,4900,0.0,0.0
2015-02-18 00:00:00-05:00,8.566228866577148,8.566228866577148,8.566228866577148,8.566228866577148,200,0.0,0.0
2015-02-19 00:00:00-05:00,8.696677896121205,8.696677896121205,8.479260810488201,8.501002311706543,1100,0.0,0.0
2015-02-20 00:00:00-05:00,8.501002311706543,8.501002311706543,8.501002311706543,8.501002311706543,0,0.0,0.0
2015-02-23 00:00:00-05:00,8.501002311706543,8.501002311706543,8.501002311706543,8.501002311706543,0,0.0,0.0
2015-02-24 00:00:00-05:00,8.645945177835118,8.645945177835118,8.55173110961914,8.55173110961914,500,0.0,0.0
2015-02-25 00:00:00-05:00,8.515496858989074,8.551733154065804,8.421282768249512,8.421282768249512,1700,0.0,0.0
2015-02-26 00:00:00-05:00,8.479263305664062,8.479263305664062,8.479263305664062,8.479263305664062,400,0.0,0.0
2015-02-27 00:00:00-05:00,8.479260613330844,8.660441398620605,8.47201321604329,8.660441398620605,4700,0.0,0.0
2015-03-02 00:00:00-05:00,8.682182573864294,9.015555233946301,8.53723808929599,8.95033073425293,700,0.0,0.0
2015-03-03 00:00:00-05:00,8.587969983114533,8.943084176416683,8.587969983114533,8.624205589294434,1900,0.0,0.0
2015-03-04 00:00:00-05:00,8.769150778613575,8.943084176416683,8.624205589294434,8.624205589294434,5400,0.0,0.0
2015-03-05 00:00:00-05:00,8.914094276375408,8.914094276375408,8.696677207946777,8.696677207946777,1500,0.0,0.0
2015-03-06 00:00:00-05:00,8.91409621151637,9.037299220666796,8.631453892085988,9.008310317993164,11500,0.0,0.0
2015-03-09 00:00:00-04:00,9.037297674926263,9.037297674926263,9.030050277709961,9.030050277709961,5400,0.0,0.0
2015-03-10 00:00:00-04:00,9.037298782045129,9.037298782045129,8.877859479503496,8.899600982666016,2200,0.0,0.0
2015-03-11 00:00:00-04:00,8.551733303827106,8.870611185556996,8.508249610743558,8.674936294555664,11000,0.0,0.0
2015-03-12 00:00:00-04:00,8.892356098176448,8.899602806615865,8.761905670166016,8.761905670166016,1900,0.0,0.0
2015-03-13 00:00:00-04:00,8.558979136129562,8.660439916188597,8.558979136129562,8.653192520141602,500,0.0,0.0
2015-03-16 00:00:00-04:00,8.696676558654104,8.819879531860352,8.696676558654104,8.819879531860352,500,0.0,0.0
2015-03-17 00:00:00-04:00,8.732914824648304,8.870611930535661,8.696678525893764,8.718420028686523,2300,0.0,0.0
2015-03-18 00:00:00-04:00,8.69667631625353,8.827126682165249,8.59521484375,8.59521484375,5500,0.0,0.0
2015-03-19 00:00:00-04:00,8.689433765998498,8.805389404296875,8.689433765998498,8.805389404296875,3300,0.0,0.0
2015-03-20 00:00:00-04:00,8.78364645033464,9.030052486769526,8.78364645033464,8.84162425994873,6000,0.0,0.0
2015-03-23 00:00:00-04:00,8.81263363631875,8.81263363631875,8.754655838012695,8.754655838012695,1900,0.0,0.0
2015-03-24 00:00:00-04:00,8.718421673102593,8.732916471798296,8.624207555030656,8.711174964904785,7800,0.0,0.0
2015-03-25 00:00:00-04:00,8.83437493571795,8.921342322336624,8.83437493571795,8.914094924926758,1500,0.0,0.0
2015-03-26 00:00:00-04:00,8.914094455919198,8.914094455919198,8.87785816192627,8.87785816192627,600,0.0,0.0
2015-03-27 00:00:00-04:00,8.841624029013454,9.001063346862793,8.841624029013454,9.001063346862793,300,0.0,0.0
2015-03-30 00:00:00-04:00,8.98656897658783,9.02280528116077,8.98656897658783,8.993816375732422,1000,0.0,0.0
2015-03-31 00:00:00-04:00,8.754656856015103,8.754656856015103,8.711173847804242,8.725667953491211,2500,0.0,0.0
2015-04-01 00:00:00-04:00,8.725667953491211,8.725667953491211,8.725667953491211,8.725667953491211,0,0.0,0.0
2015-04-02 00:00:00-04:00,8.71841769068332,8.798137664794922,8.6097095147217,8.798137664794922,7000,0.0,0.0
2015-04-06 00:00:00-04:00,8.67493830465352,8.798141323929844,8.529993779372553,8.573476791381836,9500,0.0,0.0
2015-04-07 00:00:00-04:00,8.761905670166016,8.761905670166016,8.761905670166016,8.761905670166016,500,0.0,0.0
2015-04-08 00:00:00-04:00,8.69667672601792,8.740160413753909,8.674935227724811,8.73291301727295,3500,0.0,0.0
2015-04-09 00:00:00-04:00,8.74740982055664,8.74740982055664,8.74740982055664,8.74740982055664,200,0.0,0.0
2015-04-10 00:00:00-04:00,8.725669363368667,8.761905670166016,8.725669363368667,8.761905670166016,600,0.0,0.0
2015-04-13 00:00:00-04:00,8.798139491432595,8.798139491432595,8.515497207641602,8.515497207641602,900,0.0,0.0
2015-04-14 00:00:00-04:00,8.66044386061987,8.711174964904785,8.66044386061987,8.711174964904785,400,0.0,0.0
2015-04-15 00:00:00-04:00,8.711174964904785,8.711174964904785,8.711174964904785,8.711174964904785,0,0.0,0.0
2015-04-16 00:00:00-04:00,8.508250325290089,8.718420028686523,8.508250325290089,8.718420028686523,3200,0.0,0.0
2015-04-17 00:00:00-04:00,8.696677207946777,8.696677207946777,8.696677207946777,8.696677207946777,1600,0.0,0.0
2015-04-20 00:00:00-04:00,8.69667672601792,8.761901912047017,8.609710041695713,8.73291301727295,5400,0.0,0.0
2015-04-21 00:00:00-04:00,8.769149308527977,8.877857491143294,8.69667672601792,8.73291301727295,10100,0.0,0.0
2015-04-22 00:00:00-04:00,8.870613299297297,8.885108097495667,8.73291617216287,8.783646583557129,8500,0.0,0.0
2015-04-23 00:00:00-04:00,9.015555500927542,9.037297692619012,8.95033099930265,8.9575777053833,6700,0.0,0.0
2015-04-24 00:00:00-04:00,9.059039115905762,9.059039115905762,9.059039115905762,9.059039115905762,2000,0.0,0.0
2015-04-27 00:00:00-04:00,8.798138033985648,9.059038081931359,8.761901743427972,8.819879531860352,1300,0.0,0.0
2015-04-28 00:00:00-04:00,9.044545927972736,9.044545927972736,8.921343609972267,9.008310317993164,1500,0.0,0.0
2015-04-29 00:00:00-04:00,9.110926628112793,9.110926628112793,9.110926628112793,9.110926628112793,0,0.14,0.0
2015-04-30 00:00:00-04:00,8.97166024795896,8.97166024795896,8.83972454071045,8.83972454071045,400,0.0,0.0
2015-05-01 00:00:00-04:00,8.83972454071045,8.83972454071045,8.83972454071045,8.83972454071045,0,0.0,0.0
2015-05-04 00:00:00-04:00,8.83972454071045,8.83972454071045,8.83972454071045,8.83972454071045,0,0.0,0.0
2015-05-05 00:00:00-04:00,8.83972454071045,8.83972454071045,8.83972454071045,8.83972454071045,0,0.0,0.0
2015-05-06 00:00:00-04:00,8.83972454071045,8.83972454071045,8.83972454071045,8.83972454071045,0,0.0,0.0
2015-05-07 00:00:00-04:00,8.83972454071045,8.83972454071045,8.83972454071045,8.83972454071045,0,0.0,0.0
2015-05-08 00:00:00-04:00,8.839721030551665,8.839721030551665,8.619827340424184,8.693124771118164,2000,0.0,0.0
2015-05-11 00:00:00-04:00,8.766426732226908,8.883703231811523,8.72244769537114,8.883703231811523,3200,0.0,0.0
2015-05-12 00:00:00-04:00,8.920348414021873,8.920348414021873,8.649146452506331,8.693124771118164,5900,0.0,0.0
2015-05-13 00:00:00-04:00,8.7590970993042,8.7590970993042,8.7590970993042,8.7590970993042,3600,0.0,0.0
2015-05-14 00:00:00-04:00,8.81040479189778,8.839723913542073,8.685798350153782,8.803074836730957,7200,0.0,0.0
2015-05-15 00:00:00-04:00,8.876373275831716,9.162235267836524,8.795745857123062,8.883703231811523,4900,0.0,0.0
2015-05-18 00:00:00-04:00,8.861712133671366,8.86904208805542,8.759094869363405,8.795743942260742,2600,0.0,0.0
2015-05-19 00:00:00-04:00,8.7590967762471,8.883703231811523,8.7590967762471,8.883703231811523,5800,0.0,0.0
2015-05-20 00:00:00-04:00,8.795743942260742,8.795743942260742,8.795743942260742,8.795743942260742,300,0.0,0.0
2015-05-21 00:00:00-04:00,8.795743942260742,8.795743942260742,8.795743942260742,8.795743942260742,0,0.0,0.0
2015-05-22 00:00:00-04:00,8.795745857123062,8.883703231811523,8.744437563310562,8.883703231811523,22500,0.0,0.0
2015-05-26 00:00:00-04:00,8.883703231811523,8.883703231811523,8.883703231811523,8.883703231811523,1000,0.0,0.0
2015-05-27 00:00:00-04:00,8.883703231811523,8.883703231811523,8.883703231811523,8.883703231811523,0,0.0,0.0
2015-05-28 00:00:00-04:00,8.803075510282884,8.832394634170479,8.700458227164773,8.722447395324707,4900,0.0,0.0
2015-05-29 00:00:00-04:00,8.72977575085012,8.803073896644795,8.72977575085012,8.795743942260742,1100,0.0,0.0
2015-06-01 00:00:00-04:00,8.927681315307035,9.081606879330364,8.839723950011278,9.0742769241333,12600,0.0,0.0
2015-06-02 00:00:00-04:00,8.795745527131839,9.022969260819554,8.795745527131839,9.015639305114746,3500,0.0,0.0
2015-06-03 00:00:00-04:00,9.015639305114746,9.015639305114746,9.015639305114746,9.015639305114746,0,0.0,0.0
2015-06-04 00:00:00-04:00,9.162233352661133,9.162233352661133,9.162233352661133,9.162233352661133,300,0.0,0.0
2015-06-05 00:00:00-04:00,9.16223687045752,9.16223687045752,8.92768383026123,8.92768383026123,900,0.0,0.0
2015-06-08 00:00:00-04:00,8.92768383026123,8.92768383026123,8.92768383026123,8.92768383026123,0,0.0,0.0
2015-06-09 00:00:00-04:00,8.949670806292847,8.971659973658124,8.92768163892757,8.942340850830078,5300,0.0,0.0
2015-06-10 00:00:00-04:00,9.088935477029821,9.088935477029821,8.942339878824106,9.052287101745605,2100,0.0,0.0
2015-06-11 00:00:00-04:00,8.942338282142638,9.125582921936639,8.891030006687624,8.92034912109375,6200,0.0,0.0
2015-06-12 00:00:00-04:00,8.92034912109375,8.92034912109375,8.92034912109375,8.92034912109375,0,0.0,0.0
2015-06-15 00:00:00-04:00,8.92034912109375,8.92034912109375,8.92034912109375,8.92034912109375,0,0.0,0.0
2015-06-16 00:00:00-04:00,8.92768032456628,8.942339534310614,8.898361206054688,8.898361206054688,1700,0.0,0.0
2015-06-17 00:00:00-04:00,8.88370200609457,9.088935852050781,8.88370200609457,9.088935852050781,1200,0.0,0.0
2015-06-18 00:00:00-04:00,8.978988953131271,9.052287101745605,8.978988953131271,9.052287101745605,1100,0.0,0.0
2015-06-19 00:00:00-04:00,8.986319882716407,9.132915496826172,8.986319882716407,9.132915496826172,400,0.0,0.0
2015-06-22 00:00:00-04:00,9.132915196699168,9.162234318557632,8.93501059988728,9.059617042541504,4400,0.0,0.0
2015-06-23 00:00:00-04:00,9.044958114624023,9.044958114624023,9.044958114624023,9.044958114624023,100,0.0,0.0
2015-06-24 00:00:00-04:00,9.088937438644395,9.140246433357344,8.949671765047771,9.030299186706543,1900,0.0,0.0
2015-06-25 00:00:00-04:00,8.99365015190802,9.008309364318848,8.99365015190802,9.008309364318848,600,0.0,0.0
2015-06-26 00:00:00-04:00,8.927683863247466,8.927683863247466,8.913023948669434,8.913023948669434,800,0.0,0.0
2015-06-29 00:00:00-04:00,8.978990569999619,8.978990569999619,8.971660614013672,8.971660614013672,700,0.0,0.0
2015-06-30 00:00:00-04:00,9.132915468814033,9.132915468814033,8.876372620641535,8.957000732421875,1000,0.0,0.0
2015-07-01 00:00:00-04:00,8.795745857123062,9.008309687375947,8.795745857123062,8.883703231811523,1800,0.0,0.0
2015-07-02 00:00:00-04:00,8.861713395283731,8.942340807918189,8.729776993679142,8.77375602722168,9300,0.0,0.0
2015-07-06 00:00:00-04:00,8.77375602722168,8.77375602722168,8.77375602722168,8.77375602722168,0,0.0,0.0
2015-07-07 00:00:00-04:00,8.707784676670622,8.744433741528997,8.685795517364706,8.693124771118164,1900,0.0,0.0
2015-07-08 00:00:00-04:00,8.751762995282457,8.927678366798103,8.685795517364706,8.693124771118164,5200,0.0,0.0
2015-07-09 00:00:00-04:00,8.700458519022504,8.825064974480483,8.61250114440918,8.61250114440918,10300,0.0,0.0
2015-07-10 00:00:00-04:00,8.502553939819336,8.649149552776976,8.473234817227807,8.502553939819336,6200,0.0,0.0
2015-07-13 00:00:00-04:00,8.458574621499436,8.458574621499436,8.326638224770234,8.42192554473877,7000,0.0,0.0
2015-07-14 00:00:00-04:00,8.326636351569746,8.568519225142808,8.326636351569746,8.414593696594238,2900,0.0,0.0
2015-07-15 00:00:00-04:00,8.50255300343217,8.568520497730834,8.326637588233567,8.392605781555176,4600,0.0,0.0
2015-07-16 00:00:00-04:00,8.531873062593709,8.605170519562588,8.407266616821289,8.407266616821289,7800,0.0,0.0
2015-07-17 00:00:00-04:00,8.39260670583384,8.605170519378172,8.355957627838675,8.502553939819336,15900,0.0,0.0
2015-07-20 00:00:00-04:00,8.480564073608424,8.575851396786645,8.480564073608424,8.502553939819336,10100,0.0,0.0
2015-07-21 00:00:00-04:00,8.35595733526694,8.546531974950685,8.35595733526694,8.524542808532715,4600,0.0,0.0
2015-07-22 00:00:00-04:00,8.502556167933363,8.524545340883567,8.473237037658691,8.473237037658691,7600,0.0,0.0
2015-07-23 00:00:00-04:00,8.473237037658691,8.553864471158239,8.473237037658691,8.473237037658691,5700,0.0,0.0
2015-07-24 00:00:00-04:00,8.473237037658691,8.502556167933363,8.473237037658691,8.473237037658691,8400,0.0,0.0
2015-07-27 00:00:00-04:00,8.54653451383377,8.59051355875738,8.473237037658691,8.473237037658691,7100,0.0,0.0
2015-07-28 00:00:00-04:00,8.487895346058027,8.788416574008087,8.473236131999139,8.539203643798828,5400,0.0,0.0
2015-07-29 00:00:00-04:00,8.502556167933363,8.509885426234629,8.473237037658691,8.473237037658691,7800,0.0,0.0
2015-07-30 00:00:00-04:00,8.577110290527344,8.740341977896463,8.577110290527344,8.577110290527344,3400,0.14,0.0
2015-07-31 00:00:00-04:00,8.591949213200664,8.740341977896463,8.577110290527344,8.577110290527344,7400,0.0,0.0
2015-08-03 00:00:00-04:00,8.532592355287335,8.606789093587716,8.39161940162765,8.591949462890625,6400,0.0,0.0
2015-08-04 00:00:00-04:00,8.547432899475098,8.55485200802401,8.532593267192048,8.547432899475098,10700,0.0,0.0
2015-08-05 00:00:00-04:00,8.554851093740433,8.89615481625563,8.547431985984426,8.591949462890625,9700,0.0,0.0
2015-08-06 00:00:00-04:00,8.62162855037929,8.680985661656843,8.547432515078638,8.651307106018066,87600,0.0,0.0
2015-08-07 00:00:00-04:00,8.577111033418507,8.621628512886792,8.577111033418507,8.606789588928223,2500,0.0,0.0
2015-08-10 00:00:00-04:00,8.621627393755738,8.680984497070312,8.621627393755738,8.680984497070312,300,0.0,0.0
2015-08-11 00:00:00-04:00,8.680984683415844,8.755181417948009,8.62162757882711,8.629047393798828,2900,0.0,0.0
2015-08-12 00:00:00-04:00,8.710662067502657,8.851635702688963,8.658724784851074,8.658724784851074,2600,0.0,0.0
2015-08-13 00:00:00-04:00,8.688405865368448,8.8590573910122,8.680986049229343,8.814539909362793,3800,0.0,0.0
2015-08-14 00:00:00-04:00,8.725503848911298,8.725503848911298,8.62904836618713,8.651307106018066,3400,0.0,0.0
2015-08-17 00:00:00-04:00,8.695824832447345,8.718083571098704,8.629047908900716,8.666146278381348,5400,0.0,0.0
2015-08-18 00:00:00-04:00,8.740342791792457,8.777441163319118,8.673565864562988,8.673565864562988,2700,0.0,0.0
2015-08-19 00:00:00-04:00,8.688405708273514,8.688405708273514,8.643887519836426,8.643887519836426,4600,0.0,0.0
2015-08-20 00:00:00-04:00,8.666145949344822,8.688404687151063,8.577110290527344,8.577110290527344,20300,0.0,0.0
2015-08-21 00:00:00-04:00,8.629047003576323,8.710662841796875,8.577109716308014,8.710662841796875,8800,0.0,0.0
2015-08-24 00:00:00-04:00,8.688405580552281,8.688405580552281,8.502914428710938,8.502914428710938,14900,0.0,0.0
2015-08-25 00:00:00-04:00,8.51033308270709,8.666145657284726,8.51033308270709,8.532591819763184,7200,0.0,0.0
2015-08-26 00:00:00-04:00,8.51775237653345,8.532592006624157,8.473234901446347,8.4806547164917,3200,0.0,0.0
2015-08-27 00:00:00-04:00,8.4806561476428,8.488075256347656,8.4806561476428,8.488075256347656,600,0.0,0.0
2015-08-28 00:00:00-04:00,8.66614542520564,8.66614542520564,8.540011405944824,8.540011405944824,2400,0.0,0.0
2015-08-31 00:00:00-04:00,8.495491027832031,8.495491027832031,8.495491027832031,8.495491027832031,2100,0.0,0.0
2015-09-01 00:00:00-04:00,8.480653380947038,8.577108838569172,8.480653380947038,8.56226921081543,1500,0.0,0.0
2015-09-02 00:00:00-04:00,8.65130487925803,8.658724693156083,8.584527969360352,8.584527969360352,1500,0.0,0.0
2015-09-03 00:00:00-04:00,8.621627664390873,8.621627664390873,8.45839527135564,8.4806547164917,1000,0.0,0.0
2015-09-04 00:00:00-04:00,8.458395004272461,8.458395004272461,8.458395004272461,8.458395004272461,400,0.0,0.0
2015-09-08 00:00:00-04:00,8.584527969360352,8.584527969360352,8.584527969360352,8.584527969360352,600,0.0,0.0
2015-09-09 00:00:00-04:00,8.59194796296,8.59936777701324,8.332260131835938,8.332260131835938,4800,0.0,0.0
2015-09-10 00:00:00-04:00,8.525172554719695,8.525172554719695,8.369359970092773,8.369359970092773,1600,0.0,0.0
2015-09-11 00:00:00-04:00,8.354517664370592,8.354517664370592,8.117088622083925,8.161606788635254,8600,0.0,0.0
2015-09-14 00:00:00-04:00,8.005795359448745,8.005795359448745,7.642232995443413,7.723848819732666,35000,0.0,0.0
2015-09-15 00:00:00-04:00,7.657075452076554,8.413879783201303,7.605138149679133,7.70901346206665,33500,0.0,0.0
2015-09-16 00:00:00-04:00,7.6348137855529785,7.65707251982902,7.619974865233086,7.6348137855529785,12100,0.0,0.0
2015-09-17 00:00:00-04:00,7.634814145106656,7.738689422607422,7.61997522408794,7.738689422607422,8800,0.0,0.0
2015-09-18 00:00:00-04:00,7.605134636187443,7.820304270761247,7.5680362769314735,7.723848819732666,17600,0.0,0.0
2015-09-21 00:00:00-04:00,7.671913701376615,7.783208102887398,7.605136777433127,7.7535295486450195,7800,0.0,0.0
2015-09-22 00:00:00-04:00,7.7461088801039635,7.7461088801039635,7.619975569159382,7.627394676208496,6600,0.0,0.0
2015-09-23 00:00:00-04:00,7.5828776359558105,7.686752216491534,7.5828776359558105,7.5828776359558105,3600,0.0,0.0
2015-09-24 00:00:00-04:00,7.627393650207192,7.8277243730275945,7.5680365562438965,7.5680365562438965,9400,0.0,0.0
2015-09-25 00:00:00-04:00,7.80546507194922,7.812884177460712,7.642232721626879,7.694169998168945,5700,0.0,0.0
2015-09-28 00:00:00-04:00,7.6422327393011775,7.69417001596336,7.226732403226737,7.338027477264404,18200,0.0,0.0
2015-09-29 00:00:00-04:00,7.345448243598946,7.345448243598946,7.278672033189034,7.330609321594238,5800,0.0,0.0
2015-09-30 00:00:00-04:00,7.345448101247984,7.441903568983025,7.31576955022124,7.419644832611084,3200,0.0,0.0
2015-10-01 00:00:00-04:00,7.419644832611084,7.501260671036516,7.419644832611084,7.419644832611084,5000,0.0,0.0
2015-10-02 00:00:00-04:00,7.3677075231283755,7.449323361309172,7.3677075231283755,7.397386074066162,2000,0.0,0.0
2015-10-05 00:00:00-04:00,7.508680320966639,7.538358871342299,7.419644669839657,7.486421585083008,6900,0.0,0.0
2015-10-06 00:00:00-04:00,7.456743327784492,7.760948657989502,7.441903698217183,7.760948657989502,3200,0.0,0.0
2015-10-07 00:00:00-04:00,7.90192198465836,7.924181430090312,7.60513645482418,7.664493560791016,8800,0.0,0.0
2015-10-08 00:00:00-04:00,7.493842145384998,7.568038174912135,7.493842145384998,7.516100883483887,5300,0.0,0.0
2015-10-09 00:00:00-04:00,7.493841691689072,7.642234449351805,7.493841691689072,7.53835916519165,6000,0.0,0.0
2015-10-12 00:00:00-04:00,7.530939727043607,7.634815016398715,7.441904067993164,7.441904067993164,3600,0.0,0.0
2015-10-13 00:00:00-04:00,7.4641629905743,7.501260648552181,7.352867893863248,7.397386074066162,4800,0.0,0.0
2015-10-14 00:00:00-04:00,7.4196453301286835,7.56061828006042,7.4196453301286835,7.441904067993164,2100,0.0,0.0
2015-10-15 00:00:00-04:00,7.427063739283681,7.568036662528215,7.419643925535972,7.456742286682129,2900,0.0,0.0
2015-10-16 00:00:00-04:00,7.486423069365114,7.634815850664242,7.427065956845463,7.545780181884766,41300,0.0,0.0
2015-10-19 00:00:00-04:00,7.605135917663574,7.96869834292969,7.530939186649381,7.605135917663574,6900,0.0,0.0
2015-10-20 00:00:00-04:00,7.612554730512556,7.723849104795641,7.5680365562438965,7.5680365562438965,2400,0.0,0.0
2015-10-21 00:00:00-04:00,7.605135735027868,7.783207036074624,7.605135735027868,7.657073020935059,4400,0.0,0.0
2015-10-22 00:00:00-04:00,7.70901346206665,7.70901346206665,7.605138149679133,7.70901346206665,10500,0.0,0.0
2015-10-23 00:00:00-04:00,7.83514570237745,7.924181360546312,7.694172046249035,7.827725887298584,31000,0.0,0.0
2015-10-26 00:00:00-04:00,7.77578788933903,7.939020283111533,7.77578788933903,7.827725887298584,9600,0.0,0.0
2015-10-27 00:00:00-04:00,7.879661362533859,7.901920095050501,7.716429006363002,7.723848819732666,5700,0.0,0.0
2015-10-28 00:00:00-04:00,7.671912536499282,7.723849821639326,7.419644509946317,7.553198337554932,24900,0.0,0.0
2015-10-29 00:00:00-04:00,7.560719750456679,7.733750800066544,7.515580810255475,7.568243026733398,38200,0.14,0.0
2015-10-30 00:00:00-04:00,7.335026839595795,7.613381618182793,7.2974111738496275,7.530627727508545,382400,0.0,0.0
2015-11-02 00:00:00-05:00,7.523104086532195,7.666042748494297,7.523104086532195,7.568243026733398,47400,0.0,0.0
2015-11-03 00:00:00-05:00,7.583288861827723,7.6209045257522074,7.560719750456679,7.568243026733398,22700,0.0,0.0
2015-11-04 00:00:00-05:00,7.6133837091165075,7.628430266531009,7.530629795714789,7.590814590454102,65000,0.0,0.0
2015-11-05 00:00:00-05:00,7.590812138104443,7.598335414381163,7.545673197903239,7.568243026733398,18000,0.0,0.0
2015-11-06 00:00:00-05:00,7.5832906174250665,7.598337173461914,7.538152384233086,7.598337173461914,15800,0.0,0.0
2015-11-09 00:00:00-05:00,7.605860530098541,7.673568604432547,7.590814689946182,7.628430366516113,84500,0.0,0.0
2015-11-10 00:00:00-05:00,7.635952254389416,7.771368391114041,7.598337298596391,7.643475532531738,71600,0.0,0.0
2015-11-11 00:00:00-05:00,7.75632489720059,7.816509705615805,7.651001123744208,7.711185932159424,36300,0.0,0.0
2015-11-12 00:00:00-05:00,7.703662106836753,7.824031715153037,7.696138826952121,7.77889347076416,46400,0.0,0.0
2015-11-13 00:00:00-05:00,7.824030328503355,7.861646003800447,7.620906829833984,7.620906829833984,82400,0.0,0.0
2015-11-16 00:00:00-05:00,7.681089498541037,7.824028164178324,7.681089498541037,7.793935775756836,56900,0.0,0.0
2015-11-17 00:00:00-05:00,7.816509267298549,7.824031829833984,7.7713703047885865,7.824031829833984,31200,0.0,0.0
2015-11-18 00:00:00-05:00,7.808985109345001,8.049724302440074,7.808985109345001,7.944401264190674,31600,0.0,0.0
2015-11-19 00:00:00-05:00,8.004586273919813,8.275417873306267,8.004586273919813,8.117432594299316,85900,0.0,0.0
2015-11-20 00:00:00-05:00,8.170091605598564,8.23779966401538,8.139999214908777,8.162569046020508,39300,0.0,0.0
2015-11-23 00:00:00-05:00,8.26789214358525,8.523677825927734,8.26036886646713,8.523677825927734,49800,0.0,0.0
2015-11-24 00:00:00-05:00,8.388263840240178,8.463495195629525,8.335602321943263,8.350648880004883,17400,0.0,0.0
2015-11-25 00:00:00-05:00,8.335602282886002,8.42587947845459,8.252848366312975,8.42587947845459,23900,0.0,0.0
2015-11-27 00:00:00-05:00,8.425877677688712,8.463493347167969,8.388262008209454,8.463493347167969,12500,0.0,0.0
2015-11-30 00:00:00-05:00,8.44092671337512,8.44092671337512,8.215233347624238,8.410834312438965,23500,0.0,0.0
2015-12-01 00:00:00-05:00,8.463493308948376,8.463493308948376,8.245323287904963,8.282938957214355,6200,0.0,0.0
2015-12-02 00:00:00-05:00,8.237801749335429,8.275417426584504,8.01210840330034,8.132478713989258,25900,0.0,0.0
2015-12-03 00:00:00-05:00,8.094862264953374,8.162570334054362,8.087338986728975,8.109908103942871,16100,0.0,0.0
2015-12-04 00:00:00-05:00,8.192661436710294,8.192661436710294,8.087337710566446,8.162569046020508,12300,0.0,0.0
2015-12-07 00:00:00-05:00,8.08734045051044,8.177617653165193,7.914309324787023,8.124956130981445,22800,0.0,0.0
2015-12-08 00:00:00-05:00,8.012109848497673,8.21523411180593,7.974494881923104,8.049725532531738,10900,0.0,0.0
2015-12-09 00:00:00-05:00,8.042197976863154,8.049721253162364,7.914305867072156,7.974490642547607,12000,0.0,0.0
2015-12-10 00:00:00-05:00,8.042200504334673,8.04972378299827,7.966969870076726,8.019631385803223,17800,0.0,0.0
2015-12-11 00:00:00-05:00,7.951923084119374,7.9970620373438015,7.839076777247289,7.84660005569458,9000,0.0,0.0
2015-12-14 00:00:00-05:00,7.846597296114101,7.891735516004484,7.786412524620877,7.801458358764648,25800,0.0,0.0
2015-12-15 00:00:00-05:00,7.854121033769818,7.891736700965925,7.756321303502789,7.876690864562988,11100,0.0,0.0
2015-12-16 00:00:00-05:00,7.891739625401897,7.89926290512085,7.748800898039008,7.89926290512085,13000,0.0,0.0
2015-12-17 00:00:00-05:00,7.899258352287119,7.899258352287119,7.801457924687528,7.891735076904297,9200,0.0,0.0
2015-12-18 00:00:00-05:00,7.8992605797568824,8.004584312438965,7.80898340208334,8.004584312438965,57300,0.0,0.0
2015-12-21 00:00:00-05:00,8.01210884553692,8.155048283481223,7.831554445726711,7.936878204345703,17900,0.0,0.0
2015-12-22 00:00:00-05:00,7.974494881923104,8.117433620301158,7.748801495178205,8.049725532531738,6700,0.0,0.0
2015-12-23 00:00:00-05:00,8.057248812830451,8.124956900599871,7.793939742051486,8.049725532531738,11100,0.0,0.0
2015-12-24 00:00:00-05:00,8.012107075508899,8.094861695234385,7.906784057617188,7.9067840576171875,2900,0.0,0.0
2015-12-28 00:00:00-05:00,7.86164510890699,8.124954088554766,7.86164510890699,7.9067840576171875,8100,0.0,0.0
2015-12-29 00:00:00-05:00,8.06477108357612,8.087340204187544,7.801462045758344,7.936878204345703,15600,0.0,0.0
2015-12-30 00:00:00-05:00,7.929353966236821,7.944400523131404,7.839076777247289,7.84660005569458,3100,0.0,0.0
2015-12-31 00:00:00-05:00,7.884216634874286,7.951924719909494,7.748801182263341,7.824031829833984,14700,0.0,0.0
2016-01-04 00:00:00-05:00,7.748798026571732,7.906783254828039,7.673566692179518,7.876690864562988,22600,0.0,0.0
2016-01-05 00:00:00-05:00,7.929354924988759,7.951924045600183,7.816508604472231,7.936878204345703,12100,0.0,0.0
2016-01-06 00:00:00-05:00,7.959447603656016,8.064771365962903,7.8992628016119175,7.9519243240356445,17900,0.0,0.0
2016-01-07 00:00:00-05:00,7.839078102288113,8.087340593338013,7.824031542850207,7.89926290512085,13900,0.0,0.0
2016-01-08 00:00:00-05:00,7.921830915554484,8.019631385803223,7.899261797023033,8.019631385803223,17300,0.0,0.0
2016-01-11 00:00:00-05:00,8.004586563918807,8.094863766984952,7.914309360852659,7.9519243240356445,16800,0.0,0.0
2016-01-12 00:00:00-05:00,7.98201628467679,8.072293482762197,7.839077567073079,7.966970443725586,4300,0.0,0.0
2016-01-13 00:00:00-05:00,8.004585115634377,8.05724662852996,7.831553302969987,7.861645698547363,26600,0.0,0.0
2016-01-14 00:00:00-05:00,7.944400843400312,7.944400843400312,7.7864155769348145,7.7864155769348145,3300,0.0,0.0
2016-01-15 00:00:00-05:00,7.824032268573075,7.8691712336142405,7.681093527951815,7.711185932159424,14000,0.0,0.0
2016-01-19 00:00:00-05:00,7.711184243735319,7.711184243735319,7.6735685673471785,7.70366096496582,11800,0.0,0.0
2016-01-20 00:00:00-05:00,7.696137686196322,7.70366096496582,7.5231065792539695,7.70366096496582,28000,0.0,0.0
2016-01-21 00:00:00-05:00,7.681090312927955,7.711182704539986,7.620905529703891,7.666043758392334,1900,0.0,0.0
2016-01-22 00:00:00-05:00,7.711183720660483,7.869168976806534,7.6810913250831065,7.861645698547363,8400,0.0,0.0
2016-01-25 00:00:00-05:00,7.801461374954475,7.854122891006199,7.681091785430908,7.681091785430908,6000,0.0,0.0
2016-01-26 00:00:00-05:00,7.756322279749192,7.831552906151101,7.69613677418469,7.7187066078186035,3700,0.0,0.0
2016-01-27 00:00:00-05:00,7.763845958975201,7.869169712066651,7.75632339747246,7.86916971206665,4700,0.0,0.0
2016-01-28 00:00:00-05:00,7.922545668584151,7.99117153383612,7.914920330047607,7.914920330047607,1800,0.14,0.0
2016-01-29 00:00:00-05:00,7.853918890567045,7.991171345020283,7.853918890567045,7.983546733856201,7300,0.0,0.0
2016-02-01 00:00:00-05:00,7.876793883359779,7.9682957586314815,7.823417971249351,7.899669170379639,2300,0.0,0.0
2016-02-02 00:00:00-05:00,7.899669148345215,7.899669148345215,7.853918574433106,7.87679386138916,6000,0.0,0.0
2016-02-03 00:00:00-05:00,7.8234181340393185,7.853918759764544,7.792917508314092,7.808167457580566,5100,0.0,0.0
2016-02-04 00:00:00-05:00,7.823415950824018,7.869166513048491,7.739538708092359,7.777664661407471,6800,0.0,0.0
2016-02-05 00:00:00-05:00,7.731917596579853,7.792918858600047,7.663290995009034,7.686166286468506,5900,0.0,0.0
2016-02-08 00:00:00-05:00,7.686165761906203,7.686165761906203,7.548912568131764,7.6099138259887695,21900,0.0,0.0
2016-02-09 00:00:00-05:00,7.617538903815694,7.617538903815694,7.571788325587892,7.579412937164307,7500,0.0,0.0
2016-02-10 00:00:00-05:00,7.655665132977701,7.716666390834706,7.5794131970602665,7.6099138259887695,5100,0.0,0.0
2016-02-11 00:00:00-05:00,7.579414320571759,7.709042194530979,7.4802878072546735,7.510788440704346,15700,0.0,0.0
2016-02-12 00:00:00-05:00,7.503160234097999,7.548910803198102,7.487909559603175,7.495534896850586,10500,0.0,0.0
2016-02-16 00:00:00-05:00,7.62516358361005,7.670914885076307,7.4955357445132975,7.663289546966553,14200,0.0,0.0
2016-02-17 00:00:00-05:00,7.739539890212689,7.792916523883304,7.648038024595875,7.770040512084961,8600,0.0,0.0
2016-02-18 00:00:00-05:00,7.693791846132679,7.724292478015376,7.609914563060943,7.655665874481201,9700,0.0,0.0
2016-02-19 00:00:00-05:00,7.777666146654381,7.853918067845902,7.747165523616216,7.838667392730713,13700,0.0,0.0
2016-02-22 00:00:00-05:00,7.754791364518484,7.838667901519608,7.5717876144111615,7.587037563323975,36100,0.0,0.0
2016-02-23 00:00:00-05:00,7.587037482744316,7.602288158687418,7.480285659911621,7.487910270690918,23400,0.0,0.0
2016-02-24 00:00:00-05:00,7.480287789025008,7.60229032252637,7.442161815507717,7.472662448883057,9700,0.0,0.0
2016-02-25 00:00:00-05:00,7.625163445409816,7.625163445409816,7.43453435927457,7.487910270690918,19900,0.0,0.0
2016-02-26 00:00:00-05:00,7.587037992838519,7.59466333132274,7.480286162828651,7.526036739349365,7600,0.0,0.0
2016-02-29 00:00:00-05:00,7.533660855895462,7.602287436737803,7.480284949547947,7.495534896850586,24600,0.0,0.0
2016-03-01 00:00:00-05:00,7.495536926300647,7.6785407066345215,7.48791158698864,7.6785407066345215,4000,0.0,0.0
2016-03-02 00:00:00-05:00,7.587039454349012,7.609914747015893,7.548913481775912,7.564164161682129,3800,0.0,0.0
2016-03-03 00:00:00-05:00,7.594663600074481,7.648039516968225,7.533662344426681,7.571788311004639,13000,0.0,0.0
2016-03-04 00:00:00-05:00,7.59466479430212,7.648040719588993,7.556538821729021,7.564164161682129,7300,0.0,0.0
2016-03-07 00:00:00-05:00,7.602288953470537,7.625164242584438,7.548912309281662,7.579412937164307,17700,0.0,0.0
2016-03-08 00:00:00-05:00,7.579414320571759,7.617540294181964,7.510788440704346,7.510788440704346,14700,0.0,0.0
2016-03-09 00:00:00-05:00,7.587038261320425,7.609913550390268,7.541287683180738,7.571788311004639,12900,0.0,0.0
2016-03-10 00:00:00-05:00,7.5870382759330495,7.617538903815694,7.548912309281662,7.579412937164307,7800,0.0,0.0
2016-03-11 00:00:00-05:00,7.625164242584438,7.625164242584438,7.541287697705248,7.579412937164307,22100,0.0,0.0
2016-03-14 00:00:00-04:00,7.587036819690763,7.587036819690763,7.5336609129390935,7.5565361976623535,4900,0.0,0.0
2016-03-15 00:00:00-04:00,7.526035375837636,7.62516257659645,7.526035375837636,7.602287292480469,6300,0.0,0.0
2016-03-16 00:00:00-04:00,7.625165024448312,7.800543470958269,7.609914345347061,7.686166286468506,8300,0.0,0.0
2016-03-17 00:00:00-04:00,7.617539684897686,7.739542208938075,7.60228973298884,7.686166286468506,20100,0.0,0.0
2016-03-18 00:00:00-04:00,7.686163819033848,7.701414493239283,7.602287292480469,7.602287292480469,15700,0.0,0.0
2016-03-21 00:00:00-04:00,7.648039326184762,7.701415968939332,7.625164037685552,7.640414714813232,11600,0.0,0.0
2016-03-22 00:00:00-04:00,7.670915099400987,7.693790387177116,7.625163796656443,7.632789134979248,6600,0.0,0.0
2016-03-23 00:00:00-04:00,7.602289495091598,7.785293275425472,7.602289495091598,7.6785407066345215,8800,0.0,0.0
2016-03-24 00:00:00-04:00,7.800542555329942,7.800542555329942,7.70904067304015,7.762417316436768,3500,0.0,0.0
2016-03-28 00:00:00-04:00,7.739540867900739,7.884419385489769,7.701415631138415,7.808167457580566,22900,0.0,0.0
2016-03-29 00:00:00-04:00,7.747164044193797,7.815790614722581,7.716663426980124,7.777664661407471,9500,0.0,0.0
2016-03-30 00:00:00-04:00,7.770040919366308,7.777666257032119,7.701415061950684,7.701415061950684,2700,0.0,0.0
2016-03-31 00:00:00-04:00,7.701415725499921,7.716665674953245,7.632789134979248,7.632789134979248,8700,0.0,0.0
2016-04-01 00:00:00-04:00,7.625162683543401,7.747165170129346,7.625162683543401,7.709039211273193,8300,0.0,0.0
2016-04-04 00:00:00-04:00,7.762415902011033,7.7776658493510755,7.686163983734261,7.770040512084961,7900,0.0,0.0
2016-04-05 00:00:00-04:00,7.7776655646383785,7.7776655646383785,7.678538365384144,7.73191499710083,3100,0.0,0.0
2016-04-06 00:00:00-04:00,7.625164104000396,7.731916663245635,7.625164104000396,7.7242913246154785,3700,0.0,0.0
2016-04-07 00:00:00-04:00,7.724291540810163,7.762417507835733,7.663290284446185,7.693790912628174,4000,0.0,0.0
2016-04-08 00:00:00-04:00,7.754792645369826,7.762417984681833,7.6709160945148955,7.6785407066345215,9000,0.0,0.0
2016-04-11 00:00:00-04:00,7.701417185901459,7.701417185901459,7.625165242598504,7.655665874481201,6100,0.0,0.0
2016-04-12 00:00:00-04:00,7.686166744316176,7.686166744316176,7.648040771484375,7.648040771484375,600,0.0,0.0
2016-04-13 00:00:00-04:00,7.678539495993794,7.678539495993794,7.648038870747045,7.663289546966553,1300,0.0,0.0
2016-04-14 00:00:00-04:00,7.663291451494074,7.686166744316176,7.632790818667123,7.648040771484375,3700,0.0,0.0
2016-04-15 00:00:00-04:00,7.686165291811652,7.686165291811652,7.625164037685552,7.640414714813232,12600,0.0,0.0
2016-04-18 00:00:00-04:00,7.62516358361005,7.693790172213303,7.62516358361005,7.663289546966553,5200,0.0,0.0
2016-04-19 00:00:00-04:00,7.686165612817673,7.785292836710624,7.6404150339085195,7.739541530609131,11600,0.0,0.0
2016-04-20 00:00:00-04:00,7.678541404311327,7.701417424325875,7.6404161586719725,7.648040771484375,7300,0.0,0.0
2016-04-21 00:00:00-04:00,7.693792084321026,7.739542669965228,7.6404161586719725,7.648040771484375,15200,0.0,0.0
2016-04-22 00:00:00-04:00,7.686166744316176,7.731918057152827,7.625165478662273,7.648040771484375,12800,0.0,0.0
2016-04-25 00:00:00-04:00,7.72429201531418,7.731917354626187,7.6709160945148955,7.6785407066345215,2300,0.0,0.0
2016-04-26 00:00:00-04:00,7.648039392698548,7.739541274683475,7.648039392698548,7.7242913246154785,10900,0.0,0.0
2016-04-27 00:00:00-04:00,7.801613043685953,7.832541113004116,7.762952772692414,7.809345245361328,6000,0.14,0.0
2016-04-28 00:00:00-04:00,7.778417176043164,7.832541113004116,7.778417176043164,7.809345245361328,5700,0.0,0.0
2016-04-29 00:00:00-04:00,7.801611780004788,7.8325398443133185,7.7938795795818505,7.824807643890381,25000,0.0,0.0
2016-05-02 00:00:00-04:00,7.778416036086245,7.848003628816279,7.778416036086245,7.80161190032959,2900,0.0,0.0
2016-05-03 00:00:00-04:00,7.778415845649606,7.848003436675948,7.716558980209728,7.793879508972168,9500,0.0,0.0
2016-05-04 00:00:00-04:00,7.747490128223279,7.817077740326696,7.716561317443848,7.716561317443848,10100,0.0,0.0
2016-05-05 00:00:00-04:00,7.73975586539795,7.832540060889096,7.732023664761211,7.786147594451904,7400,0.0,0.0
2016-05-06 00:00:00-04:00,7.778415845649606,7.832539773353387,7.708827517240053,7.793879508972168,9500,0.0,0.0
2016-05-09 00:00:00-04:00,7.793880107705913,7.824808174110172,7.770684242248536,7.770684242248535,1900,0.0,0.0
2016-05-10 00:00:00-04:00,7.778416061235265,7.778416061235265,7.732023595215351,7.755219459533691,7000,0.0,0.0
2016-05-11 00:00:00-04:00,7.778416443195417,7.909860172376066,7.747488376791159,7.770684242248535,7700,0.0,0.0
2016-05-12 00:00:00-04:00,7.770683930561665,7.902128391853265,7.770683930561665,7.786147594451904,7100,0.0,0.0
2016-05-13 00:00:00-04:00,7.8093445095996765,7.863468441461312,7.770684242248536,7.770684242248535,4600,0.0,0.0
2016-05-16 00:00:00-04:00,7.770684974367789,7.871201383997655,7.770684974367789,7.809345245361328,5400,0.0,0.0
2016-05-17 00:00:00-04:00,7.848004408186757,7.917592745210706,7.848004408186757,7.878932476043701,37100,0.0,0.0
2016-05-18 00:00:00-04:00,7.778415187314127,7.925323294669165,7.778415187314127,7.917591094970703,22000,0.0,0.0
2016-05-19 00:00:00-04:00,7.8711993715462265,7.925323294669165,7.84800277245084,7.917591094970703,18700,0.0,0.0
2016-05-20 00:00:00-04:00,7.925324440002441,7.963984706698616,7.917592239186555,7.925324440002441,17600,0.0,0.0
2016-05-23 00:00:00-04:00,7.894395330824825,7.963983654204725,7.894395330824825,7.9407877922058105,6600,0.0,0.0
2016-05-24 00:00:00-04:00,7.963983825605172,8.118624137898022,7.925323563186165,8.087696075439453,11200,0.0,0.0
2016-05-25 00:00:00-04:00,7.97944748814287,8.110891937937588,7.9485194256842995,8.087696075439453,17700,0.0,0.0
2016-05-26 00:00:00-04:00,8.110892104599296,8.110892104599296,7.971716189367546,8.10315990447998,2100,0.0,0.0
2016-05-27 00:00:00-04:00,8.118624137898022,8.195944662736036,8.079963875479017,8.087696075439453,13200,0.0,0.0
2016-05-31 00:00:00-04:00,8.141820167693373,8.141820167693373,8.01037571519775,8.10315990447998,10300,0.0,0.0
2016-06-01 00:00:00-04:00,8.103158420115609,8.103158420115609,8.03357084393862,8.064498901367188,2500,0.0,0.0
2016-06-02 00:00:00-04:00,8.018107340203096,8.103159323265494,7.987179279327393,7.987179279327393,7400,0.0,0.0
2016-06-03 00:00:00-04:00,8.103161268373013,8.188214009234866,7.902129193116161,8.072233200073242,5300,0.0,0.0
2016-06-06 00:00:00-04:00,8.095429150977695,8.188213348388672,7.963984686966332,8.188213348388672,14700,0.0,0.0
2016-06-07 00:00:00-04:00,8.134089417578082,8.188213348388672,8.134089417578082,8.188213348388672,600,0.0,0.0
2016-06-08 00:00:00-04:00,8.188210680445778,8.195942878723145,8.188210680445778,8.195942878723145,500,0.0,0.0
2016-06-09 00:00:00-04:00,8.172748946795215,8.188213348388672,8.149553081788286,8.188213348388672,1300,0.0,0.0
2016-06-10 00:00:00-04:00,8.172749519348145,8.180481720686563,8.087697516775464,8.172749519348145,6600,0.0,0.0
2016-06-13 00:00:00-04:00,8.126357786084249,8.172749519348145,8.04903724746668,8.172749519348145,5400,0.0,0.0
2016-06-14 00:00:00-04:00,8.118625421774889,8.157285690307617,8.118625421774889,8.157285690307617,300,0.0,0.0
2016-06-15 00:00:00-04:00,8.141818676247084,8.141818676247084,8.049034503961376,8.064498901367188,5800,0.0,0.0
2016-06-16 00:00:00-04:00,8.033570106024225,8.149550126382383,7.948517402870788,7.979445457458496,11400,0.0,0.0
2016-06-17 00:00:00-04:00,7.994912857695164,8.103160720736987,7.963984791485606,8.041304588317871,7200,0.0,0.0
2016-06-20 00:00:00-04:00,8.033573667736015,8.172749606393324,8.033573667736015,8.072233200073242,1500,0.0,0.0
2016-06-21 00:00:00-04:00,8.110891597729522,8.110891597729522,8.018107414245605,8.018107414245605,2100,0.0,0.0
2016-06-22 00:00:00-04:00,8.010374247829901,8.103158420115609,8.00264278651005,8.064498901367188,1500,0.0,0.0
2016-06-23 00:00:00-04:00,8.064500955645478,8.07996461960731,7.994912624359131,7.994912624359131,10900,0.0,0.0
2016-06-24 00:00:00-04:00,7.940785942261101,8.002642051436517,7.940785942261101,7.979445457458496,2900,0.0,0.0
2016-06-27 00:00:00-04:00,7.940787792205811,8.010375378202554,7.940787792205811,7.9407877922058105,5000,0.0,0.0
2016-06-28 00:00:00-04:00,7.948520305066844,7.994912772578905,7.925324440002441,7.925324440002441,11600,0.0,0.0
2016-06-29 00:00:00-04:00,7.948518121143254,7.948518121143254,7.809342231613351,7.886662006378174,13900,0.0,0.0
2016-06-30 00:00:00-04:00,7.886663033560002,7.979447217792103,7.886663033560002,7.917591094970703,7400,0.0,0.0
2016-07-01 00:00:00-04:00,8.00264497339479,8.00264497339479,7.925324440002441,7.925324440002441,1200,0.0,0.0
2016-07-05 00:00:00-04:00,7.909858174377437,7.925322572364955,7.871198654174805,7.871198654174805,3500,0.0,0.0
2016-07-06 00:00:00-04:00,7.886665057076198,8.056769807171143,7.886665057076198,7.894397258758545,1900,0.0,0.0
2016-07-07 00:00:00-04:00,7.9175900755441955,8.07223036268704,7.9175900755441955,8.064498901367188,5400,0.0,0.0
2016-07-08 00:00:00-04:00,8.072231273451811,8.126355933095814,8.00264368942347,8.118623733520508,6300,0.0,0.0
2016-07-11 00:00:00-04:00,8.13408778929833,8.13408778929833,8.03357141121197,8.04903507232666,5100,0.0,0.0
2016-07-12 00:00:00-04:00,8.118625610868563,8.17274954564503,8.09542974416198,8.165018081665039,2800,0.0,0.0
2016-07-13 00:00:00-04:00,8.172746283891044,8.195942878723145,8.126354568992872,8.195942878723145,13500,0.0,0.0
2016-07-14 00:00:00-04:00,8.157285282585013,8.188213348388672,8.064501085174037,8.188213348388672,6900,0.0,0.0
2016-07-15 00:00:00-04:00,8.195944952028785,8.211408615112305,8.126356624694946,8.211408615112305,4200,0.0,0.0
2016-07-18 00:00:00-04:00,8.195942878723145,8.203674339617498,8.195942878723145,8.195942878723145,2100,0.0,0.0
2016-07-19 00:00:00-04:00,8.1959455491854,8.203677012598874,8.180481147591944,8.188213348388672,11600,0.0,0.0
2016-07-20 00:00:00-04:00,8.17274954564503,8.19594614973492,8.149553678938444,8.165018081665039,2800,0.0,0.0
2016-07-21 00:00:00-04:00,8.195945409772596,8.195945409772596,8.126357078552246,8.126357078552246,1000,0.0,0.0
2016-07-22 00:00:00-04:00,8.30419341080658,8.30419341080658,8.157285282585013,8.188213348388672,7100,0.0,0.0
2016-07-25 00:00:00-04:00,8.134086767270238,8.195942878723145,8.134086767270238,8.195942878723145,2100,0.0,0.0
2016-07-26 00:00:00-04:00,8.149553489124413,8.20367742264026,8.134089824141295,8.157285690307617,6300,0.0,0.0
2016-07-27 00:00:00-04:00,8.195944952028785,8.211408615112305,8.126356624694946,8.211408615112305,7800,0.0,0.0
2016-07-28 00:00:00-04:00,8.250582928370342,8.305430617840692,8.242748184646189,8.289759635925293,15700,0.14,0.0
2016-07-29 00:00:00-04:00,8.305433590049851,8.305433590049851,8.266256868474992,8.281927108764648,11300,0.0,0.0
2016-08-01 00:00:00-04:00,8.281926807215136,8.344609260559082,8.274092060972484,8.344609260559082,14000,0.0,0.0
2016-08-02 00:00:00-04:00,8.35244369506836,8.383784917766725,8.305432234637655,8.35244369506836,14100,0.0,0.0
2016-08-03 00:00:00-04:00,8.321102472369994,8.37594942528371,8.321102472369994,8.35244369506836,3200,0.0,0.0
2016-08-04 00:00:00-04:00,8.383785980707495,8.383785980707495,8.344609260559082,8.344609260559082,1200,0.0,0.0
2016-08-05 00:00:00-04:00,8.336773126678462,8.375949093072334,8.297596413050929,8.321102142333984,5800,0.0,0.0
2016-08-08 00:00:00-04:00,8.375951136924828,8.415127860112044,8.368116390074459,8.407292366027832,14700,0.0,0.0
2016-08-09 00:00:00-04:00,8.430797247321411,8.43863273991771,8.344608323229538,8.399456024169922,15200,0.0,0.0
2016-08-10 00:00:00-04:00,8.375949546381028,8.430797247321411,8.375949546381028,8.399456024169922,5100,0.0,0.0
2016-08-11 00:00:00-04:00,8.383787581727617,8.501317764617148,8.336776106358947,8.462141036987305,12600,0.0,0.0
2016-08-12 00:00:00-04:00,8.352446030180868,8.516987682157001,8.344610535507266,8.375951766967773,9800,0.0,0.0
2016-08-15 00:00:00-04:00,8.407292154620654,8.532657815114108,8.352445191878022,8.42296314239502,9300,0.0,0.0
2016-08-16 00:00:00-04:00,8.438634977122685,8.454305219235989,8.336775788067564,8.375951766967773,7700,0.0,0.0
2016-08-17 00:00:00-04:00,8.415127648507836,8.446468876822744,8.383786420192928,8.42296314239502,4700,0.0,0.0
2016-08-18 00:00:00-04:00,8.407288408386696,8.532654013018039,8.407288408386696,8.516983032226562,2900,0.0,0.0
2016-08-19 00:00:00-04:00,8.532658268797112,8.618846464437294,8.516987280189516,8.595340728759766,6000,0.0,0.0
2016-08-22 00:00:00-04:00,8.611011089858073,8.705034781109324,8.501317157015214,8.68152904510498,9000,0.0,0.0
2016-08-23 00:00:00-04:00,8.712868659777087,8.720704152736785,8.618844985961914,8.618844985961914,4500,0.0,0.0
2016-08-24 00:00:00-04:00,8.618844324895528,8.697197754015324,8.556161880493164,8.556161880493164,3200,0.0,0.0
2016-08-25 00:00:00-04:00,8.595338075139155,8.650185023865227,8.501314414222902,8.579667091369629,9600,0.0,0.0
2016-08-26 00:00:00-04:00,8.540490773142755,8.673691152393573,8.501314806379064,8.509149551391602,15300,0.0,0.0
2016-08-29 00:00:00-04:00,8.618844985961914,8.618844985961914,8.587503761356857,8.618844985961914,6600,0.0,0.0
2016-08-30 00:00:00-04:00,8.634517669677734,8.673693647711886,8.595340944409699,8.634517669677734,1500,0.0,0.0
2016-08-31 00:00:00-04:00,8.658023309100637,8.68152904510498,8.626682078683551,8.68152904510498,4900,0.0,0.0
2016-09-01 00:00:00-04:00,8.64234997009662,8.64234997009662,8.548326304413921,8.60317325592041,11900,0.0,0.0
2016-09-02 00:00:00-04:00,8.665856674301027,8.791221565167046,8.52482079845991,8.642350196838379,18700,0.0,0.0
2016-09-06 00:00:00-04:00,8.658021821996563,8.759880990165199,8.658021821996563,8.665857315063477,5600,0.0,0.0
2016-09-07 00:00:00-04:00,8.775549949211616,8.853903373985949,8.665856051207914,8.673690795898438,13400,0.0,0.0
2016-09-08 00:00:00-04:00,8.642352109156704,8.783388016205246,8.642352109156704,8.697199821472168,8900,0.0,0.0
2016-09-09 00:00:00-04:00,8.65802253373231,8.697199255053668,8.532657623291016,8.532657623291016,8800,0.0,0.0
2016-09-12 00:00:00-04:00,8.524820762180648,8.618844429930023,8.524820762180648,8.54832649230957,2100,0.0,0.0
2016-09-13 00:00:00-04:00,8.571832222438491,8.618844429930023,8.532656254634851,8.54832649230957,2800,0.0,0.0
2016-09-14 00:00:00-04:00,8.524822321226925,8.54832805565465,8.42296314239502,8.42296314239502,9300,0.0,0.0
2016-09-15 00:00:00-04:00,8.454304180648302,8.611010318699922,8.344609510395264,8.532657623291016,4800,0.0,0.0
2016-09-16 00:00:00-04:00,8.47780845137337,8.595338595053061,8.47780845137337,8.556161880493164,7900,0.0,0.0
2016-09-19 00:00:00-04:00,8.595337971343366,8.791220782695188,8.587502479553223,8.587502479553223,24000,0.0,0.0
2016-09-20 00:00:00-04:00,8.556164642386543,8.658023834228516,8.556164642386543,8.658023834228516,1800,0.0,0.0
2016-09-21 00:00:00-04:00,8.650188339340536,8.658023834228516,8.650188339340536,8.658023834228516,600,0.0,0.0
2016-09-22 00:00:00-04:00,8.611011186176583,8.73637610924719,8.611011186176583,8.634517669677734,3300,0.0,0.0
2016-09-23 00:00:00-04:00,8.61884607116901,8.814728936422851,8.61884607116901,8.759881973266602,6100,0.0,0.0
2016-09-26 00:00:00-04:00,8.626681867947896,8.759882280775107,8.618846373726566,8.697199821472168,7500,0.0,0.0
2016-09-27 00:00:00-04:00,8.650186105505377,8.69719831545884,8.548326939967644,8.626680374145508,1800,0.0,0.0
2016-09-28 00:00:00-04:00,8.68936304703047,8.697198540097384,8.626680596962656,8.665857315063477,7700,0.0,0.0
2016-09-29 00:00:00-04:00,8.697197668836779,8.697197668836779,8.579667526308153,8.60317325592041,5300,0.0,0.0
2016-09-30 00:00:00-04:00,8.689362885399412,8.846069007654053,8.681527392478246,8.814727783203125,9600,0.0,0.0
2016-10-03 00:00:00-04:00,8.783386676510025,8.932257307839393,8.626680552154442,8.861740112304688,7500,0.0,0.0
2016-10-04 00:00:00-04:00,8.96359993131621,8.98710641406261,8.736375828738016,8.885247230529785,4100,0.0,0.0
2016-10-05 00:00:00-04:00,8.885247564041967,9.190824378876561,8.885247564041967,9.010612487792969,6900,0.0,0.0
2016-10-06 00:00:00-04:00,8.861741295121613,8.963599729122944,8.861741295121613,8.940093994140625,1900,0.0,0.0
2016-10-07 00:00:00-04:00,8.916586280566488,8.916586280566488,8.752044677734375,8.752044677734375,800,0.0,0.0
2016-10-10 00:00:00-04:00,8.752046198172938,8.916587829589844,8.7363752107838,8.916587829589844,4600,0.0,0.0
2016-10-11 00:00:00-04:00,9.010611419466743,9.010611419466743,8.814728562521815,8.96359920501709,500,0.0,0.0
2016-10-12 00:00:00-04:00,9.002774617077561,9.010610109552388,8.853903996224302,8.893080711364746,21000,0.0,0.0
2016-10-13 00:00:00-04:00,8.830397917842813,9.010609754255771,8.806891441345215,8.806891441345215,7600,0.0,0.0
2016-10-14 00:00:00-04:00,8.885247230529785,8.885247230529785,8.885247230529785,8.885247230529785,800,0.0,0.0
2016-10-17 00:00:00-04:00,8.93225760084544,9.128140449523926,8.93225760084544,9.128140449523926,5700,0.0,0.0
2016-10-18 00:00:00-04:00,9.167317168706376,9.167317168706376,9.057623251676036,9.128140449523926,11900,0.0,0.0
2016-10-19 00:00:00-04:00,9.049788194315392,9.206494331359863,9.049788194315392,9.206494331359863,6800,0.0,0.0
2016-10-20 00:00:00-04:00,9.206494331359863,9.206494331359863,9.206494331359863,9.206494331359863,300,0.0,0.0
2016-10-21 00:00:00-04:00,9.190824162280265,9.206495150996773,9.026283264160156,9.026283264160156,2100,0.0,0.0
2016-10-24 00:00:00-04:00,9.01061103921034,9.167317168706376,9.01061103921034,9.128140449523926,5900,0.0,0.0
2016-10-25 00:00:00-04:00,9.049788172166677,9.20649430882762,8.932258009245619,9.112470626831055,10700,0.0,0.0
2016-10-26 00:00:00-04:00,9.167317153279555,9.229999604972488,9.073293475740158,9.088964462280273,7100,0.0,0.0
2016-10-27 00:00:00-04:00,9.24567244738683,9.331860648956638,9.198660225563534,9.32402515411377,5000,0.0,0.0
2016-10-28 00:00:00-04:00,9.514311619113165,9.514311619113165,9.379525477352033,9.474668502807617,12100,0.14,0.0
2016-10-31 00:00:00-04:00,9.43502314379258,9.43502314379258,9.355737686157227,9.355737686157227,5200,0.0,0.0
2016-11-01 00:00:00-04:00,9.316096917871858,9.355740034705736,9.078238972998154,9.236810684204102,11800,0.0,0.0
2016-11-02 00:00:00-04:00,9.117880355469637,9.316095145805933,9.117880355469637,9.252666473388672,9100,0.0,0.0
2016-11-03 00:00:00-04:00,9.19716739654541,9.236809753254294,9.19716739654541,9.19716739654541,2200,0.0,0.0
2016-11-04 00:00:00-04:00,9.07823816168544,9.157524388267468,8.959309577941895,8.959309577941895,11100,0.0,0.0
2016-11-07 00:00:00-05:00,8.91966646465088,8.998952691232908,8.91966646465088,8.959309577941895,9300,0.0,0.0
2016-11-08 00:00:00-05:00,8.919665336608887,9.038593905311911,8.919665336608887,8.919665336608887,6300,0.0,0.0
2016-11-09 00:00:00-05:00,8.919664731600067,9.316094275226735,8.919664731600067,9.038593292236328,3200,0.0,0.0
2016-11-10 00:00:00-05:00,9.01480707282785,9.117878837377194,8.99895028542834,9.109950065612793,10400,0.0,0.0
2016-11-11 00:00:00-05:00,9.038591574491846,9.117877770600927,8.983091690893012,9.078234672546387,4000,0.0,0.0
2016-11-14 00:00:00-05:00,9.197165776656197,9.633237672684823,9.07823645908801,9.55395221710205,68500,0.0,0.0
2016-11-15 00:00:00-05:00,9.553954444585667,9.672883033752441,9.553954444585667,9.672883033752441,26800,0.0,0.0
2016-11-16 00:00:00-05:00,9.633235940008571,9.672879038734251,9.58566482644113,9.59359359741211,4700,0.0,0.0
2016-11-17 00:00:00-05:00,9.633236051737914,9.633236051737914,9.51430751031072,9.6253080368042,6000,0.0,0.0
2016-11-18 00:00:00-05:00,9.712523460388184,9.760095336564536,9.514308695890465,9.712523460388184,12400,0.0,0.0
2016-11-21 00:00:00-05:00,9.791809668638999,9.9107382248859,9.633237252137368,9.712523460388184,23800,0.0,0.0
2016-11-22 00:00:00-05:00,9.71252614885121,9.752169263949977,9.672883033752441,9.672883033752441,4500,0.0,0.0
2016-11-23 00:00:00-05:00,9.553951979818805,9.950381516274945,9.553951979818805,9.752166748046875,15300,0.0,0.0
2016-11-25 00:00:00-05:00,9.791812379048746,9.871097853116751,9.553954444585667,9.672883033752441,8000,0.0,0.0
2016-11-28 00:00:00-05:00,9.672880356262775,9.712523460388184,9.514308695890465,9.712523460388184,5200,0.0,0.0
2016-11-29 00:00:00-05:00,9.704595111999863,9.871095551691843,9.55395221710205,9.55395221710205,8900,0.0,0.0
2016-11-30 00:00:00-05:00,9.672879038734251,9.791808334911291,9.530164941902708,9.59359359741211,9500,0.0,0.0
2016-12-01 00:00:00-05:00,9.696665916286292,9.75216656451359,9.672880356262775,9.712523460388184,3600,0.0,0.0
2016-12-02 00:00:00-05:00,9.855238686696962,9.855238686696962,9.752166914721245,9.831452369689941,5600,0.0,0.0
2016-12-05 00:00:00-05:00,9.831451784950623,9.910737991333008,9.75216633469754,9.910737991333008,6300,0.0,0.0
2016-12-06 00:00:00-05:00,9.910738468170166,10.465739671161828,9.910738468170166,10.307168006896973,30700,0.0,0.0
2016-12-07 00:00:00-05:00,10.26752475010778,10.465739516542792,10.188239297211371,10.29131031036377,17300,0.0,0.0
2016-12-08 00:00:00-05:00,10.426097166023395,10.426097166023395,10.227882385253906,10.227882385253906,9900,0.0,0.0
2016-12-09 00:00:00-05:00,10.26752549263368,10.386454814773003,10.227882385253906,10.227882385253906,13600,0.0,0.0
2016-12-12 00:00:00-05:00,10.307168780988432,10.42609734908654,10.188240212890324,10.267525672912598,21000,0.0,0.0
2016-12-13 00:00:00-05:00,10.30716689662909,10.426095442984645,10.02966594696045,10.02966594696045,40900,0.0,0.0
2016-12-14 00:00:00-05:00,10.188240827753464,10.307169403028945,10.029668385880235,10.148597717285156,7200,0.0,0.0
2016-12-15 00:00:00-05:00,10.235811175302373,10.307168617481022,10.188240051269531,10.188240051269531,5300,0.0,0.0
2016-12-16 00:00:00-05:00,10.299239917166986,10.299239917166986,9.950382232666016,9.950382232666016,53400,0.0,0.0
2016-12-19 00:00:00-05:00,9.950381628467408,10.164453187380166,9.950381628467408,10.069310188293457,8200,0.0,0.0
2016-12-20 00:00:00-05:00,10.251668635236175,10.505383310973764,10.251668635236175,10.465740203857422,27400,0.0,0.0
2016-12-21 00:00:00-05:00,10.386453405607838,10.584668159484863,10.386453405607838,10.584668159484863,11100,0.0,0.0
2016-12-22 00:00:00-05:00,10.465742455234798,10.703600392971175,10.465742455234798,10.545028686523438,11400,0.0,0.0
2016-12-23 00:00:00-05:00,10.505381943727805,10.624310493469238,10.4657388417709,10.624310493469238,5300,0.0,0.0
2016-12-27 00:00:00-05:00,10.624311522883065,10.703597734479096,10.227881977161617,10.346811294555664,15100,0.0,0.0
2016-12-28 00:00:00-05:00,10.346811111995521,10.465739671161828,10.267524901798424,10.307168006896973,9800,0.0,0.0
2016-12-29 00:00:00-05:00,10.346811889064266,10.42609734908654,10.196168229601975,10.267525672912598,5300,0.0,0.0
2016-12-30 00:00:00-05:00,10.307168006896973,10.323025551388127,9.990024678367263,10.307168006896973,19200,0.0,0.0
2017-01-03 00:00:00-05:00,10.346811324585051,10.624311553717838,10.06931033932291,10.370596885681152,9300,0.0,0.0
2017-01-04 00:00:00-05:00,10.346813695013447,10.545028513859952,10.346813695013447,10.505385398864746,11100,0.0,0.0
2017-01-05 00:00:00-05:00,10.545028513859952,10.624313987720837,10.505385398864746,10.505385398864746,24500,0.0,0.0
2017-01-06 00:00:00-05:00,10.505385570879117,10.941458330707555,10.505385570879117,10.545028686523438,6500,0.0,0.0
2017-01-09 00:00:00-05:00,10.6639538362465,10.70359693909865,10.34681052568789,10.386453628540039,13700,0.0,0.0
2017-01-10 00:00:00-05:00,10.505385570879117,10.584671802167756,10.465742455234798,10.545028686523438,6200,0.0,0.0
2017-01-11 00:00:00-05:00,10.663954330040536,10.822525992662497,10.624311225352711,10.782883644104004,20700,0.0,0.0
2017-01-12 00:00:00-05:00,10.703596115112305,10.862167758184418,10.62430991551163,10.703596115112305,25500,0.0,0.0
2017-01-13 00:00:00-05:00,10.751167986098556,10.862167758184418,10.576738800654615,10.703596115112305,12000,0.0,0.0
2017-01-17 00:00:00-05:00,10.743239214912641,10.862167758184418,10.62430991551163,10.703596115112305,18100,0.0,0.0
2017-01-18 00:00:00-05:00,10.782883644104004,10.782883644104004,10.663954330040536,10.782883644104004,4800,0.0,0.0
2017-01-19 00:00:00-05:00,10.703596660914688,10.862168312072754,10.703596660914688,10.862168312072754,8400,0.0,0.0
2017-01-20 00:00:00-05:00,10.862168312072754,10.862168312072754,10.759096549787692,10.862168312072754,3700,0.0,0.0
2017-01-23 00:00:00-05:00,10.862172769280226,10.862172769280226,10.743244171142578,10.743244171142578,5500,0.0,0.0
2017-01-24 00:00:00-05:00,10.854239540482531,10.862168312072754,10.790810880019306,10.862168312072754,3100,0.0,0.0
2017-01-25 00:00:00-05:00,10.862171954225744,10.949386958703364,10.782886480126441,10.822528839111328,10800,0.0,0.0
2017-01-26 00:00:00-05:00,10.862172769280226,10.925601455770918,10.465743100648616,10.743244171142578,16800,0.0,0.0
2017-01-27 00:00:00-05:00,10.782883089069673,10.901811640882125,10.505382126668229,10.66395378112793,15200,0.0,0.0
2017-01-30 00:00:00-05:00,10.856241265984728,11.016480834395798,10.736061016614528,10.816181182861328,8300,0.14,0.0
2017-01-31 00:00:00-05:00,10.736063806617539,10.856244087219238,10.615884290098572,10.856244087219238,7800,0.0,0.0
2017-02-01 00:00:00-05:00,10.936363171257474,11.016483355842135,10.792147908720873,10.976423263549805,7000,0.0,0.0
2017-02-02 00:00:00-05:00,10.896303891825893,11.016483405158171,10.776123614410904,10.936363220214844,2900,0.0,0.0
2017-02-03 00:00:00-05:00,10.936363171257474,11.056543448134468,10.736063473878525,10.976423263549805,11400,0.0,0.0
2017-02-06 00:00:00-05:00,10.880277883037726,11.096601890808003,10.736061877857543,10.896302223205566,36500,0.0,0.0
2017-02-07 00:00:00-05:00,10.976423263549805,11.096603540426798,10.976423263549805,10.976423263549805,47600,0.0,0.0
2017-02-08 00:00:00-05:00,11.096603442157294,11.096603442157294,11.016483258282161,11.056543350219727,15200,0.0,0.0
2017-02-09 00:00:00-05:00,10.976423118268372,11.096603393554688,10.976423118268372,11.096603393554688,4200,0.0,0.0
2017-02-10 00:00:00-05:00,11.096602162324164,11.176721572875977,11.096602162324164,11.176721572875977,15300,0.0,0.0
2017-02-13 00:00:00-05:00,11.176723329390528,11.296903610229492,11.176723329390528,11.296903610229492,35900,0.0,0.0
2017-02-14 00:00:00-05:00,11.136662342026089,11.37702212033167,11.056542925312677,11.256842613220215,22800,0.0,0.0
2017-02-15 00:00:00-05:00,11.33696160948366,11.457141876220703,11.240817854543613,11.457141876220703,40500,0.0,0.0
2017-02-16 00:00:00-05:00,11.417082786560059,11.457142878978566,11.417082786560059,11.417082786560059,13300,0.0,0.0
2017-02-17 00:00:00-05:00,11.45714048860131,11.697500228881836,11.409068234912183,11.697500228881836,34100,0.0,0.0
2017-02-21 00:00:00-05:00,11.6574427083731,11.817682315770393,11.617382615503098,11.77762222290039,16900,0.0,0.0
2017-02-22 00:00:00-05:00,11.617382615503098,11.77762222290039,11.617382615503098,11.77762222290039,17100,0.0,0.0
2017-02-23 00:00:00-05:00,11.777621177269156,11.857741355895996,11.753585429314164,11.857741355895996,5200,0.0,0.0
2017-02-24 00:00:00-05:00,11.777622272604495,11.81768236564356,10.85624395311961,11.73756217956543,21900,0.0,0.0
2017-02-27 00:00:00-05:00,11.705513214863583,11.857741402030316,11.657441718766568,11.817681312561035,7400,0.0,0.0
2017-02-28 00:00:00-05:00,11.737562130030387,11.857742408640396,11.617382615503098,11.77762222290039,17300,0.0,0.0
2017-03-01 00:00:00-05:00,11.777621177269156,11.937860770440185,11.777621177269156,11.857741355895996,9700,0.0,0.0
2017-03-02 00:00:00-05:00,12.017980949067026,12.017980949067026,11.857741355895996,11.857741355895996,19100,0.0,0.0
2017-03-03 00:00:00-05:00,11.897802019576558,12.01798152923584,11.81768183708191,12.01798152923584,15200,0.0,0.0
2017-03-06 00:00:00-05:00,11.857741422161364,12.418580383435467,11.833705674072052,12.29840087890625,51700,0.0,0.0
2017-03-07 00:00:00-05:00,12.338458237543662,12.819177707196546,12.338458237543662,12.739057540893555,50300,0.0,0.0
2017-03-08 00:00:00-05:00,12.819178642843347,13.660436630013871,12.819178642843347,13.299898147583008,94300,0.0,0.0
2017-03-09 00:00:00-05:00,13.299898979220197,13.420078480878592,12.618879765602259,12.899299621582031,55000,0.0,0.0
2017-03-10 00:00:00-05:00,13.139658624898821,13.139658624898821,12.674963431165159,12.899299621582031,34000,0.0,0.0
2017-03-13 00:00:00-04:00,12.755083608325847,12.939358946079738,12.618879765602259,12.899299621582031,18800,0.0,0.0
2017-03-14 00:00:00-04:00,12.859238768919049,13.099599300401115,12.698999942762947,12.899299621582031,20200,0.0,0.0
2017-03-15 00:00:00-04:00,12.739059036058842,13.059538210719928,12.739059036058842,12.939358711242676,19800,0.0,0.0
2017-03-16 00:00:00-04:00,12.979419798742718,13.139658624898821,12.859238768919049,12.899299621582031,23000,0.0,0.0
2017-03-17 00:00:00-04:00,12.899299919057679,13.21977910692585,12.899299919057679,13.13965892791748,190800,0.0,0.0
2017-03-20 00:00:00-04:00,13.09959927836154,13.339958281273935,13.09959927836154,13.259838104248047,27800,0.0,0.0
2017-03-21 00:00:00-04:00,13.33995939030217,13.33995939030217,12.779120396743053,12.819180488586426,21900,0.0,0.0
2017-03-22 00:00:00-04:00,12.779118992125769,12.93935857780382,12.458639820769665,12.538759231567383,122500,0.0,0.0
2017-03-23 00:00:00-04:00,12.538762735935007,13.219782120503151,12.538762735935007,13.179722785949707,15400,0.0,0.0
2017-03-24 00:00:00-04:00,13.019482391404617,13.219782120503151,13.019482391404617,13.179722785949707,18500,0.0,0.0
2017-03-27 00:00:00-04:00,13.179720640230121,13.339959480521927,13.139659784033112,13.219779968261719,16800,0.0,0.0
2017-03-28 00:00:00-04:00,13.299898956843627,13.339958281273935,13.219778779817737,13.259838104248047,22600,0.0,0.0
2017-03-29 00:00:00-04:00,13.2999013224255,13.2999013224255,13.019481417040744,13.059540748596191,16600,0.0,0.0
2017-03-30 00:00:00-04:00,13.019480271772906,13.299900152490327,13.019480271772906,13.219779968261719,18000,0.0,0.0
2017-03-31 00:00:00-04:00,13.339958190917969,13.339958190917969,13.123634172862884,13.339958190917969,49100,0.0,0.0
2017-04-03 00:00:00-04:00,13.179717691477476,13.29989717684943,12.698998221824592,12.739057540893555,19000,0.0,0.0
2017-04-04 00:00:00-04:00,12.779120396743053,12.859239816347099,12.699000977139008,12.819180488586426,13400,0.0,0.0
2017-04-05 00:00:00-04:00,12.819179580582999,12.899299758594701,12.739059402571296,12.779119491577148,39400,0.0,0.0
2017-04-06 00:00:00-04:00,12.739061597756374,12.859241121400522,12.699002265930176,12.699002265930176,8900,0.0,0.0
2017-04-07 00:00:00-04:00,12.739059402571296,12.819179580582999,12.69900007764809,12.779119491577148,7300,0.0,0.0
2017-04-10 00:00:00-04:00,12.77912169366535,12.77912169366535,12.6589421700212,12.699002265930176,11100,0.0,0.0
2017-04-11 00:00:00-04:00,12.739061597756374,12.859241121400522,12.699002265930176,12.699002265930176,9900,0.0,0.0
2017-04-12 00:00:00-04:00,12.739059402571296,12.779119491577148,12.61887989963639,12.779119491577148,12100,0.0,0.0
2017-04-13 00:00:00-04:00,12.739059731242744,12.779119821282157,12.658940315246582,12.658940315246582,7500,0.0,0.0
2017-04-17 00:00:00-04:00,12.658941343906067,12.658941343906067,11.937861956850066,12.138161659240723,64200,0.0,0.0
2017-04-18 00:00:00-04:00,11.977921165771253,12.658940409250448,11.977921165771253,12.57882022857666,35600,0.0,0.0
2017-04-19 00:00:00-04:00,12.538759602317928,12.739059281358678,12.338459923277178,12.378520011901855,22500,0.0,0.0
2017-04-20 00:00:00-04:00,12.37852082184348,12.538760422744225,12.218281220942735,12.498701095581055,21200,0.0,0.0
2017-04-21 00:00:00-04:00,12.41858053909277,12.699000405285995,12.41858053909277,12.658940315246582,25900,0.0,0.0
2017-04-24 00:00:00-04:00,12.739059731242744,12.739059731242744,12.658940315246582,12.658940315246582,11900,0.0,0.0
2017-04-25 00:00:00-04:00,12.739061597756374,12.739061597756374,12.530750474378701,12.699002265930176,22100,0.0,0.0
2017-04-26 00:00:00-04:00,12.61888022520717,12.803155569672738,12.61888022520717,12.658940315246582,20100,0.0,0.0
2017-04-27 00:00:00-04:00,12.739061597756374,12.739061597756374,12.618882074112225,12.699002265930176,11300,0.0,0.0
2017-04-28 00:00:00-04:00,12.779119821282157,12.81917991132157,12.658940315246582,12.658940315246582,8800,0.0,0.0
2017-05-01 00:00:00-04:00,12.6589421700212,12.819181789574325,12.618882074112225,12.699002265930176,19700,0.0,0.0
2017-05-02 00:00:00-04:00,12.739057540893555,12.819177707196546,12.650925969226291,12.739057540893555,8000,0.0,0.0
2017-05-03 00:00:00-04:00,12.779119491577148,12.8031552393476,12.65893998864224,12.779119491577148,22600,0.0,0.0
2017-05-04 00:00:00-04:00,12.892281532287598,12.892281532287598,12.787203281839696,12.892281532287598,8500,0.14,0.0
2017-05-05 00:00:00-04:00,12.892281532287598,12.892281532287598,12.746789222385619,12.892281532287598,7700,0.0,0.0
2017-05-08 00:00:00-04:00,12.892281532287598,12.932696362590447,12.827618112142547,12.892281532287598,13800,0.0,0.0
2017-05-09 00:00:00-04:00,12.892281532287598,12.892281532287598,12.81145264253067,12.892281532287598,10100,0.0,0.0
2017-05-10 00:00:00-04:00,12.851866701984747,12.892281532287598,12.77103781222782,12.892281532287598,6600,0.0,0.0
2017-05-11 00:00:00-04:00,12.892281532287598,12.892281532287598,12.81145264253067,12.892281532287598,14600,0.0,0.0
2017-05-12 00:00:00-04:00,12.73062298192497,12.892281532287598,12.73062298192497,12.892281532287598,8200,0.0,0.0
2017-05-15 00:00:00-04:00,12.811451711914195,12.892280595799757,12.811451711914195,12.851865768432617,53900,0.0,0.0
2017-05-16 00:00:00-04:00,12.851865768432617,12.851865768432617,12.771036884547055,12.851865768432617,7200,0.0,0.0
2017-05-17 00:00:00-04:00,12.771037119676164,12.811451947787386,12.649792635342497,12.730622291564941,7900,0.0,0.0
2017-05-18 00:00:00-04:00,12.771038097469628,12.811452928675145,12.649793603853077,12.690208435058594,6700,0.0,0.0
2017-05-19 00:00:00-04:00,12.811451947787386,12.811451947787386,12.649792635342497,12.730622291564941,10100,0.0,0.0
2017-05-22 00:00:00-04:00,12.771037119676164,12.811451947787386,12.690207463453719,12.730622291564941,20100,0.0,0.0
2017-05-23 00:00:00-04:00,12.771037119676164,12.851866005049876,12.690207463453719,12.730622291564941,19000,0.0,0.0
2017-05-24 00:00:00-04:00,12.771038097469628,12.771038097469628,12.690208435058594,12.690208435058594,8100,0.0,0.0
2017-05-25 00:00:00-04:00,12.690207463453719,12.771037119676164,12.690207463453719,12.730622291564941,17100,0.0,0.0
2017-05-26 00:00:00-04:00,12.771037119676164,12.771037119676164,12.649792635342497,12.730622291564941,8000,0.0,0.0
2017-05-30 00:00:00-04:00,12.771037155880997,12.771037155880997,12.649792671203613,12.649792671203613,7200,0.0,0.0
2017-05-31 00:00:00-04:00,12.649793603853077,12.771038097469628,12.649793603853077,12.690208435058594,5400,0.0,0.0
2017-06-01 00:00:00-04:00,12.649793603853077,12.73062326626411,12.649793603853077,12.690208435058594,16000,0.0,0.0
2017-06-02 00:00:00-04:00,12.698290821531419,12.771037359326975,12.488134328088424,12.609378814697266,21600,0.0,0.0
2017-06-05 00:00:00-04:00,12.633628381045309,12.690208683330699,12.528550126194721,12.568964958190918,21600,0.0,0.0
2017-06-06 00:00:00-04:00,12.52854895737496,12.730622327655203,12.52854895737496,12.649792671203613,15200,0.0,0.0
2017-06-07 00:00:00-04:00,12.690207499429407,12.690207499429407,12.488134129149167,12.649792671203613,15900,0.0,0.0
2017-06-08 00:00:00-04:00,12.609378143066229,12.609378143066229,12.326475126896339,12.366889953613281,24600,0.0,0.0
2017-06-09 00:00:00-04:00,12.286061488678463,12.568964532215139,12.286061488678463,12.512383460998535,20900,0.0,0.0
2017-06-12 00:00:00-04:00,12.609377908375128,12.609377908375128,12.326474897470751,12.488133430480957,23900,0.0,0.0
2017-06-13 00:00:00-04:00,12.302226998498735,12.771037155880997,12.302226998498735,12.649792671203613,55500,0.0,0.0
2017-06-14 00:00:00-04:00,12.649792910457753,12.649792910457753,12.488134365345749,12.528549194335938,26100,0.0,0.0
2017-06-15 00:00:00-04:00,12.4881350498798,12.690208435058594,12.447720218674283,12.690208435058594,27600,0.0,0.0
2017-06-16 00:00:00-04:00,12.649791963491163,12.690206789455887,12.447718604516233,12.488133430480957,28600,0.0,0.0
2017-06-19 00:00:00-04:00,12.609378890423923,12.6497929486875,12.326475857486374,12.44771957397461,33100,0.0,0.0
2017-06-20 00:00:00-04:00,12.528549156958038,12.690207701587747,12.528549156958038,12.609378814697266,17000,0.0,0.0
2017-06-21 00:00:00-04:00,12.649792910457753,12.690207739447942,12.488134365345749,12.528549194335938,28000,0.0,0.0
2017-06-22 00:00:00-04:00,12.488134403086937,12.690207777799829,12.44771957397461,12.44771957397461,41100,0.0,0.0
2017-06-23 00:00:00-04:00,12.447719856037438,12.609379176149918,11.922329378218178,12.245646476745605,1016300,0.0,0.0
2017-06-26 00:00:00-04:00,12.164817238829006,12.730622530457362,12.164817238829006,12.609378814697266,50300,0.0,0.0
2017-06-27 00:00:00-04:00,12.568964061311593,12.568964061311593,12.043572824548827,12.44771957397461,61300,0.0,0.0
2017-06-28 00:00:00-04:00,12.488134365345749,12.528549194335938,12.366890649223933,12.528549194335938,21100,0.0,0.0
2017-06-29 00:00:00-04:00,12.528548256445681,12.528548256445681,12.447718604516233,12.488133430480957,14500,0.0,0.0
2017-06-30 00:00:00-04:00,12.447718836198462,12.447718836198462,12.286060300179397,12.366889953613281,12300,0.0,0.0
2017-07-03 00:00:00-04:00,12.407304780330223,12.407304780330223,12.245645473462456,12.366889953613281,9300,0.0,0.0
2017-07-05 00:00:00-04:00,12.366890927004906,12.366890927004906,12.124402718465838,12.326476097106934,20100,0.0,0.0
2017-07-06 00:00:00-04:00,12.286061531511994,12.366891193046781,12.043573317756413,12.164817810058594,8200,0.0,0.0
2017-07-07 00:00:00-04:00,12.245647407500654,12.286062240600586,12.043574012849826,12.286062240600586,7900,0.0,0.0
2017-07-10 00:00:00-04:00,12.245646476745605,12.286061306773725,12.164817587538131,12.245646476745605,9800,0.0,0.0
2017-07-11 00:00:00-04:00,12.229481936769977,12.366891906800447,12.108237437470185,12.286062240600586,19600,0.0,0.0
2017-07-12 00:00:00-04:00,12.286060283804712,12.407304763793945,12.245645457141634,12.407304763793945,65200,0.0,0.0
2017-07-13 00:00:00-04:00,12.488134403086937,12.488134403086937,12.366890686598703,12.44771957397461,17400,0.0,0.0
2017-07-14 00:00:00-04:00,12.407304780330223,12.447718836198462,12.245645473462456,12.366889953613281,23000,0.0,0.0
2017-07-17 00:00:00-04:00,12.366891906800447,12.366891906800447,12.20523334524955,12.286062240600586,14100,0.0,0.0
2017-07-18 00:00:00-04:00,12.286061510788928,12.286061510788928,12.124402958840808,12.205232620239258,27600,0.0,0.0
2017-07-19 00:00:00-04:00,12.245646700744599,12.286061531511994,12.124402979291201,12.164817810058594,16500,0.0,0.0
2017-07-20 00:00:00-04:00,12.164817810058594,12.164817810058594,11.986993017191331,12.164817810058594,17600,0.0,0.0
2017-07-21 00:00:00-04:00,12.286061531511994,12.286061531511994,12.124402979291201,12.164817810058594,19800,0.0,0.0
2017-07-24 00:00:00-04:00,12.205231719169568,12.205231719169568,12.011240700304722,12.08398723602295,8000,0.0,0.0
2017-07-25 00:00:00-04:00,12.08398723602295,12.205231719169568,11.881913868293974,12.08398723602295,31500,0.0,0.0
2017-07-26 00:00:00-04:00,12.083988148523806,12.164817810058594,12.083988148523806,12.164817810058594,6100,0.0,0.0
2017-07-27 00:00:00-04:00,12.164817810058594,12.205232640825987,12.083988148523806,12.164817810058594,7200,0.0,0.0
2017-07-28 00:00:00-04:00,12.205232640825987,12.286061531511994,12.124402979291201,12.164817810058594,8300,0.0,0.0
2017-07-31 00:00:00-04:00,12.205231701517793,12.24564575832616,12.11631892650245,12.124402046203613,11900,0.0,0.0
2017-08-01 00:00:00-04:00,12.205232417566252,12.245646476745605,12.164817587538131,12.245646476745605,6300,0.0,0.0
2017-08-02 00:00:00-04:00,12.124402063738488,12.164816891454027,12.08398723602295,12.08398723602295,6900,0.0,0.0
2017-08-03 00:00:00-04:00,11.99423327455501,12.157419968318134,11.953436406580343,12.116623878479004,5400,0.14,0.0
2017-08-04 00:00:00-04:00,12.010553738277297,12.075828423419923,11.953437805175781,11.953437805175781,6600,0.0,0.0
2017-08-07 00:00:00-04:00,12.035033176976942,12.035033176976942,11.749455807285909,11.790252685546875,19700,0.0,0.0
2017-08-08 00:00:00-04:00,11.512832086536699,11.855524536739315,11.463876466870923,11.66786003112793,14400,0.0,0.0
2017-08-09 00:00:00-04:00,11.586267518146755,11.635223921119843,11.46387767791748,11.46387767791748,5400,0.0,0.0
2017-08-10 00:00:00-04:00,11.46387767791748,11.504674550705781,11.259894092111601,11.46387767791748,8100,0.0,0.0
2017-08-11 00:00:00-04:00,11.586267196252802,11.586267196252802,11.259893779285074,11.300690650939941,16000,0.0,0.0
2017-08-14 00:00:00-04:00,11.382283932340878,11.545470645358455,11.300690964899903,11.46387767791748,17000,0.0,0.0
2017-08-15 00:00:00-04:00,11.46387767791748,11.504674550705781,11.382283932340878,11.46387767791748,7300,0.0,0.0
2017-08-16 00:00:00-04:00,11.504674550705781,11.545470645358455,11.423080805129178,11.46387767791748,6500,0.0,0.0
2017-08-17 00:00:00-04:00,11.382286142374365,11.463879903793561,11.259896278381348,11.259896278381348,9300,0.0,0.0
2017-08-18 00:00:00-04:00,11.178300346535,11.586267518146755,11.178300346535,11.46387767791748,21500,0.0,0.0
2017-08-21 00:00:00-04:00,11.545470645358455,11.627064390935058,11.423080805129178,11.46387767791748,21300,0.0,0.0
2017-08-22 00:00:00-04:00,11.504676108308038,11.504676108308038,11.3414885950611,11.42308235168457,18800,0.0,0.0
2017-08-23 00:00:00-04:00,11.423082732506844,11.423082732506844,11.05591237173199,11.096709251403809,65600,0.0,0.0
2017-08-24 00:00:00-04:00,11.178302516962152,11.259896278381348,11.178302516962152,11.259896278381348,13400,0.0,0.0
2017-08-25 00:00:00-04:00,11.259894092111601,11.586267518146755,11.055910506305723,11.46387767791748,29800,0.0,0.0
2017-08-28 00:00:00-04:00,11.42308235168457,11.529153924040786,11.42308235168457,11.42308235168457,14700,0.0,0.0
2017-08-29 00:00:00-04:00,11.423082110274237,11.545471964487174,11.423082110274237,11.50467586517334,8000,0.0,0.0
2017-08-30 00:00:00-04:00,11.463878220106302,11.586268066124056,11.341487595952884,11.54547119140625,12700,0.0,0.0
2017-08-31 00:00:00-04:00,11.341487013708733,11.667861216560265,11.341487013708733,11.586267471313477,16700,0.0,0.0
2017-09-01 00:00:00-04:00,11.586267471313477,11.667861216560265,11.504674504202312,11.586267471313477,8100,0.0,0.0
2017-09-05 00:00:00-04:00,11.504673821360274,11.545469913426656,11.341486340552436,11.382283210754395,12800,0.0,0.0
2017-09-06 00:00:00-04:00,11.3414885950611,11.54547220848404,11.3414885950611,11.42308235168457,11600,0.0,0.0
2017-09-07 00:00:00-04:00,11.627066648496177,11.627066648496177,11.21909939767175,11.259896278381348,5100,0.0,0.0
2017-09-08 00:00:00-04:00,11.341487458826304,11.341487458826304,9.832009337603449,10.199179649353027,773500,0.0,0.0
2017-09-11 00:00:00-04:00,10.321569694718136,10.321569694718136,10.035993125861172,10.10126781463623,132900,0.0,0.0
2017-09-12 00:00:00-04:00,10.239976209098016,10.239976209098016,10.035992622375488,10.035992622375488,75700,0.0,0.0
2017-09-13 00:00:00-04:00,10.07678908899905,10.22365673638458,10.035992217672558,10.117585182189941,39400,0.0,0.0
2017-09-14 00:00:00-04:00,10.07678908899905,10.199178924842926,10.07678908899905,10.117585182189941,55500,0.0,0.0
2017-09-15 00:00:00-04:00,10.199179952714275,10.443960427206552,10.158383077276282,10.362366676330566,178800,0.0,0.0
2017-09-18 00:00:00-04:00,10.321570508785653,10.484758021729652,10.321570508785653,10.443961143493652,68100,0.0,0.0
2017-09-19 00:00:00-04:00,10.443960786754593,10.443960786754593,10.362367033069628,10.40316390991211,50800,0.0,0.0
2017-09-20 00:00:00-04:00,10.321570156227144,10.443960786754593,10.321570156227144,10.40316390991211,74900,0.0,0.0
2017-09-21 00:00:00-04:00,10.362367387021653,10.443961143493652,10.321570508785653,10.443961143493652,57300,0.0,0.0
2017-09-22 00:00:00-04:00,10.44395978193464,10.56634962255118,10.403162909017249,10.525552749633789,111200,0.0,0.0
2017-09-25 00:00:00-04:00,10.566351371941678,11.178302232611689,10.566351371941678,11.096709251403809,173900,0.0,0.0
2017-09-26 00:00:00-04:00,11.137505636252552,11.259896278381348,11.055912652969134,11.259896278381348,104500,0.0,0.0
2017-09-27 00:00:00-04:00,11.259894092111601,11.627064390935058,11.1375034737467,11.46387767791748,131700,0.0,0.0
2017-09-28 00:00:00-04:00,11.545469063151502,11.627062797546387,11.382282372497254,11.627062797546387,93500,0.0,0.0
2017-09-29 00:00:00-04:00,11.627063653830575,11.847366286039811,11.382283210754395,11.382283210754395,195900,0.0,0.0
2017-10-02 00:00:00-04:00,11.463876106892139,11.66785966474383,11.13750194744812,11.627062797546387,66100,0.0,0.0
2017-10-03 00:00:00-04:00,11.627064655279177,11.749454498291016,11.46387793855151,11.749454498291016,34600,0.0,0.0
2017-10-04 00:00:00-04:00,11.708659721730976,11.708659721730976,11.42308235168457,11.42308235168457,33200,0.0,0.0
2017-10-05 00:00:00-04:00,11.423079598392412,11.66786003112793,11.382282729913902,11.66786003112793,26800,0.0,0.0
2017-10-06 00:00:00-04:00,11.62706434393687,11.831047928918219,11.463877631578917,11.586267471313477,19100,0.0,0.0
2017-10-09 00:00:00-04:00,11.586268066124056,11.667861815559668,11.504675094824108,11.54547119140625,18000,0.0,0.0
2017-10-10 00:00:00-04:00,11.627064655279177,11.831048245722672,11.545470907847522,11.749454498291016,16900,0.0,0.0
2017-10-11 00:00:00-04:00,11.749452989949406,11.831046726906427,11.62706316264942,11.66786003112793,38800,0.0,0.0
2017-10-12 00:00:00-04:00,11.667861815559668,11.831048536295228,11.54547119140625,11.54547119140625,50300,0.0,0.0
2017-10-13 00:00:00-04:00,11.586267518146755,11.586267518146755,11.382283932340878,11.46387767791748,26100,0.0,0.0
2017-10-16 00:00:00-04:00,11.504674504202312,11.74945418367143,11.47203716173072,11.586267471313477,22800,0.0,0.0
2017-10-17 00:00:00-04:00,11.586267471313477,11.831047928918219,11.504674504202312,11.586267471313477,12500,0.0,0.0
2017-10-18 00:00:00-04:00,11.423079239694696,11.749452621003194,11.423079239694696,11.627062797546387,27200,0.0,0.0
2017-10-19 00:00:00-04:00,11.66786003112793,11.790249858427917,11.5454694256924,11.66786003112793,6800,0.0,0.0
2017-10-20 00:00:00-04:00,11.790251372006844,11.790251372006844,11.643383716019766,11.749454498291016,10500,0.0,0.0
2017-10-23 00:00:00-04:00,11.790251372006844,11.790251372006844,11.667861528995006,11.749454498291016,15000,0.0,0.0
2017-10-24 00:00:00-04:00,11.749455807285909,11.871846442068808,11.692340644601995,11.790252685546875,41100,0.0,0.0
2017-10-25 00:00:00-04:00,11.871846442068808,11.953439420455009,11.749455807285909,11.790252685546875,23000,0.0,0.0
2017-10-26 00:00:00-04:00,11.871843927726049,11.91264079734663,11.692338168276835,11.831047058105469,50300,0.0,0.0
2017-10-27 00:00:00-04:00,11.912640463863449,11.994233422684925,11.62706316264942,11.66786003112793,80500,0.0,0.0
2017-10-30 00:00:00-04:00,11.708658136511659,11.708658136511659,11.423080805129178,11.46387767791748,26000,0.0,0.0
2017-10-31 00:00:00-04:00,11.46387767791748,11.586267518146755,11.382283932340878,11.46387767791748,51100,0.0,0.0
2017-11-01 00:00:00-04:00,11.545471964487174,11.667862596835828,11.423082110274237,11.50467586517334,25000,0.0,0.0
2017-11-02 00:00:00-04:00,11.537638690419781,11.867285195770355,11.537638690419781,11.784873962402344,60600,0.14,0.0
2017-11-03 00:00:00-04:00,11.826078906577116,11.826078906577116,11.644772951999554,11.6612548828125,23600,0.0,0.0
2017-11-06 00:00:00-05:00,11.702462622122031,11.702462622122031,11.331610085599369,11.620051383972168,36500,0.0,0.0
2017-11-07 00:00:00-05:00,11.661259293717364,11.661259293717364,11.207995414733887,11.207995414733887,25800,0.0,0.0
2017-11-08 00:00:00-05:00,11.207992479681112,11.372815736688922,11.125580458207564,11.331609725952148,41500,0.0,0.0
2017-11-09 00:00:00-05:00,11.290404510161228,11.53763980605017,11.125581241548378,11.479951858520508,43600,0.0,0.0
2017-11-10 00:00:00-05:00,11.496433347838407,11.661256610077444,11.331610085599369,11.620051383972168,45400,0.0,0.0
2017-11-13 00:00:00-05:00,11.62004966281054,11.743666894694808,11.414020419043965,11.6612548828125,44700,0.0,0.0
2017-11-14 00:00:00-05:00,11.661257136121009,11.784875177831225,11.620051908156949,11.702463150024414,29700,0.0,0.0
2017-11-15 00:00:00-05:00,11.702462622122031,11.760151353360177,11.57884537192758,11.620051383972168,37600,0.0,0.0
2017-11-16 00:00:00-05:00,11.620050709727057,11.867285195770355,11.620050709727057,11.784873962402344,26800,0.0,0.0
2017-11-17 00:00:00-05:00,11.74366729012851,11.982661189507592,11.74366729012851,11.94969654083252,39100,0.0,0.0
2017-11-20 00:00:00-05:00,11.867284526175228,11.990902548161165,11.578844046753147,11.94969654083252,41900,0.0,0.0
2017-11-21 00:00:00-05:00,12.032108807547717,12.032108807547717,11.826079552527649,11.867284774780273,34300,0.0,0.0
2017-11-22 00:00:00-05:00,11.908492088317871,11.990904113735162,11.908492088317871,11.908492088317871,27700,0.0,0.0
2017-11-24 00:00:00-05:00,11.990902799355856,12.114520037992204,11.784873544335788,11.867284774780273,43900,0.0,0.0
2017-11-27 00:00:00-05:00,11.908490533503874,12.073313776879237,11.867284526175228,11.94969654083252,43500,0.0,0.0
2017-11-28 00:00:00-05:00,11.9909029006958,12.114520140376886,11.867284875075471,11.9909029006958,70500,0.0,0.0
2017-11-29 00:00:00-05:00,11.99090437912045,12.155727647663614,11.99090437912045,12.073315620422363,96600,0.0,0.0
2017-11-30 00:00:00-05:00,12.155726503849642,12.155726503849642,11.990903250815805,12.032109260559082,70900,0.0,0.0
2017-12-01 00:00:00-05:00,12.073314131836776,12.081555490732647,11.784873643934496,11.9909029006958,61600,0.0,0.0
2017-12-04 00:00:00-05:00,12.155726503849642,12.361755766626755,11.990903250815805,12.032109260559082,70800,0.0,0.0
2017-12-05 00:00:00-05:00,12.032110392741076,12.238139674904867,12.032110392741076,12.073315620422363,56600,0.0,0.0
2017-12-06 00:00:00-05:00,12.114520494106367,12.155726503849642,12.007385183149557,12.032109260559082,43600,0.0,0.0
2017-12-07 00:00:00-05:00,12.073312519378026,12.27934174862297,12.032107302280348,12.15572452545166,66300,0.0,0.0
2017-12-08 00:00:00-05:00,12.196932157457105,12.279343388598082,11.908490883615581,11.9909029006958,51000,0.0,0.0
2017-12-11 00:00:00-05:00,11.94969654083252,12.139243074229382,11.94969654083252,11.94969654083252,56700,0.0,0.0
2017-12-12 00:00:00-05:00,11.990904113735162,12.114521365921776,11.867286075609226,11.908492088317871,54900,0.0,0.0
2017-12-13 00:00:00-05:00,11.94969724107253,12.155726503849642,11.94969724107253,12.032109260559082,58900,0.0,0.0
2017-12-14 00:00:00-05:00,12.114520037992204,12.155726046184064,11.702461527952066,11.867284774780273,43300,0.0,0.0
2017-12-15 00:00:00-05:00,11.826080848839903,12.114521365921776,11.784874836131257,11.908492088317871,341200,0.0,0.0
2017-12-18 00:00:00-05:00,11.94969724107253,12.279343747140205,11.94969724107253,12.032109260559082,76700,0.0,0.0
2017-12-19 00:00:00-05:00,12.073314484363092,12.114520494106367,11.908491231329254,12.032109260559082,59400,0.0,0.0
2017-12-20 00:00:00-05:00,12.073315015056805,12.2381390612749,12.03210978944158,12.114521026611328,58400,0.0,0.0
2017-12-21 00:00:00-05:00,12.196932513592918,12.196932513592918,11.990903250815805,12.032109260559082,37500,0.0,0.0
2017-12-22 00:00:00-05:00,12.032109260559082,12.073314484363092,11.826079997781969,12.032109260559082,32700,0.0,0.0
2017-12-26 00:00:00-05:00,12.073315704613979,12.304069068122876,12.032110476645354,12.19693374633789,44900,0.0,0.0
2017-12-27 00:00:00-05:00,12.238138381714327,12.361755623574368,12.155726363181463,12.279343605041504,37100,0.0,0.0
2017-12-28 00:00:00-05:00,12.279344286890124,12.320550298444648,12.073315015056805,12.114521026611328,53100,0.0,0.0
2017-12-29 00:00:00-05:00,12.155725791536529,12.361755042240537,11.908490533503874,11.94969654083252,43800,0.0,0.0
2018-01-02 00:00:00-05:00,12.032109260559082,12.155726503849642,11.784873988038694,12.032109260559082,38700,0.0,0.0
2018-01-03 00:00:00-05:00,11.990901299243532,12.15572452545166,11.9084892931699,12.15572452545166,24800,0.0,0.0
2018-01-04 00:00:00-05:00,12.196934005251023,12.361757278442383,12.163969350612751,12.361757278442383,42900,0.0,0.0
2018-01-05 00:00:00-05:00,12.361757889071537,12.567787187222729,12.114522574102226,12.320551872253418,48000,0.0,0.0
2018-01-08 00:00:00-05:00,12.361755623574368,12.361755623574368,12.065073771546716,12.279343605041504,25900,0.0,0.0
2018-01-09 00:00:00-05:00,12.320549711772228,12.526578973794972,12.279343702179826,12.402961730957031,53900,0.0,0.0
2018-01-10 00:00:00-05:00,12.402961661056978,12.77381417342003,12.279343632976454,12.526578903198242,53400,0.0,0.0
2018-01-11 00:00:00-05:00,12.567785535494925,12.732608795166016,12.320550253018641,12.732608795166016,29900,0.0,0.0
2018-01-12 00:00:00-05:00,12.77381395012748,12.938637198747728,12.77381395012748,12.856225967407227,27400,0.0,0.0
2018-01-16 00:00:00-05:00,12.856226220255556,13.062255481567732,12.749090910060513,12.77381420135498,31700,0.0,0.0
2018-01-17 00:00:00-05:00,12.815020141083247,12.897431373596191,12.691402113404948,12.897431373596191,12900,0.0,0.0
2018-01-18 00:00:00-05:00,12.815020141083247,12.938637382822293,12.567784871665904,12.897431373596191,20300,0.0,0.0
2018-01-19 00:00:00-05:00,12.89743172311669,12.938637733459473,12.8150204883704,12.938637733459473,22600,0.0,0.0
2018-01-22 00:00:00-05:00,12.979843743802256,13.02104975414504,12.856226498713184,12.938637733459473,58200,0.0,0.0
2018-01-23 00:00:00-05:00,12.938637733459473,13.02104975414504,12.856226498713184,12.938637733459473,36300,0.0,0.0
2018-01-24 00:00:00-05:00,12.979843392048393,13.103460633787437,12.897431373596191,12.897431373596191,17700,0.0,0.0
2018-01-25 00:00:00-05:00,12.938639732757492,12.938639732757492,12.773816451856897,12.815022468566895,18000,0.0,0.0
2018-01-26 00:00:00-05:00,12.773812839113061,12.773812839113061,12.320548355376053,12.485371589660645,32900,0.0,0.0
2018-01-29 00:00:00-05:00,12.48537331563327,12.650197358642242,12.361756069315826,12.444168090820312,11200,0.0,0.0
2018-01-30 00:00:00-05:00,12.40296294813045,12.691403471705046,12.361756934494268,12.56778621673584,16300,0.0,0.0
2018-01-31 00:00:00-05:00,12.60898960482847,12.773812839113061,12.485371589660645,12.485371589660645,27700,0.0,0.0
2018-02-01 00:00:00-05:00,12.485372990398345,12.65019702911377,12.444167766658751,12.65019702911377,17200,0.0,0.0
2018-02-02 00:00:00-05:00,12.641881315570826,12.68346661063384,12.475540928492302,12.600296020507812,31100,0.14,0.0
2018-02-05 00:00:00-05:00,12.600294454784489,12.68346503457567,12.292564578634613,12.350784301757812,47600,0.0,0.0
2018-02-06 00:00:00-05:00,12.22602972177258,12.4339554000108,12.142859926381403,12.184444427490234,56900,0.0,0.0
2018-02-07 00:00:00-05:00,12.226028432071042,12.43395408837556,12.142858645453293,12.350784301757812,22500,0.0,0.0
2018-02-08 00:00:00-05:00,12.350784486616766,12.433954274479348,12.101273536682129,12.101273536682129,22200,0.0,0.0
2018-02-09 00:00:00-05:00,12.184443780475828,12.433954739746943,12.142859281575204,12.267614364624023,25200,0.0,0.0
2018-02-12 00:00:00-05:00,12.267614364624023,12.35078494877222,12.142859281575204,12.267614364624023,17100,0.0,0.0
2018-02-13 00:00:00-05:00,12.267614364624023,12.309199656698123,12.101273989501104,12.267614364624023,21500,0.0,0.0
2018-02-14 00:00:00-05:00,12.18444314217545,12.43395408837556,12.059688065662112,12.350784301757812,22700,0.0,0.0
2018-02-15 00:00:00-05:00,12.475539529290593,12.475539529290593,12.267613870469082,12.433954238891602,23000,0.0,0.0
2018-02-16 00:00:00-05:00,12.30920101873524,12.68346710246845,12.30920101873524,12.558712005615234,17700,0.0,0.0
2018-02-20 00:00:00-05:00,12.600292843474044,12.808218473189282,12.30919743777671,12.641878128051758,47300,0.0,0.0
2018-02-21 00:00:00-05:00,12.68346466299488,13.057730674743652,12.68346466299488,13.057730674743652,15300,0.0,0.0
2018-02-22 00:00:00-05:00,13.057730674743652,13.09931596342094,12.957926457822207,13.057730674743652,30000,0.0,0.0
2018-02-23 00:00:00-05:00,13.140900930971608,13.140900930971608,13.016145067988425,13.099315643310547,20800,0.0,0.0
2018-02-26 00:00:00-05:00,13.18248685522099,13.18248685522099,13.05773098621329,13.140901565551758,35000,0.0,0.0
2018-02-27 00:00:00-05:00,13.016145554299099,13.265656496414328,12.849805190613418,12.932975769042969,22100,0.0,0.0
2018-02-28 00:00:00-05:00,12.974562856581207,12.974562856581207,12.683466584904158,12.725051879882812,27100,0.0,0.0
2018-03-01 00:00:00-05:00,12.766636848449707,12.808221349191617,12.558711172046118,12.766636848449707,27100,0.0,0.0
2018-03-02 00:00:00-05:00,12.766635554323562,13.057730995876765,12.641879685223534,13.016145706176758,36100,0.0,0.0
2018-03-05 00:00:00-05:00,12.97456169128418,13.016146189354435,12.808220526309327,12.97456169128418,39100,0.0,0.0
2018-03-06 00:00:00-05:00,13.016145067988425,13.182486218632668,12.808219422856512,13.099315643310547,26700,0.0,0.0
2018-03-07 00:00:00-05:00,13.0161491460556,13.224074856332358,12.891394037159001,13.182490348815918,22900,0.0,0.0
2018-03-08 00:00:00-05:00,13.182486218632668,13.182486218632668,12.974560573500755,13.099315643310547,26500,0.0,0.0
2018-03-09 00:00:00-05:00,13.182490348815918,13.224074856332358,12.93297933784908,13.182490348815918,25900,0.0,0.0
2018-03-12 00:00:00-04:00,13.265656471252441,13.265656471252441,13.182486686154064,13.265656471252441,24500,0.0,0.0
2018-03-13 00:00:00-04:00,13.265660157022438,13.265660157022438,12.725053627572322,13.182490348815918,17200,0.0,0.0
2018-03-14 00:00:00-04:00,13.22407054901123,13.265655836156224,12.766634769936456,13.22407054901123,18300,0.0,0.0
2018-03-15 00:00:00-04:00,13.265655836156224,13.265655836156224,13.01614490645965,13.22407054901123,22800,0.0,0.0
2018-03-16 00:00:00-04:00,13.265656471252441,13.390412338660132,13.09931610788227,13.265656471252441,83100,0.0,0.0
2018-03-19 00:00:00-04:00,13.224071182116544,13.348826256350817,13.107633324344134,13.265656471252441,28600,0.0,0.0
2018-03-20 00:00:00-04:00,13.307241931055263,13.307241931055263,13.016145696544058,13.140901565551758,23300,0.0,0.0
2018-03-21 00:00:00-04:00,13.224074856332358,13.307245457712517,13.099319747435759,13.182490348815918,16300,0.0,0.0
2018-03-22 00:00:00-04:00,13.140901421943422,13.224071207199552,12.849805190613418,12.932975769042969,22800,0.0,0.0
2018-03-23 00:00:00-04:00,13.016145554299099,13.099316132728648,12.82485433435392,12.932975769042969,43000,0.0,0.0
2018-03-26 00:00:00-04:00,13.016145386066365,13.265656324956684,12.974560890562486,13.057730674743652,30700,0.0,0.0
2018-03-27 00:00:00-04:00,13.099316285576775,13.224071361503372,12.891390630250159,13.016145706176758,17200,0.0,0.0
2018-03-28 00:00:00-04:00,13.057730995876765,13.099316285576775,12.891390630250159,13.016145706176758,18900,0.0,0.0
2018-03-29 00:00:00-04:00,13.057730995876765,13.224071361503372,12.932975919950168,13.016145706176758,24500,0.0,0.0
2018-04-02 00:00:00-04:00,13.057730843513873,13.182486711158198,12.766635405357288,12.932975769042969,21800,0.0,0.0
2018-04-03 00:00:00-04:00,12.974561209650178,13.182486864976793,12.932975919950168,13.016145706176758,12700,0.0,0.0
2018-04-04 00:00:00-04:00,12.891389998178633,13.099315643310547,12.849804710517573,13.099315643310547,11700,0.0,0.0
2018-04-05 00:00:00-04:00,12.974560412488037,13.265655836156224,12.974560412488037,13.22407054901123,15900,0.0,0.0
2018-04-06 00:00:00-04:00,13.224070713120339,13.30724128844246,12.932975285839694,13.099315643310547,14500,0.0,0.0
2018-04-09 00:00:00-04:00,13.140901252098228,13.265656324956684,12.974560890562486,13.057730674743652,13100,0.0,0.0
2018-04-10 00:00:00-04:00,13.09931596342094,13.265656324956684,13.016145386066365,13.057730674743652,21600,0.0,0.0
2018-04-11 00:00:00-04:00,13.057730995876765,13.224071361503372,12.641879685223534,13.016145706176758,13600,0.0,0.0
2018-04-12 00:00:00-04:00,13.016145554299099,13.182486711158198,12.932975769042969,12.932975769042969,14100,0.0,0.0
2018-04-13 00:00:00-04:00,13.016147501014752,13.016147501014752,12.766637314755801,12.808221817016602,13700,0.0,0.0
2018-04-16 00:00:00-04:00,12.891390630250159,13.057730995876765,12.766635554323562,13.016145706176758,22100,0.0,0.0
2018-04-17 00:00:00-04:00,13.016145067988425,13.099315643310547,12.392368132592685,13.099315643310547,15800,0.0,0.0
2018-04-18 00:00:00-04:00,13.099315643310547,13.182486218632668,13.016145067988425,13.099315643310547,11400,0.0,0.0
2018-04-19 00:00:00-04:00,13.057730674743652,13.182486540775518,12.91634116914492,13.057730674743652,10400,0.0,0.0
2018-04-20 00:00:00-04:00,13.016145706176758,13.182486864976793,13.016145706176758,13.016145706176758,11000,0.0,0.0
2018-04-23 00:00:00-04:00,13.099319747435759,13.182490348815918,12.93297933784908,13.182490348815918,15300,0.0,0.0
2018-04-24 00:00:00-04:00,13.18248685522099,13.224071351716796,13.099316275882524,13.140901565551758,7700,0.0,0.0
2018-04-25 00:00:00-04:00,13.099316285576775,13.182486864976793,13.016145706176758,13.016145706176758,16500,0.0,0.0
2018-04-26 00:00:00-04:00,13.016145706176758,13.140901575276784,13.016145706176758,13.016145706176758,10600,0.0,0.0
2018-04-27 00:00:00-04:00,12.974561209650178,13.140901575276784,12.891390630250159,13.016145706176758,9200,0.0,0.0
2018-04-30 00:00:00-04:00,12.97456042114725,13.09931548949211,12.849804559629012,12.891389846801758,22600,0.0,0.0
2018-05-01 00:00:00-04:00,12.891390479828193,12.974561058257743,12.716732899664875,12.932975769042969,17200,0.0,0.0
2018-05-02 00:00:00-04:00,12.891391937022457,12.932977230937876,12.725051554534287,12.766636848449707,13900,0.0,0.0
2018-05-03 00:00:00-04:00,12.758243281301006,12.800211347453086,12.674307949471128,12.716275215148926,15800,0.14,0.0
2018-05-04 00:00:00-04:00,12.716274156749565,12.884146407385561,12.674306894564781,12.842178344726562,11300,0.0,0.0
2018-05-07 00:00:00-04:00,12.92611203991379,12.92611203991379,12.716272553548475,12.88414478302002,9200,0.0,0.0
2018-05-08 00:00:00-04:00,12.884147479757244,12.884147479757244,12.63233988331905,12.716275215148926,15300,0.0,0.0
2018-05-09 00:00:00-04:00,12.800211347453086,12.842179413605166,12.716275215148926,12.716275215148926,7200,0.0,0.0
2018-05-10 00:00:00-04:00,12.716272642107905,12.842176815088392,12.716272642107905,12.758240699768066,10400,0.0,0.0
2018-05-11 00:00:00-04:00,12.842178344726562,12.884146407385561,12.758242219408565,12.842178344726562,10600,0.0,0.0
2018-05-14 00:00:00-04:00,12.842178060815653,12.842178060815653,12.716273875622107,12.800209999084473,16700,0.0,0.0
2018-05-15 00:00:00-04:00,12.716272642107905,12.842176815088392,12.716272642107905,12.758240699768066,10500,0.0,0.0
2018-05-16 00:00:00-04:00,12.842178344726562,12.926113669570345,12.800210282067564,12.842178344726562,15200,0.0,0.0
2018-05-17 00:00:00-04:00,12.884146151129825,13.052017597952773,12.884146151129825,12.9680814743042,13200,0.0,0.0
2018-05-18 00:00:00-04:00,13.010048200723235,13.135951572798652,12.968080143206723,13.052016258239746,25000,0.0,0.0
2018-05-21 00:00:00-04:00,13.13595161813675,13.219887733459473,13.102377332102483,13.219887733459473,12400,0.0,0.0
2018-05-22 00:00:00-04:00,13.26185642377852,13.26185642377852,12.968080806608521,13.010048866271973,17000,0.0,0.0
2018-05-23 00:00:00-04:00,13.010048245626782,13.219887733459473,13.010048245626782,13.219887733459473,12300,0.0,0.0
2018-05-24 00:00:00-04:00,13.26185617245396,13.26185617245396,13.010048619719402,13.13595199584961,11300,0.0,0.0
2018-05-25 00:00:00-04:00,13.1779203414917,13.219888401273113,13.135952281710287,13.1779203414917,14600,0.0,0.0
2018-05-29 00:00:00-04:00,13.135952818578614,13.135952818578614,13.010049434562845,13.093985557556152,16200,0.0,0.0
2018-05-30 00:00:00-04:00,13.135952281710287,13.345791780143193,13.135952281710287,13.1779203414917,23200,0.0,0.0
2018-05-31 00:00:00-04:00,13.135952818578614,13.261857003068577,13.093985557556152,13.093985557556152,17400,0.0,0.0
2018-06-01 00:00:00-04:00,13.135952848003884,13.261857032775879,13.119166103652136,13.261857032775879,15200,0.0,0.0
2018-06-04 00:00:00-04:00,13.303823606613793,13.38775891993453,13.177919435921531,13.34579086303711,16400,0.0,0.0
2018-06-05 00:00:00-04:00,13.345792640430485,13.387760702917216,13.26185731593124,13.303825378417969,12000,0.0,0.0
2018-06-06 00:00:00-04:00,13.261857032775879,13.345792355483015,13.261857032775879,13.261857032775879,20100,0.0,0.0
2018-06-07 00:00:00-04:00,13.345792355483015,13.345792355483015,13.219888971185213,13.261857032775879,14900,0.0,0.0
2018-06-08 00:00:00-04:00,13.177920880075268,13.303825064565231,13.093985557556152,13.093985557556152,23000,0.0,0.0
2018-06-11 00:00:00-04:00,13.135953182391125,13.161134500271054,12.758242219408565,12.842178344726562,44600,0.0,0.0
2018-06-12 00:00:00-04:00,12.926114616636,12.926114616636,12.590371691713354,12.674307823181152,37800,0.0,0.0
2018-06-13 00:00:00-04:00,12.758240902307325,12.758240902307325,12.464466094970703,12.464466094970703,30200,0.0,0.0
2018-06-14 00:00:00-04:00,12.632339154072982,12.632339154072982,12.25462818145752,12.25462818145752,44600,0.0,0.0
2018-06-15 00:00:00-04:00,12.170691205334133,12.464466830480147,11.625108816319173,12.12872314453125,74200,0.0,0.0
2018-06-18 00:00:00-04:00,12.128723456456198,12.46446715103971,12.128723456456198,12.338562965393066,35000,0.0,0.0
2018-06-19 00:00:00-04:00,12.338561919991465,12.506433352822983,12.254626603812772,12.464466094970703,36200,0.0,0.0
2018-06-20 00:00:00-04:00,12.464466513582954,12.590369892316454,12.464466513582954,12.548401832580566,26700,0.0,0.0
2018-06-21 00:00:00-04:00,12.590372077962874,12.632340144984276,12.422500610351562,12.422500610351562,27000,0.0,0.0
2018-06-22 00:00:00-04:00,12.506435560245555,13.135954144831222,12.380532163518131,12.674307823181152,238400,0.0,0.0
2018-06-25 00:00:00-04:00,12.632338552633941,12.968081445535002,12.632338552633941,12.800209999084473,28900,0.0,0.0
2018-06-26 00:00:00-04:00,12.75824193735329,12.884146122546836,12.338562920989864,12.800209999084473,27400,0.0,0.0
2018-06-27 00:00:00-04:00,12.758239687724199,12.758239687724199,12.548400216542966,12.590368270874023,20800,0.0,0.0
2018-06-28 00:00:00-04:00,12.63233988331905,12.842179413605166,12.63233988331905,12.716275215148926,12000,0.0,0.0
2018-06-29 00:00:00-04:00,12.716271633393141,12.800207742055257,12.590368270874023,12.590368270874023,29300,0.0,0.0
2018-07-02 00:00:00-04:00,12.548402181485304,13.010049250467704,12.548402181485304,12.92611312866211,31900,0.0,0.0
2018-07-03 00:00:00-04:00,12.92611368595964,13.052017874096276,12.800210298297223,12.825390815734863,7500,0.0,0.0
2018-07-05 00:00:00-04:00,12.884146122546836,12.92611338380382,12.716273875622107,12.800209999084473,16300,0.0,0.0
2018-07-06 00:00:00-04:00,12.800209883734665,12.842177945087649,12.674306500149902,12.741455078125,16300,0.0,0.0
2018-07-09 00:00:00-04:00,12.54840082157346,13.177919265469864,12.54840082157346,13.11916446685791,21200,0.0,0.0
2018-07-10 00:00:00-04:00,13.177920982951433,13.177920982951433,12.884146151129825,12.9680814743042,10500,0.0,0.0
2018-07-11 00:00:00-04:00,13.010049794888342,13.010049794888342,12.842178344726562,12.842178344726562,5500,0.0,0.0
2018-07-12 00:00:00-04:00,12.800209999084473,12.842178060815653,12.674306614365124,12.800209999084473,20000,0.0,0.0
2018-07-13 00:00:00-04:00,12.884147065888616,12.884147065888616,12.632339477539062,12.632339477539062,10300,0.0,0.0
2018-07-16 00:00:00-04:00,12.674307823181152,12.842179285642475,12.590371691713354,12.674307823181152,25700,0.0,0.0
2018-07-17 00:00:00-04:00,12.716273271049953,12.716273271049953,12.50643377284468,12.548401832580566,8400,0.0,0.0
2018-07-18 00:00:00-04:00,12.548400216542966,12.674304379536139,12.506432162211906,12.590368270874023,24000,0.0,0.0
2018-07-19 00:00:00-04:00,12.50643377284468,12.758241330785841,12.50643377284468,12.548401832580566,8100,0.0,0.0
2018-07-20 00:00:00-04:00,12.590371691713354,12.716275088440778,12.523223106728825,12.674307823181152,9900,0.0,0.0
2018-07-23 00:00:00-04:00,12.590371691713354,12.758243154174677,12.548403625979454,12.674307823181152,34300,0.0,0.0
2018-07-24 00:00:00-04:00,12.758241330785841,12.758241330785841,12.548401832580566,12.548401832580566,10600,0.0,0.0
2018-07-25 00:00:00-04:00,12.54840302661433,12.54840302661433,12.25462818145752,12.25462818145752,23600,0.0,0.0
2018-07-26 00:00:00-04:00,12.296594274639405,12.63233795205234,12.296594274639405,12.548401832580566,20600,0.0,0.0
2018-07-27 00:00:00-04:00,12.5484027619374,12.5484027619374,12.212659860132915,12.380531311035156,15500,0.0,0.0
2018-07-30 00:00:00-04:00,12.464466094970703,12.674305586128634,12.42249803664429,12.464466094970703,12900,0.0,0.0
2018-07-31 00:00:00-04:00,12.716272980346668,12.716272980346668,12.464466228636152,12.506433486938477,10400,0.0,0.0
2018-08-01 00:00:00-04:00,12.632337663267876,12.674305722044343,12.422498169859686,12.506433486938477,8700,0.0,0.0
2018-08-02 00:00:00-04:00,12.590371691713354,12.674307823181152,12.506435560245555,12.674307823181152,15200,0.0,0.0
2018-08-03 00:00:00-04:00,12.581113425912344,12.581113425912344,12.24222773971294,12.454030990600586,17300,0.14,0.0
2018-08-06 00:00:00-04:00,12.538752614141758,12.665834241488232,12.284588551483525,12.454030990600586,24300,0.0,0.0
2018-08-07 00:00:00-04:00,12.369308730209877,12.581111956357544,12.369308730209877,12.496390342712402,17500,0.0,0.0
2018-08-08 00:00:00-04:00,12.496390056527229,12.598055505794004,12.496390056527229,12.564167022705078,35700,0.0,0.0
2018-08-09 00:00:00-04:00,12.538750459056216,12.665832064560664,12.496389654566352,12.6234712600708,6400,0.0,0.0
2018-08-10 00:00:00-04:00,12.496391744273524,12.66583418260282,12.496391744273524,12.538752555847168,4500,0.0,0.0
2018-08-13 00:00:00-04:00,12.623473371029178,12.623473371029178,12.43708709284959,12.538752555847168,11400,0.0,0.0
2018-08-14 00:00:00-04:00,12.623471667209513,12.750554084777832,12.623471667209513,12.750554084777832,9600,0.0,0.0
2018-08-15 00:00:00-04:00,12.623470718102174,12.792913928786854,12.369307518005371,12.369307518005371,10500,0.0,0.0
2018-08-16 00:00:00-04:00,12.496391044366524,12.792915900808772,12.496391044366524,12.665833473205566,17200,0.0,0.0
2018-08-17 00:00:00-04:00,12.5811128616333,12.750555293150653,12.538752051762652,12.5811128616333,31200,0.0,0.0
2018-08-20 00:00:00-04:00,12.708192825317383,12.708192825317383,12.53875041590618,12.708192825317383,31200,0.0,0.0
2018-08-21 00:00:00-04:00,12.750553673540391,12.792914478030255,12.6234712600708,12.6234712600708,71400,0.0,0.0
2018-08-22 00:00:00-04:00,12.665832064560664,12.708192869050528,12.538750459056216,12.6234712600708,22100,0.0,0.0
2018-08-23 00:00:00-04:00,12.623472664004497,12.792915900808772,12.58958417823669,12.665833473205566,34300,0.0,0.0
2018-08-24 00:00:00-04:00,12.708194483280003,12.750555293150653,12.538752051762652,12.5811128616333,36200,0.0,0.0
2018-08-27 00:00:00-04:00,12.665832064560664,12.708192869050528,12.6234712600708,12.6234712600708,14100,0.0,0.0
2018-08-28 00:00:00-04:00,12.70819505325882,12.70819505325882,12.369310175024697,12.454030990600586,15800,0.0,0.0
2018-08-29 00:00:00-04:00,12.369309620245302,12.750555293150653,12.369309620245302,12.5811128616333,9700,0.0,0.0
2018-08-30 00:00:00-04:00,12.581111956357544,12.623471955214928,12.41166872906726,12.496390342712402,8500,0.0,0.0
2018-08-31 00:00:00-04:00,12.496391241892002,12.623472863538705,12.352364973110943,12.5811128616333,9200,0.0,0.0
2018-09-04 00:00:00-04:00,12.581113367420812,12.66583418260282,12.45403093269988,12.538752555847168,6400,0.0,0.0
2018-09-05 00:00:00-04:00,12.538752614141758,12.538752614141758,12.41167017883,12.454030990600586,6800,0.0,0.0
2018-09-06 00:00:00-04:00,12.581111956357544,12.581111956357544,12.326947923387305,12.496390342712402,7800,0.0,0.0
2018-09-07 00:00:00-04:00,12.454030990600586,12.538752614141758,12.369310175024697,12.454030990600586,8000,0.0,0.0
2018-09-10 00:00:00-04:00,12.581113367420812,12.708194994176464,12.45403093269988,12.538752555847168,6700,0.0,0.0
2018-09-11 00:00:00-04:00,12.454030990600586,12.538752614141758,12.41167017883,12.454030990600586,7100,0.0,0.0
2018-09-12 00:00:00-04:00,12.454028315382603,12.454028315382603,12.19986430732069,12.369307518005371,20100,0.0,0.0
2018-09-13 00:00:00-04:00,12.454032223345134,12.454032223345134,12.284589767456055,12.284589767456055,8200,0.0,0.0
2018-09-14 00:00:00-04:00,12.326948216305304,12.326948216305304,12.199865792817807,12.242226600646973,13300,0.0,0.0
2018-09-17 00:00:00-04:00,12.326948723577974,12.326948723577974,12.19986629486084,12.19986629486084,7200,0.0,0.0
2018-09-18 00:00:00-04:00,12.115145285216874,12.199866095008533,11.945702857668326,11.988062858581543,13400,0.0,0.0
2018-09-19 00:00:00-04:00,12.072785190173558,12.157506812939834,11.860981941223145,11.860981941223145,26000,0.0,0.0
2018-09-20 00:00:00-04:00,11.90334269529056,12.030424320862789,11.90334269529056,11.945703506469727,16200,0.0,0.0
2018-09-21 00:00:00-04:00,11.86098048714498,12.03042290393973,11.818619680954999,11.903341293334961,54800,0.0,0.0
2018-09-24 00:00:00-04:00,11.94570356398942,11.94570356398942,11.860981941223145,11.860981941223145,11400,0.0,0.0
2018-09-25 00:00:00-04:00,11.77625846862793,11.860980078086031,11.733898471864027,11.77625846862793,19500,0.0,0.0
2018-09-26 00:00:00-04:00,11.776258659924848,11.776258659924848,11.649177051638492,11.691537857055664,9500,0.0,0.0
2018-09-27 00:00:00-04:00,11.733901023864746,11.733901023864746,11.649179395980577,11.733901023864746,12900,0.0,0.0
2018-09-28 00:00:00-04:00,11.733901023864746,11.776261029841509,11.691540209922662,11.733901023864746,16200,0.0,0.0
2018-10-01 00:00:00-04:00,11.733900246018887,11.903342682589484,11.649178623750954,11.6576509475708,21300,0.0,0.0
2018-10-02 00:00:00-04:00,11.691538781895552,11.801676561506403,11.386541605137744,11.403486251831055,24200,0.0,0.0
2018-10-03 00:00:00-04:00,11.378068144115932,11.733897584176681,11.378068144115932,11.683064460754395,14700,0.0,0.0
2018-10-04 00:00:00-04:00,11.716955598379192,11.860981871455516,11.6576509475708,11.6576509475708,19300,0.0,0.0
2018-10-05 00:00:00-04:00,11.69153943488492,12.00500814453184,11.623762460256682,11.6576509475708,8100,0.0,0.0
2018-10-08 00:00:00-04:00,11.725427389178988,11.78473203729148,11.691538903405387,11.70848274230957,7000,0.0,0.0
2018-10-09 00:00:00-04:00,11.589873736365957,11.911814763261152,11.589873736365957,11.640706062316895,22600,0.0,0.0
2018-10-10 00:00:00-04:00,11.657650044353732,11.928757921861658,11.572928428649902,11.572928428649902,10100,0.0,0.0
2018-10-11 00:00:00-04:00,11.555984332388089,11.716954429074676,11.437374234642844,11.445846557617188,7500,0.0,0.0
2018-10-12 00:00:00-04:00,11.488207921359905,11.700011158193519,10.945991344198372,11.02224063873291,30300,0.0,0.0
2018-10-15 00:00:00-04:00,11.140850396989862,11.403486777076672,11.115434233744448,11.174738883972168,6700,0.0,0.0
2018-10-16 00:00:00-04:00,11.17473933101877,11.623762811454121,10.759605146886733,11.217100143432617,26400,0.0,0.0
2018-10-17 00:00:00-04:00,11.276403091076572,11.615287898937016,11.242514610290527,11.242514610290527,4800,0.0,0.0
2018-10-18 00:00:00-04:00,11.234044129600964,11.234044129600964,11.022240887977862,11.149322509765625,7400,0.0,0.0
2018-10-19 00:00:00-04:00,11.056129217224903,11.217099323066563,11.030713054821533,11.0391845703125,15500,0.0,0.0
2018-10-22 00:00:00-04:00,11.030711672231366,11.132377117067328,10.988350868225098,10.988350868225098,15800,0.0,0.0
2018-10-23 00:00:00-04:00,10.793492555996233,11.123905890228237,10.793492555996233,10.810437202453613,15900,0.0,0.0
2018-10-24 00:00:00-04:00,10.75960183414876,10.75960183414876,10.251274665585658,10.310579299926758,28700,0.0,0.0
2018-10-25 00:00:00-04:00,10.259748789170356,10.564745975864616,10.175027976839367,10.2936372756958,65500,0.0,0.0
2018-10-26 00:00:00-04:00,10.208916174619786,11.352653168478499,10.208916174619786,10.361413955688477,14400,0.0,0.0
2018-10-29 00:00:00-04:00,10.378359850417441,10.581690788269043,10.378359850417441,10.581690788269043,13400,0.0,0.0
2018-10-30 00:00:00-04:00,10.63252345053107,10.835854379276382,10.63252345053107,10.725716590881348,20600,0.0,0.0
2018-10-31 00:00:00-04:00,10.700299485538643,10.801964940968402,10.488496251402008,10.539328575134277,40500,0.0,0.0
2018-11-01 00:00:00-04:00,10.642152802461883,10.642152802461883,10.290841933030093,10.307978630065918,29900,0.14,0.0
2018-11-02 00:00:00-04:00,10.307978630065918,10.376527052532529,10.239430207599309,10.307978630065918,23000,0.0,0.0
2018-11-05 00:00:00-05:00,10.32511328750381,10.487915541527352,10.085193875251745,10.316544532775879,21700,0.0,0.0
2018-11-06 00:00:00-05:00,10.273704724646757,10.573604694736444,10.273704724646757,10.53933048248291,23600,0.0,0.0
2018-11-07 00:00:00-05:00,10.505054555947847,10.599308419973704,10.410799874760446,10.445074081420898,18400,0.0,0.0
2018-11-08 00:00:00-05:00,10.385094536863729,10.45364295092924,10.359389085879549,10.419368743896484,21000,0.0,0.0
2018-11-09 00:00:00-05:00,10.43650743086476,10.43650743086476,10.307978527151848,10.350821495056152,11800,0.0,0.0
2018-11-12 00:00:00-05:00,10.282273746208038,10.36795968762445,10.11947143811089,10.153745651245117,17800,0.0,0.0
2018-11-13 00:00:00-05:00,10.170880333402435,10.273702952426069,10.093763164844326,10.188017845153809,17200,0.0,0.0
2018-11-14 00:00:00-05:00,10.2565673061597,10.2565673061597,10.076627500186316,10.12803840637207,23100,0.0,0.0
2018-11-15 00:00:00-05:00,10.076625798689726,10.196585104308411,10.008077390575766,10.050919532775879,20800,0.0,0.0
2018-11-16 00:00:00-05:00,10.008077509925466,10.290839901057952,9.913822834773642,10.033782958984375,24000,0.0,0.0
2018-11-19 00:00:00-05:00,10.059486573184587,10.213720873728569,9.965232732386236,9.982369422912598,32600,0.0,0.0
2018-11-20 00:00:00-05:00,9.862412444813147,9.905255406893128,9.78529527650149,9.853843688964844,23800,0.0,0.0
2018-11-21 00:00:00-05:00,9.88811936733951,10.016647455553175,9.862413913129108,9.990942001342773,20200,0.0,0.0
2018-11-23 00:00:00-05:00,9.896685481562223,9.965233885925272,9.819568322363432,9.913822174072266,55700,0.0,0.0
2018-11-26 00:00:00-05:00,9.930960252076563,10.299408559484736,9.888117292607465,10.07662582397461,26700,0.0,0.0
2018-11-27 00:00:00-05:00,10.016646196710811,10.222292256034416,10.016646196710811,10.11090087890625,41600,0.0,0.0
2018-11-28 00:00:00-05:00,10.17944982719438,10.350820871323256,10.068058444220213,10.256567001342773,23900,0.0,0.0
2018-11-29 00:00:00-05:00,10.256566993831587,10.282272446141695,9.853844427552458,9.922392845153809,37200,0.0,0.0
2018-11-30 00:00:00-05:00,9.862411936655821,10.102331367915797,9.862411936655821,10.033782958984375,30100,0.0,0.0
2018-12-03 00:00:00-05:00,10.068060148001754,10.068060148001754,9.879551558978564,9.99951171875,16000,0.0,0.0
2018-12-04 00:00:00-05:00,9.948098642522263,9.956667399310046,9.468259702669185,9.502533912658691,29600,0.0,0.0
2018-12-06 00:00:00-05:00,9.476827926871504,9.7681582868291,9.476827926871504,9.673904418945312,52100,0.0,0.0
2018-12-07 00:00:00-05:00,9.673904305015352,9.90525581958944,9.613924645901285,9.699609756469727,19900,0.0,0.0
2018-12-10 00:00:00-05:00,9.691042776931196,9.716748230930657,9.553945115556896,9.708179473876953,23600,0.0,0.0
2018-12-11 00:00:00-05:00,9.70817746382885,9.879548483612824,9.596786096678896,9.742451667785645,24200,0.0,0.0
2018-12-12 00:00:00-05:00,9.811000921916023,9.836706372810392,9.648198643369621,9.768157958984375,28800,0.0,0.0
2018-12-13 00:00:00-05:00,9.811001258723934,9.811001258723934,9.596787253873362,9.682473182678223,13600,0.0,0.0
2018-12-14 00:00:00-05:00,9.639629372185878,9.708177782348502,9.528238001381238,9.648198127746582,22200,0.0,0.0
2018-12-17 00:00:00-05:00,9.665334069007317,9.725314536099694,9.56251146177081,9.579648971557617,21600,0.0,0.0
2018-12-18 00:00:00-05:00,9.639629476287466,9.72531539849685,9.579649821037806,9.613924026489258,24400,0.0,0.0
2018-12-19 00:00:00-05:00,9.631062309563804,9.751022457015626,9.305456895475992,9.374005317687988,35300,0.0,0.0
2018-12-20 00:00:00-05:00,9.339730806493515,9.451122193299383,9.116948850043402,9.168359756469727,49900,0.0,0.0
2018-12-21 00:00:00-05:00,9.168360086412314,9.19406554055054,9.00555778732134,9.065537452697754,71000,0.0,0.0
2018-12-24 00:00:00-05:00,9.031262185916878,9.14265356371236,8.791342735290527,8.791342735290527,34900,0.0,0.0
2018-12-26 00:00:00-05:00,8.842754255642985,8.996988607549842,8.67138320750293,8.877028465270996,60400,0.0,0.0
2018-12-27 00:00:00-05:00,8.80847879972337,8.996987334586596,8.714224940872507,8.988418579101562,42700,0.0,0.0
2018-12-28 00:00:00-05:00,8.979850023940456,9.099810151922506,8.84275320176755,8.911301612854004,34500,0.0,0.0
2018-12-31 00:00:00-05:00,8.928439993593225,9.014125924375525,8.911302480572125,8.971282958984375,61400,0.0,0.0
2019-01-02 00:00:00-05:00,8.911300731501797,9.391140378811018,8.859889836852394,9.245474815368652,46700,0.0,0.0
2019-01-03 00:00:00-05:00,9.21120252768677,9.485396201902942,9.005557272024642,9.262614250183105,82600,0.0,0.0
2019-01-04 00:00:00-05:00,9.339731010942739,9.50253412490036,9.339731010942739,9.425416946411133,36800,0.0,0.0
2019-01-07 00:00:00-05:00,9.391142735656103,9.536808335655389,9.382573978676936,9.425416946411133,22500,0.0,0.0
2019-01-08 00:00:00-05:00,9.476826761898353,9.48539469998976,9.348297884589522,9.43398380279541,20700,0.0,0.0
2019-01-09 00:00:00-05:00,9.442554460369468,9.50253412490036,9.374005221697768,9.425416946411133,12800,0.0,0.0
2019-01-10 00:00:00-05:00,9.374003333186698,9.553943107689879,9.33972912933664,9.43398380279541,17700,0.0,0.0
2019-01-11 00:00:00-05:00,9.433985696624267,9.562513782573037,9.348299761217326,9.416848182678223,15400,0.0,0.0
2019-01-14 00:00:00-05:00,9.425417265457362,9.425417265457362,9.25404620588138,9.30545711517334,28400,0.0,0.0
2019-01-15 00:00:00-05:00,9.296889064915518,9.622493665671259,9.296889064915518,9.339731216430664,28800,0.0,0.0
2019-01-16 00:00:00-05:00,9.382573978676936,9.553945032452082,9.331163071125212,9.425416946411133,31800,0.0,0.0
2019-01-17 00:00:00-05:00,9.399712213984817,9.622494192408345,9.399712213984817,9.485397338867188,73000,0.0,0.0
2019-01-18 00:00:00-05:00,9.485395454912725,9.60535558651605,9.451121248334852,9.511101722717285,23600,0.0,0.0
2019-01-22 00:00:00-05:00,9.54537804650152,9.553945987175238,9.348300702094987,9.408280372619629,26800,0.0,0.0
2019-01-23 00:00:00-05:00,9.408277545486003,9.511100974289999,9.391140852126322,9.44255256652832,17000,0.0,0.0
2019-01-24 00:00:00-05:00,9.459692007326424,9.545377950495576,9.408280277992592,9.468260765075684,19900,0.0,0.0
2019-01-25 00:00:00-05:00,9.5196706021087,9.639630745565027,9.433985485778429,9.493965148925781,26800,0.0,0.0
2019-01-28 00:00:00-05:00,9.485397463412484,9.579652164330893,9.425417793491109,9.468260765075684,29000,0.0,0.0
2019-01-29 00:00:00-05:00,9.459689677448482,9.631060704417175,9.39971002229982,9.596786499023438,43000,0.0,0.0
2019-01-30 00:00:00-05:00,9.588218807683981,10.059489797030448,9.588218807683981,9.896687507629395,61300,0.0,0.0
2019-01-31 00:00:00-05:00,9.948096928939908,10.068057051820585,9.862411827306408,10.059488296508789,36300,0.0,0.0
2019-02-01 00:00:00-05:00,10.068056446695335,10.32511337046878,10.068056446695335,10.265132904052734,23700,0.0,0.0
2019-02-04 00:00:00-05:00,10.265134826064847,10.325115303711451,10.239429374022922,10.282272338867188,28700,0.0,0.0
2019-02-05 00:00:00-05:00,10.247998230361684,10.376526308986286,10.23086071739222,10.239429473876953,45200,0.0,0.0
2019-02-06 00:00:00-05:00,10.196586401901953,10.350820748366601,10.196586401901953,10.273703575134277,19500,0.0,0.0
2019-02-07 00:00:00-05:00,10.343060911649046,10.40374918397454,10.282371812507852,10.369070053100586,21200,0.14,0.0
2019-02-08 00:00:00-05:00,10.377740717047045,10.403749860189105,10.256363337691166,10.334391593933105,9800,0.0,0.0
2019-02-11 00:00:00-05:00,10.377741813659668,10.40375095955011,10.282373567368321,10.377741813659668,12500,0.0,0.0
2019-02-12 00:00:00-05:00,10.4037504196167,10.542466959587728,10.386410438712423,10.4037504196167,12700,0.0,0.0
2019-02-13 00:00:00-05:00,10.369070189426537,10.455768431159125,10.308381916303151,10.360400199890137,21300,0.0,0.0
2019-02-14 00:00:00-05:00,10.299712994071715,10.360401273483907,10.256363868713379,10.256363868713379,13800,0.0,0.0
2019-02-15 00:00:00-05:00,10.273704415806652,10.53379752865981,10.273704415806652,10.525128364562988,37600,0.0,0.0
2019-02-19 00:00:00-05:00,10.551135907003165,10.681182443666252,10.464437664683961,10.655173301696777,24800,0.0,0.0
2019-02-20 00:00:00-05:00,10.681182861328125,10.776551096971536,10.559806309513963,10.681182861328125,17000,0.0,0.0
2019-02-21 00:00:00-05:00,10.819900360914312,10.819900360914312,10.689853807532637,10.733202934265137,17900,0.0,0.0
2019-02-22 00:00:00-05:00,10.793891641344857,11.03664560307965,10.733203357615123,10.9586181640625,25800,0.0,0.0
2019-02-25 00:00:00-05:00,11.001965783936384,11.001965783936384,10.923938349754316,10.941277503967285,19000,0.0,0.0
2019-02-26 00:00:00-05:00,10.967286651679741,11.053984903215596,10.967286651679741,10.99329662322998,20600,0.0,0.0
2019-02-27 00:00:00-05:00,10.967285786020145,11.478803610712276,10.95861662300347,11.38343620300293,52300,0.0,0.0
2019-02-28 00:00:00-05:00,11.357426244514548,11.48747277539654,11.322747114491639,11.374765396118164,24100,0.0,0.0
2019-03-01 00:00:00-05:00,11.400776463342005,11.478804725782053,11.184031657371126,11.470134735107422,39500,0.0,0.0
2019-03-04 00:00:00-05:00,11.470134846702,11.574173082178147,11.322749137878418,11.322749137878418,49500,0.0,0.0
2019-03-05 00:00:00-05:00,11.279399076620871,11.418115610011334,11.270729086580028,11.366096496582031,20800,0.0,0.0
2019-03-06 00:00:00-05:00,11.322748694532011,11.357427829394243,11.04531478881836,11.04531478881836,34300,0.0,0.0
2019-03-07 00:00:00-05:00,11.079994170970213,11.158022432855665,10.889259338378906,10.889259338378906,19000,0.0,0.0
2019-03-08 00:00:00-05:00,10.854581302492498,11.39210837272227,10.724533910568844,11.270730972290039,26400,0.0,0.0
2019-03-11 00:00:00-04:00,11.270728006049435,11.643529273907472,11.270728006049435,11.374765396118164,53800,0.0,0.0
2019-03-12 00:00:00-04:00,11.40077591396125,11.79958637080242,11.40077591396125,11.452795028686523,40400,0.0,0.0
2019-03-13 00:00:00-04:00,11.487475130875406,11.678210798519133,11.37476772848665,11.60018253326416,33100,0.0,0.0
2019-03-14 00:00:00-04:00,11.591510609243526,11.617519751052543,11.400774973407415,11.504813194274902,19300,0.0,0.0
2019-03-15 00:00:00-04:00,11.504812659631595,11.695547459788306,11.34008617325955,11.530821800231934,56600,0.0,0.0
2019-03-18 00:00:00-04:00,11.582842816764202,11.756239333223153,11.504815376536715,11.539494514465332,23900,0.0,0.0
2019-03-19 00:00:00-04:00,11.574172123483486,11.704218666833105,11.331417363234417,11.366096496582031,23700,0.0,0.0
2019-03-20 00:00:00-04:00,11.426786824589309,11.643531637943031,11.227381166359644,11.30540943145752,21200,0.0,0.0
2019-03-21 00:00:00-04:00,11.296739008980602,11.444125542576607,11.132013320922852,11.132013320922852,14900,0.0,0.0
2019-03-22 00:00:00-04:00,11.140681979268507,11.140681979268507,10.707192420959473,10.707192420959473,37800,0.0,0.0
2019-03-25 00:00:00-04:00,10.707193252203488,11.053984595047286,10.681183281378368,10.759211540222168,16100,0.0,0.0
2019-03-26 00:00:00-04:00,10.750540562673159,11.244719214362489,10.74187140001003,11.158020973205566,18600,0.0,0.0
2019-03-27 00:00:00-04:00,11.114673653921487,11.669540668255504,11.114673653921487,11.556833267211914,23900,0.0,0.0
2019-03-28 00:00:00-04:00,11.530824797162749,11.686880508140272,11.522154805770697,11.574173927307129,17500,0.0,0.0
2019-03-29 00:00:00-04:00,11.643529346453107,11.790915856672692,11.522151977208837,11.61751937866211,50600,0.0,0.0
2019-04-01 00:00:00-04:00,11.617520164988436,11.730227552597587,11.478803634643555,11.478803634643555,42100,0.0,0.0
2019-04-02 00:00:00-04:00,11.444126267127636,11.452796258315333,11.348758844510593,11.435456275939941,9600,0.0,0.0
2019-04-03 00:00:00-04:00,11.487476080179428,11.487476080179428,11.331419536773256,11.400777816772461,6600,0.0,0.0
2019-04-04 00:00:00-04:00,11.409445345684436,11.45279446803077,11.314077937975089,11.38343620300293,16600,0.0,0.0
2019-04-05 00:00:00-04:00,11.34875855923041,11.418116833356738,11.227381166101413,11.253390312194824,30500,0.0,0.0
2019-04-08 00:00:00-04:00,11.184030812416015,11.288069039019856,11.184030812416015,11.218709945678711,14900,0.0,0.0
2019-04-09 00:00:00-04:00,11.192702005927963,11.348758535797904,11.053985457961723,11.062655448913574,8800,0.0,0.0
2019-04-10 00:00:00-04:00,11.053985480785592,11.262060303164576,11.010636352752675,11.253390312194824,10500,0.0,0.0
2019-04-11 00:00:00-04:00,11.218710902402272,11.400776574261787,11.218710902402272,11.322749137878418,15200,0.0,0.0
2019-04-12 00:00:00-04:00,11.426787791884102,11.435456956772065,11.262061256774048,11.400777816772461,25500,0.0,0.0
2019-04-15 00:00:00-04:00,11.39210741031863,11.39210741031863,11.08866434828083,11.322749137878418,9600,0.0,0.0
2019-04-16 00:00:00-04:00,11.296739165601467,11.444125701240877,11.296739165601467,11.322749137878418,15300,0.0,0.0
2019-04-17 00:00:00-04:00,11.383437419559648,11.435455710481893,11.270730020140345,11.322749137878418,12300,0.0,0.0
2019-04-18 00:00:00-04:00,11.28806960154657,11.34875788107667,11.253389639739886,11.340087890625,10700,0.0,0.0
2019-04-22 00:00:00-04:00,11.383438660180618,11.444126948475944,11.28807123188569,11.400777816772461,22800,0.0,0.0
2019-04-23 00:00:00-04:00,11.400774607964566,11.695547628403736,11.314077195774958,11.61751937866211,32000,0.0,0.0
2019-04-24 00:00:00-04:00,11.530821117387202,11.634858500443228,11.461462862016518,11.513481140136719,15300,0.0,0.0
2019-04-25 00:00:00-04:00,11.48747510774728,11.48747510774728,11.270730294393557,11.30540943145752,12300,0.0,0.0
2019-04-26 00:00:00-04:00,11.279398969566502,11.539492880612912,11.279398969566502,11.5221529006958,11200,0.0,0.0
2019-04-29 00:00:00-04:00,11.409447807686966,11.704220911071157,11.409447807686966,11.548164367675781,33900,0.0,0.0
2019-04-30 00:00:00-04:00,11.582840473004632,11.582840473004632,11.305407425713602,11.461463928222656,20100,0.0,0.0
2019-05-01 00:00:00-04:00,11.591510990839907,11.591510990839907,11.218709696436518,11.331417083740234,33800,0.0,0.0
2019-05-02 00:00:00-04:00,11.374767705585443,11.374767705585443,11.227381166359644,11.30540943145752,20900,0.0,0.0
2019-05-03 00:00:00-04:00,11.487476079384654,11.600183491079546,11.426787791093528,11.548164367675781,10600,0.0,0.0
2019-05-06 00:00:00-04:00,11.530824524321291,11.617521955742735,11.487475395202637,11.487475395202637,11100,0.0,0.0
2019-05-07 00:00:00-04:00,11.418116151058442,11.513483565579428,10.932607434370244,11.340087890625,19200,0.0,0.0
2019-05-08 00:00:00-04:00,11.478805116513314,11.478805116513314,11.244721148040918,11.253390312194824,16600,0.0,0.0
2019-05-09 00:00:00-04:00,11.270919095758648,11.481263483338392,11.262155407975682,11.323505401611328,13200,0.14,0.0
2019-05-10 00:00:00-04:00,11.288447831004916,11.463734119284458,11.253390573349009,11.419912338256836,12200,0.0,0.0
2019-05-13 00:00:00-04:00,11.30597577054343,11.393619330494996,11.078104019165039,11.078104019165039,19900,0.0,0.0
2019-05-14 00:00:00-04:00,11.060574915414325,11.227097511291504,11.060574915414325,11.227097511291504,14000,0.0,0.0
2019-05-15 00:00:00-04:00,11.121925354003906,11.218333440503464,11.051810837912026,11.121925354003906,20800,0.0,0.0
2019-05-16 00:00:00-04:00,11.121925413853992,11.24462623559055,11.121925413853992,11.209568977355957,14000,0.0,0.0
2019-05-17 00:00:00-04:00,11.113160247549747,11.183274754690117,10.990459442138672,10.990459442138672,11300,0.0,0.0
2019-05-20 00:00:00-04:00,10.972933845427448,11.104398368653676,10.91158301020163,10.937875747680664,20600,0.0,0.0
2019-05-21 00:00:00-04:00,10.911581797000407,11.016753571054105,10.911581797000407,11.007989883422852,17000,0.0,0.0
2019-05-22 00:00:00-04:00,11.034281730651855,11.043046253409267,10.929109965055591,11.034281730651855,16000,0.0,0.0
2019-05-23 00:00:00-04:00,10.91158129552035,11.02551758779992,10.8151740493596,10.902816772460938,40500,0.0,0.0
2019-05-24 00:00:00-04:00,10.902817085805962,11.148218723536724,10.815174360185788,11.043046951293945,17200,0.0,0.0
2019-05-28 00:00:00-04:00,11.121923934069152,11.121923934069152,10.955402188568488,10.990459442138672,9500,0.0,0.0
2019-05-29 00:00:00-04:00,10.972931675410052,11.086867127230903,10.929109897723862,10.946638107299805,10500,0.0,0.0
2019-05-30 00:00:00-04:00,10.990459345504012,10.990459345504012,10.745058572670429,10.788880348205566,19600,0.0,0.0
2019-05-31 00:00:00-04:00,10.771353216422424,10.771353216422424,10.65741691413074,10.727531433105469,11700,0.0,0.0
2019-06-03 00:00:00-04:00,10.692472218211458,11.297210878564481,10.692472218211458,11.262153625488281,32300,0.0,0.0
2019-06-04 00:00:00-04:00,11.297211850409816,11.463733607889134,11.297211850409816,11.376090049743652,22800,0.0,0.0
2019-06-05 00:00:00-04:00,11.270918645300487,11.279683168564144,11.174511396893099,11.19204044342041,8500,0.0,0.0
2019-06-06 00:00:00-04:00,11.13945382307113,11.20080381251119,11.034282054389209,11.051810264587402,5700,0.0,0.0
2019-06-07 00:00:00-04:00,10.999224851306359,11.130689353836223,10.964167594909668,10.964167594909668,9600,0.0,0.0
2019-06-10 00:00:00-04:00,11.121925097704429,11.148218667506182,11.025517849257492,11.13068962097168,8200,0.0,0.0
2019-06-11 00:00:00-04:00,11.227097829428931,11.227097829428931,11.007989760309819,11.069339752197266,15600,0.0,0.0
2019-06-12 00:00:00-04:00,11.078103440358376,11.139453427620511,10.91158085231703,10.946638107299805,12000,0.0,0.0
2019-06-13 00:00:00-04:00,10.911581613985415,11.07810421365065,10.911581613985415,10.981696128845215,17000,0.0,0.0
2019-06-14 00:00:00-04:00,11.051809802798038,11.069338848094716,10.850230796871537,10.920345306396484,14800,0.0,0.0
2019-06-17 00:00:00-04:00,10.972932243551933,11.02551771083335,10.815174170045815,10.841466903686523,12900,0.0,0.0
2019-06-18 00:00:00-04:00,11.09563319403664,11.09563319403664,10.89405415879105,11.016754150390625,9700,0.0,0.0
2019-06-19 00:00:00-04:00,11.034281730651855,11.08686719553454,10.955402697496934,11.034281730651855,6000,0.0,0.0
2019-06-20 00:00:00-04:00,11.034281218059117,11.043045740409378,10.990459442138672,10.990459442138672,8500,0.0,0.0
2019-06-21 00:00:00-04:00,10.911580129814956,11.016751887799412,10.81517289395358,10.82393741607666,28400,0.0,0.0
2019-06-24 00:00:00-04:00,10.82393875214132,11.16574679882454,10.66618067777618,10.692473411560059,27900,0.0,0.0
2019-06-25 00:00:00-04:00,10.902817664067715,10.902817664067715,10.657416849152376,10.701238632202148,10500,0.0,0.0
2019-06-26 00:00:00-04:00,10.815174999739378,10.823939523568969,10.718766909275878,10.727531433105469,5600,0.0,0.0
2019-06-27 00:00:00-04:00,10.718766275423365,11.043046951293945,10.718766275423365,11.043046951293945,17400,0.0,0.0
2019-06-28 00:00:00-04:00,11.113162071633138,13.111427524785102,11.113162071633138,12.138587951660156,244600,0.0,0.0
2019-07-01 00:00:00-04:00,12.059708340206397,12.059708340206397,11.305976046549151,11.595198631286621,59900,0.0,0.0
2019-07-02 00:00:00-04:00,11.647783599718641,11.647783599718641,11.095631227869978,11.165745735168457,17200,0.0,0.0
2019-07-03 00:00:00-04:00,11.00798995146479,11.24462623559055,11.00798995146479,11.209568977355957,7500,0.0,0.0
2019-07-05 00:00:00-04:00,11.227099145568344,11.481264502108777,11.183277359441155,11.411149978637695,6800,0.0,0.0
2019-07-08 00:00:00-04:00,11.419912014737204,11.533848307848894,11.384854758074447,11.402383804321289,19000,0.0,0.0
2019-07-09 00:00:00-04:00,11.314740311441346,11.516320165313562,11.314740311441346,11.42867660522461,16000,0.0,0.0
2019-07-10 00:00:00-04:00,11.341033613008237,11.454969912496564,11.270919095758648,11.323505401611328,25500,0.0,0.0
2019-07-11 00:00:00-04:00,11.288447953410325,11.490026978159866,11.288447953410325,11.358562469482422,16000,0.0,0.0
2019-07-12 00:00:00-04:00,11.314740373597095,11.568905696254154,11.314740373597095,11.51632022857666,32400,0.0,0.0
2019-07-15 00:00:00-04:00,11.46373545332548,11.490028190669374,11.174512835049507,11.411149978637695,18100,0.0,0.0
2019-07-16 00:00:00-04:00,11.384853548102921,11.446204367615634,11.262153580739175,11.349796295166016,30700,0.0,0.0
2019-07-17 00:00:00-04:00,11.27968343312612,11.341033425748776,11.121925354003906,11.121925354003906,10500,0.0,0.0
2019-07-18 00:00:00-04:00,11.183274226907905,11.270916938781738,11.183274226907905,11.270916938781738,6000,0.0,0.0
2019-07-19 00:00:00-04:00,11.19204044342041,11.332269472315138,11.139454139669416,11.19204044342041,9900,0.0,0.0
2019-07-22 00:00:00-04:00,11.174511155108666,11.341032914360365,11.174511155108666,11.314740180969238,5700,0.0,0.0
2019-07-23 00:00:00-04:00,11.253388553215208,11.367324829101562,11.12192323373212,11.367324829101562,7800,0.0,0.0
2019-07-24 00:00:00-04:00,11.358562535663252,11.446206099179511,11.253390760942318,11.384855270385742,23900,0.0,0.0
2019-07-25 00:00:00-04:00,11.31473908718716,11.349796340263362,11.200802805731797,11.262153625488281,8500,0.0,0.0
2019-07-26 00:00:00-04:00,11.332269734913126,11.446206032488027,11.305976164512867,11.358562469482422,18500,0.0,0.0
2019-07-29 00:00:00-04:00,11.288446311484144,11.393618070294856,11.288446311484144,11.349796295166016,10700,0.0,0.0
2019-07-30 00:00:00-04:00,11.341031263706464,11.419910288230156,11.314738534142167,11.367324829101562,38600,0.0,0.0
2019-07-31 00:00:00-04:00,11.419912333432544,11.419912333432544,11.24462604522705,11.24462604522705,27700,0.0,0.0
2019-08-01 00:00:00-04:00,11.297211894009473,11.376090093647726,11.051810264587402,11.051810264587402,20400,0.0,0.0
2019-08-02 00:00:00-04:00,10.955403265042559,10.999225045268918,10.832702447574945,10.867759704589844,14800,0.0,0.0
2019-08-05 00:00:00-04:00,10.894051917939874,11.05180913695104,10.64865031355658,10.76258659362793,36600,0.0,0.0
2019-08-06 00:00:00-04:00,10.78888187485118,10.885289126005599,10.648652006129797,10.858996391296387,18500,0.0,0.0
2019-08-07 00:00:00-04:00,10.74506072829147,10.902817981703262,10.701238943965024,10.780117988586426,9900,0.0,0.0
2019-08-08 00:00:00-04:00,11.010613569744514,11.05493988014816,10.815578311240907,10.833309173583984,24800,0.14,0.0
2019-08-09 00:00:00-04:00,10.824442233828664,10.886498552472656,10.602811558152775,10.6205415725708,25700,0.0,0.0
2019-08-12 00:00:00-04:00,10.62940788269043,10.638273313360525,10.576216989577869,10.62940788269043,13500,0.0,0.0
2019-08-13 00:00:00-04:00,10.54962076574695,10.744656014479474,10.54962076574695,10.709195137023926,16700,0.0,0.0
2019-08-14 00:00:00-04:00,10.638270910640305,10.638270910640305,10.265931361131589,10.327987670898438,26200,0.0,0.0
2019-08-15 00:00:00-04:00,10.460968346997634,10.549620112419387,10.274798540521811,10.434372901916504,13800,0.0,0.0
2019-08-16 00:00:00-04:00,10.50529530301802,10.726925998478704,10.452103564107691,10.709195137023926,11200,0.0,0.0
2019-08-19 00:00:00-04:00,10.68259921382834,10.815577286992033,10.68259921382834,10.753520965576172,12600,0.0,0.0
2019-08-20 00:00:00-04:00,10.682598736668723,10.682598736668723,10.576216113798768,10.6205415725708,25800,0.0,0.0
2019-08-21 00:00:00-04:00,10.726924641698329,10.762385514668658,10.656002895757672,10.744654655456543,16400,0.0,0.0
2019-08-22 00:00:00-04:00,10.77125065117711,10.851037830815361,10.762386066570373,10.780116081237793,31600,0.0,0.0
2019-08-23 00:00:00-04:00,10.806713222009355,10.833309516365517,10.381182657759684,10.46983528137207,27300,0.0,0.0
2019-08-26 00:00:00-04:00,10.593946603038672,10.709194661010038,10.549620296825998,10.664868354797363,17400,0.0,0.0
2019-08-27 00:00:00-04:00,10.753520333054686,10.80671122100989,10.531889660515523,10.549619674682617,14000,0.0,0.0
2019-08-28 00:00:00-04:00,10.55848486099884,10.771250098820815,10.55848486099884,10.744654655456543,9900,0.0,0.0
2019-08-29 00:00:00-04:00,10.824442211214883,11.08153376064366,10.824442211214883,11.054938316345215,27100,0.0,0.0
2019-08-30 00:00:00-04:00,11.028342098012185,11.028342098012185,10.913094890154612,10.957420349121094,7600,0.0,0.0
2019-09-03 00:00:00-04:00,10.85103680711468,10.948554837674319,10.771249635003652,10.877633094787598,8900,0.0,0.0
2019-09-04 00:00:00-04:00,11.019477844967058,11.019477844967058,10.85990348243499,10.930825233459473,10100,0.0,0.0
2019-09-05 00:00:00-04:00,11.072668626180661,11.196782111975033,11.046073181172565,11.108129501342773,19900,0.0,0.0
2019-09-06 00:00:00-04:00,11.179049659778466,11.187915088670051,11.08153247833252,11.08153247833252,7200,0.0,0.0
2019-09-09 00:00:00-04:00,11.063804269181258,11.35635757446289,11.063804269181258,11.35635757446289,16900,0.0,0.0
2019-09-10 00:00:00-04:00,11.14358901706671,11.480467712736965,11.072667275394428,11.400680541992188,22000,0.0,0.0
2019-09-11 00:00:00-04:00,11.47160419901421,11.604583120942872,11.170187169308024,11.489335060119629,33300,0.0,0.0
2019-09-12 00:00:00-04:00,11.453873454376874,11.551390647888184,11.37408627538856,11.551390647888184,32000,0.0,0.0
2019-09-13 00:00:00-04:00,11.524795680046223,11.604582862334563,11.507064819335938,11.507064819335938,47200,0.0,0.0
2019-09-16 00:00:00-04:00,11.524796485900879,11.57798822629712,11.480470176479685,11.524796485900879,25700,0.0,0.0
2019-09-17 00:00:00-04:00,11.44500937210427,11.586852886806861,11.391818476817818,11.515931129455566,21700,0.0,0.0
2019-09-18 00:00:00-04:00,11.515929624040039,11.524795053913529,11.418412431793415,11.48046875,25000,0.0,0.0
2019-09-19 00:00:00-04:00,11.515929953910224,11.569121689220905,11.356356438886081,11.36522102355957,27300,0.0,0.0
2019-09-20 00:00:00-04:00,11.338625400888635,11.666638701376423,11.338625400888635,11.551390647888184,100700,0.0,0.0
2019-09-23 00:00:00-04:00,11.533661916875925,11.595718242793177,11.48933560745473,11.524796485900879,29700,0.0,0.0
2019-09-24 00:00:00-04:00,11.436143322257365,11.640043997699717,11.418413306605938,11.489335060119629,35800,0.0,0.0
2019-09-25 00:00:00-04:00,11.524796560487987,11.569122870196056,11.489335681812339,11.515931129455566,198200,0.0,0.0
2019-09-26 00:00:00-04:00,11.462739613915494,11.524795936876474,11.108130000893052,11.489335060119629,65900,0.0,0.0
2019-09-27 00:00:00-04:00,11.480469629566919,11.54252679798189,11.445008752810075,11.489335060119629,39500,0.0,0.0
2019-09-30 00:00:00-04:00,11.542526094862431,11.542526094862431,11.365220876424862,11.382951736450195,29500,0.0,0.0
2019-10-01 00:00:00-04:00,11.391818885895692,11.453875214442997,11.07267012090026,11.14359188079834,26200,0.0,0.0
2019-10-02 00:00:00-04:00,11.054939553064218,11.214513082160346,11.001747813062824,11.196783065795898,19200,0.0,0.0
2019-10-03 00:00:00-04:00,11.125861863550854,11.249974520645463,11.063804689549482,11.14359188079834,30900,0.0,0.0
2019-10-04 00:00:00-04:00,11.205648160875818,11.312030792236328,11.10813011470485,11.312030792236328,16800,0.0,0.0
2019-10-07 00:00:00-04:00,11.241107519681618,11.524794498325937,11.241107519681618,11.44500732421875,32900,0.0,0.0
2019-10-08 00:00:00-04:00,11.329759116698186,11.365219988524556,11.161320186886405,11.285432815551758,17100,0.0,0.0
2019-10-09 00:00:00-04:00,11.303165245782695,11.524795936876474,11.303165245782695,11.489335060119629,23800,0.0,0.0
2019-10-10 00:00:00-04:00,11.480469227203775,11.515930102717801,11.27656940436162,11.436142921447754,45600,0.0,0.0
2019-10-11 00:00:00-04:00,11.52479626920846,11.55139171617951,11.258839263135924,11.462739944458008,120200,0.0,0.0
2019-10-14 00:00:00-04:00,11.507065698423144,11.524796560487987,11.471604819747498,11.515931129455566,23400,0.0,0.0
2019-10-15 00:00:00-04:00,11.524795532959798,11.542526393443792,10.984016970007419,11.436142921447754,148600,0.0,0.0
2019-10-16 00:00:00-04:00,11.445008204210621,11.52479538445254,11.382951884224218,11.453873634338379,36800,0.0,0.0
2019-10-17 00:00:00-04:00,11.507065075771056,11.524795936876474,11.436143322257365,11.489335060119629,51800,0.0,0.0
2019-10-18 00:00:00-04:00,11.436142774082862,11.52479538445254,11.436142774082862,11.453873634338379,44800,0.0,0.0
2019-10-21 00:00:00-04:00,11.515931054925835,11.524796485900879,11.45387472900858,11.524796485900879,124300,0.0,0.0
2019-10-22 00:00:00-04:00,11.48933560745473,11.57798822629712,11.462740159983626,11.524796485900879,73400,0.0,0.0
2019-10-23 00:00:00-04:00,11.480467651166405,11.524793950837317,11.33862416858256,11.498198509216309,40200,0.0,0.0
2019-10-24 00:00:00-04:00,11.515930506323764,11.524795936876474,11.382952429849095,11.489335060119629,42100,0.0,0.0
2019-10-25 00:00:00-04:00,11.427278336659718,11.524795532959798,11.374086600661698,11.436142921447754,33800,0.0,0.0
2019-10-28 00:00:00-04:00,11.418413052146427,11.524795680046223,11.418413052146427,11.507064819335938,14200,0.0,0.0
2019-10-29 00:00:00-04:00,11.52479626920846,11.52479626920846,11.445009082841299,11.462739944458008,20800,0.0,0.0
2019-10-30 00:00:00-04:00,11.427278737158648,11.524795936876474,11.303165245782695,11.489335060119629,19200,0.0,0.0
2019-10-31 00:00:00-04:00,11.436142921447754,11.462739212173744,10.913095218979368,11.436142921447754,26200,0.0,0.0
2019-11-01 00:00:00-04:00,11.427279281537476,11.524796485900879,11.427279281537476,11.524796485900879,29300,0.0,0.0
2019-11-04 00:00:00-05:00,11.52479633707039,11.569122645919157,11.480470028221621,11.542527198791504,40400,0.0,0.0
2019-11-05 00:00:00-05:00,11.515928983777256,11.728694216188162,11.515928983777256,11.71096420288086,29300,0.0,0.0
2019-11-06 00:00:00-05:00,11.675503908877149,11.755291086345043,11.542525843399936,11.577986717224121,43200,0.0,0.0
2019-11-07 00:00:00-05:00,11.685523723438555,11.819942749969991,11.649678592722484,11.667601585388184,45200,0.14,0.0
2019-11-08 00:00:00-05:00,11.65863954456302,11.748251939860374,11.586949286479019,11.640716552734375,25900,0.0,0.0
2019-11-11 00:00:00-05:00,11.542141756876928,11.721367388039646,11.542141756876928,11.694483757019043,12800,0.0,0.0
2019-11-12 00:00:00-05:00,11.658638895186701,11.78409641253818,11.622793768141245,11.712406158447266,13000,0.0,0.0
2019-11-13 00:00:00-05:00,11.622793826935817,11.712406217695147,11.569025708788022,11.658638954162598,10900,0.0,0.0
2019-11-14 00:00:00-05:00,11.649677458702092,11.703445576849886,11.649677458702092,11.658638954162598,11100,0.0,0.0
2019-11-15 00:00:00-05:00,11.730330350487478,11.730330350487478,11.649678592722484,11.667601585388184,17400,0.0,0.0
2019-11-18 00:00:00-05:00,11.65863940034696,11.72136816174069,11.560064655739353,11.68552303314209,26700,0.0,0.0
2019-11-19 00:00:00-05:00,11.658637808646178,11.793056808885492,11.613831190361353,11.757211685180664,26500,0.0,0.0
2019-11-20 00:00:00-05:00,11.739290827107386,11.864748346408325,11.649677580793641,11.721367835998535,40400,0.0,0.0
2019-11-21 00:00:00-05:00,11.703446062387197,11.739291191101074,11.613832813294865,11.739291191101074,14300,0.0,0.0
2019-11-22 00:00:00-05:00,11.802020254426882,11.819942391934378,11.676561873413204,11.810981750488281,19300,0.0,0.0
2019-11-25 00:00:00-05:00,11.802019226087753,11.972283363342285,11.739290468354277,11.972283363342285,28400,0.0,0.0
2019-11-26 00:00:00-05:00,11.945399410155959,12.124625037860453,11.945399410155959,12.00812816619873,39400,0.0,0.0
2019-11-27 00:00:00-05:00,11.999167290754356,12.16943142008496,11.999167290754356,12.151509284973145,29900,0.0,0.0
2019-11-29 00:00:00-05:00,12.097741756968144,12.1694320101217,12.043973639795363,12.133586883544922,7800,0.0,0.0
2019-12-02 00:00:00-05:00,12.187353556872287,12.250082307296315,11.694482483870994,11.730327606201172,41200,0.0,0.0
2019-12-03 00:00:00-05:00,11.64967599129887,11.927476333275889,11.595907879923754,11.900591850280762,43100,0.0,0.0
2019-12-04 00:00:00-05:00,11.936439105341822,12.035013851369937,11.900593976226679,11.963323593139648,19000,0.0,0.0
2019-12-05 00:00:00-05:00,11.91851569676188,12.052934702951577,11.91851569676188,11.999167442321777,13600,0.0,0.0
2019-12-06 00:00:00-05:00,12.06189697363848,12.160470860875941,11.972283727338782,11.990206718444824,27600,0.0,0.0
2019-12-09 00:00:00-05:00,12.035012720534485,12.25904497010741,11.954360973949798,12.223199844360352,33000,0.0,0.0
2019-12-10 00:00:00-05:00,12.21423897774798,12.259045600891113,12.133587227013393,12.259045600891113,33100,0.0,0.0
2019-12-11 00:00:00-05:00,12.223201098571684,12.393465249687063,12.160471481116295,12.294891357421875,33300,0.0,0.0
2019-12-12 00:00:00-05:00,12.26800600413896,12.608535136967769,12.26800600413896,12.5726900100708,25700,0.0,0.0
2019-12-13 00:00:00-05:00,12.447232973060336,12.662303742732782,12.438271477336833,12.653342247009277,20800,0.0,0.0
2019-12-16 00:00:00-05:00,12.760876206150815,12.886334568417347,12.599573574225474,12.733992576599121,45900,0.0,0.0
2019-12-17 00:00:00-05:00,12.707110404968262,12.778800661741444,12.608535660943678,12.707110404968262,14300,0.0,0.0
2019-12-18 00:00:00-05:00,12.707110322116268,12.904258099649459,12.644380706887283,12.868412971496582,23500,0.0,0.0
2019-12-19 00:00:00-05:00,12.778800496141145,12.877374384273036,12.7250323769504,12.859452247619629,20000,0.0,0.0
2019-12-20 00:00:00-05:00,12.859452956615863,12.913220224155763,12.760878208433866,12.904258728027344,109800,0.0,0.0
2019-12-23 00:00:00-05:00,12.993870283868453,12.993870283868453,12.492037676184916,12.590612411499023,39400,0.0,0.0
2019-12-24 00:00:00-05:00,12.635419339969719,12.6802251066255,12.590612718698718,12.66230297088623,7900,0.0,0.0
2019-12-26 00:00:00-05:00,12.635419641801146,12.671264768751161,12.456193152435835,12.465154647827148,17400,0.0,0.0
2019-12-27 00:00:00-05:00,12.51892309199002,12.51892309199002,12.411387708335997,12.429309844970703,17100,0.0,0.0
2019-12-30 00:00:00-05:00,12.474116833118785,12.536845595096812,12.303851829728016,12.447233200073242,21900,0.0,0.0
2019-12-31 00:00:00-05:00,12.47411519933553,12.47411519933553,12.268005094007316,12.35761833190918,28500,0.0,0.0
2020-01-02 00:00:00-05:00,12.438270994412298,12.46515462592376,12.061896734790876,12.303851127624512,34300,0.0,0.0
2020-01-03 00:00:00-05:00,12.196317197253554,12.339698576466693,12.1783950589865,12.276968955993652,23500,0.0,0.0
2020-01-06 00:00:00-05:00,12.250083389679,12.527882898629676,12.250083389679,12.492037773132324,20100,0.0,0.0
2020-01-07 00:00:00-05:00,12.420349336856901,12.563730714410758,12.339698433665477,12.483078956604004,66100,0.0,0.0
2020-01-08 00:00:00-05:00,12.51892276555979,12.527883406335864,12.366580762368416,12.465154647827148,34300,0.0,0.0
2020-01-09 00:00:00-05:00,12.518923420308493,12.518923420308493,12.348658417429512,12.393465042114258,35000,0.0,0.0
2020-01-10 00:00:00-05:00,12.366581067272444,12.38450320388171,12.160470941266686,12.268006324768066,20400,0.0,0.0
2020-01-13 00:00:00-05:00,12.23216033120903,12.429308947649426,12.23216033120903,12.375541687011719,19200,0.0,0.0
2020-01-14 00:00:00-05:00,12.339697474008162,12.420348370927373,12.196316107605064,12.32177448272705,23600,0.0,0.0
2020-01-15 00:00:00-05:00,12.276968208633422,12.375542954255177,12.151510684555241,12.178394317626953,15200,0.0,0.0
2020-01-16 00:00:00-05:00,12.250083723879072,12.41138722032535,12.23216073333383,12.348657608032227,11600,0.0,0.0
2020-01-17 00:00:00-05:00,12.402426901094413,12.438272030968633,12.196316763356169,12.411388397216797,51300,0.0,0.0
2020-01-21 00:00:00-05:00,12.348657972061167,12.420348227125057,12.30385134899242,12.366580963134766,17200,0.0,0.0
2020-01-22 00:00:00-05:00,12.24112338935277,12.429310534846252,12.24112338935277,12.411388397216797,24100,0.0,0.0
2020-01-23 00:00:00-05:00,12.357620275097812,12.52788442834653,12.27696851922699,12.411388397216797,26300,0.0,0.0
2020-01-24 00:00:00-05:00,12.420348737126698,12.420348737126698,12.294891212921005,12.33969783782959,19000,0.0,0.0
2020-01-27 00:00:00-05:00,12.205277242338992,12.357619245262674,12.205277242338992,12.303851127624512,18100,0.0,0.0
2020-01-28 00:00:00-05:00,12.402426745697161,12.402426745697161,12.241123235976584,12.294891357421875,11300,0.0,0.0
2020-01-29 00:00:00-05:00,12.285929315992593,12.294890811604857,12.205277564712743,12.268006324768066,8600,0.0,0.0
2020-01-30 00:00:00-05:00,12.214238123785691,12.23216025902076,12.124624883764765,12.160470008850098,19700,0.0,0.0
2020-01-31 00:00:00-05:00,12.061895663979282,12.061895663979282,11.748250190600666,11.757211685180664,37900,0.0,0.0
2020-02-03 00:00:00-05:00,11.855787521564672,11.927478635440561,11.793058758365483,11.810981750488281,26500,0.0,0.0
2020-02-04 00:00:00-05:00,11.918516465119623,11.936438601613219,11.721367835998535,11.721367835998535,41000,0.0,0.0
2020-02-05 00:00:00-05:00,11.810980320887083,12.052934702951577,11.793057330933683,11.999167442321777,41400,0.0,0.0
2020-02-06 00:00:00-05:00,12.062560414968717,12.062560414968717,11.953888800666185,11.962944984436035,25200,0.14,0.0
2020-02-07 00:00:00-05:00,11.863329081103075,11.88144058427574,11.7727689743042,11.7727689743042,15800,0.0,0.0
2020-02-10 00:00:00-05:00,11.772767929333394,11.82710416131878,11.69126401317787,11.781824111938477,11700,0.0,0.0
2020-02-11 00:00:00-05:00,11.845216346549378,11.881440215415319,11.75465624256195,11.799936294555664,28000,0.0,0.0
2020-02-12 00:00:00-05:00,11.881440398660333,11.981055823666727,11.772768790386493,11.790881156921387,13600,0.0,0.0
2020-02-13 00:00:00-05:00,11.872381983488726,11.917662027668532,11.781822758774123,11.890494346618652,9200,0.0,0.0
2020-02-14 00:00:00-05:00,11.953887860201402,11.953887860201402,11.78182470033733,11.808992385864258,20400,0.0,0.0
2020-02-18 00:00:00-05:00,11.790879521681392,11.845214886460123,11.736543293257606,11.763710975646973,8500,0.0,0.0
2020-02-19 00:00:00-05:00,11.763711018655075,11.899551158388642,11.655039425055254,11.682207107543945,14100,0.0,0.0
2020-02-20 00:00:00-05:00,11.700320792656994,11.73654466128012,11.61881687234367,11.655040740966797,12700,0.0,0.0
2020-02-21 00:00:00-05:00,11.763711430559365,11.763711430559365,11.555424418111173,11.573535919189453,28800,0.0,0.0
2020-02-24 00:00:00-05:00,11.310912453028873,11.582591873002972,11.310912453028873,11.519200325012207,24700,0.0,0.0
2020-02-25 00:00:00-05:00,11.455807354522042,11.555423626385119,11.18412881144644,11.256576538085938,22800,0.0,0.0
2020-02-26 00:00:00-05:00,11.33808262959847,11.38336181973283,10.993955429977138,11.003010749816895,21300,0.0,0.0
2020-02-27 00:00:00-05:00,10.966785998977944,11.211297751568093,10.061188450679827,10.468708038330078,69100,0.0,0.0
2020-02-28 00:00:00-05:00,10.106469046699404,10.477763923372976,10.006853621918378,10.269476890563965,64600,0.0,0.0
2020-03-02 00:00:00-05:00,10.486820522396785,10.94867552256102,10.450596651617936,10.921507835388184,63600,0.0,0.0
2020-03-03 00:00:00-05:00,10.885283516617688,10.885283516617688,10.323812247185467,10.423428535461426,54600,0.0,0.0
2020-03-04 00:00:00-05:00,10.568322820896146,10.821889877319336,10.278531899269641,10.821889877319336,33100,0.0,0.0
2020-03-05 00:00:00-05:00,10.840003126644438,10.840003126644438,10.360035793963078,10.523043632507324,38300,0.0,0.0
2020-03-06 00:00:00-05:00,10.378147719273873,10.568323234953436,10.088356786293623,10.251363754272461,46200,0.0,0.0
2020-03-09 00:00:00-04:00,10.278531832120184,10.314755697086847,9.30954193288308,9.526885986328125,60700,0.0,0.0
2020-03-10 00:00:00-04:00,9.689893773470256,9.852901611548464,9.436326697072596,9.608389854431152,70600,0.0,0.0
2020-03-11 00:00:00-04:00,9.508774640071609,9.635558612851487,9.264262877634378,9.291431427001953,63800,0.0,0.0
2020-03-12 00:00:00-04:00,9.146536099908287,9.182759969340502,8.259050003351293,8.28621768951416,69300,0.0,0.0
2020-03-13 00:00:00-04:00,8.603176981739876,9.146535873413086,8.358665221393387,9.146535873413086,77400,0.0,0.0
2020-03-16 00:00:00-04:00,7.70663511159862,8.43111330118534,7.70663511159862,7.733802795410156,60500,0.0,0.0
2020-03-17 00:00:00-04:00,7.869642100050899,8.992583685681,7.869642100050899,8.883912086486816,82900,0.0,0.0
2020-03-18 00:00:00-04:00,8.78429646964816,9.48160703003603,8.512617019319833,8.521673202514648,110000,0.0,0.0
2020-03-19 00:00:00-04:00,8.467337141057197,9.572165491492726,8.07792993184503,9.418213844299316,101400,0.0,0.0
2020-03-20 00:00:00-04:00,9.445381970693445,9.708005204733917,8.992583231751594,9.074087142944336,124000,0.0,0.0
2020-03-23 00:00:00-04:00,9.019750480856462,9.246149839448597,8.467336356803857,8.720903396606445,73900,0.0,0.0
2020-03-24 00:00:00-04:00,9.092198872329435,9.590277670435082,9.019751141366259,9.282374382019043,61700,0.0,0.0
2020-03-25 00:00:00-04:00,9.218983871863996,9.526887194965608,9.055976027011335,9.273319244384766,58500,0.0,0.0
2020-03-26 00:00:00-04:00,9.843845408262306,10.024964748171728,9.291431205627283,9.916293144226074,85900,0.0,0.0
2020-03-27 00:00:00-04:00,9.481605835262991,9.67178134016437,9.019750914267489,9.074087142944336,56700,0.0,0.0
2020-03-30 00:00:00-04:00,9.228039228716106,9.41821476059569,9.055976063513233,9.3457670211792,29400,0.0,0.0
2020-03-31 00:00:00-04:00,9.273319337031792,9.644614219665527,9.037863750702288,9.644614219665527,102500,0.0,0.0
2020-04-01 00:00:00-04:00,9.46349409185633,9.46349409185633,8.93824758932502,8.947303771972656,61100,0.0,0.0
2020-04-02 00:00:00-04:00,8.947303228001143,9.30954187543234,8.856743134320816,8.992583274841309,58400,0.0,0.0
2020-04-03 00:00:00-04:00,8.956361094430234,9.209928195317865,8.883913351319482,8.929192543029785,54800,0.0,0.0
2020-04-06 00:00:00-04:00,9.282375947106637,9.363879874093735,9.055976533762571,9.15559196472168,60200,0.0,0.0
2020-04-07 00:00:00-04:00,9.23709523461021,9.50877468402569,8.80240880646157,8.82957649230957,44300,0.0,0.0
2020-04-08 00:00:00-04:00,8.90202367006211,9.45443785364466,8.90202367006211,9.182759284973145,52200,0.0,0.0
2020-04-09 00:00:00-04:00,9.282373048069335,9.780451774597168,9.282373048069335,9.780451774597168,56600,0.0,0.0
2020-04-13 00:00:00-04:00,9.952515970271754,10.441538568653627,9.291430232900632,10.079299926757812,250200,0.0,0.0
2020-04-14 00:00:00-04:00,10.595490133044857,10.595490133044857,9.526885715125777,9.544997215270996,85500,0.0,0.0
2020-04-15 00:00:00-04:00,9.291431977325377,9.300488160984294,8.557897510212234,8.63940143585205,118100,0.0,0.0
2020-04-16 00:00:00-04:00,8.639400256965072,8.693736487858917,8.195657681971515,8.431113243103027,85500,0.0,0.0
2020-04-17 00:00:00-04:00,8.576008960663561,9.282374801281945,8.576008960663561,9.01975154876709,87000,0.0,0.0
2020-04-20 00:00:00-04:00,9.010694717883243,9.182758722048728,8.51261593311034,8.612232208251953,62000,0.0,0.0
2020-04-21 00:00:00-04:00,8.431113947086299,8.911080428203752,8.367721528476142,8.67562484741211,77400,0.0,0.0
2020-04-22 00:00:00-04:00,8.79335097859854,8.856742521602241,8.585063123001374,8.657511711120605,64200,0.0,0.0
2020-04-23 00:00:00-04:00,8.648457956005707,8.856745006393544,8.47639391437248,8.539786338806152,57900,0.0,0.0
2020-04-24 00:00:00-04:00,8.521671565488365,8.675623195645233,8.458280022592596,8.503560066223145,37900,0.0,0.0
2020-04-27 00:00:00-04:00,8.548841262521217,9.300488091322244,8.539785942575337,9.101256370544434,93800,0.0,0.0
2020-04-28 00:00:00-04:00,9.191814331589917,9.400102206864771,8.91107958864152,9.200870513916016,89800,0.0,0.0
2020-04-29 00:00:00-04:00,9.45443752915213,9.988740192852777,9.291430566272922,9.744229316711426,81900,0.0,0.0
2020-04-30 00:00:00-04:00,9.454438041989308,9.463494224764132,8.97447158231029,9.164647102355957,102800,0.0,0.0
2020-05-01 00:00:00-04:00,8.99258354803203,9.155590512505619,8.838631902285524,8.965415000915527,110500,0.0,0.0
2020-05-04 00:00:00-04:00,8.838632080997936,9.074087645564566,8.766184347845913,8.95635986328125,85100,0.0,0.0
2020-05-05 00:00:00-04:00,9.06503203257985,9.499718458804042,8.748072532390843,8.757128715515137,87900,0.0,0.0
2020-05-06 00:00:00-04:00,8.766185787232082,8.784297291671402,8.376778509866408,8.385834693908691,87600,0.0,0.0
2020-05-07 00:00:00-04:00,8.52375743088483,8.772021742176143,8.404222437706526,8.486976623535156,77300,0.14,0.0
2020-05-08 00:00:00-04:00,8.707658665522054,8.965118225437719,8.707658665522054,8.863973617553711,77900,0.0,0.0
2020-05-11 00:00:00-04:00,8.762827364917314,8.882362369343815,8.523758232967108,8.551342964172363,100800,0.0,0.0
2020-05-12 00:00:00-04:00,8.5513438204791,8.5513438204791,8.119178896107982,8.128374099731445,63300,0.0,0.0
2020-05-13 00:00:00-04:00,8.100788269241034,8.17434813446592,7.852523066429975,8.036422729492188,99000,0.0,0.0
2020-05-14 00:00:00-04:00,7.8709133003916,8.10998241873338,7.668623236961405,8.018033027648926,62900,0.0,0.0
2020-05-15 00:00:00-04:00,7.99964363481877,8.119178647555838,7.889303825423673,8.109983444213867,27000,0.0,0.0
2020-05-18 00:00:00-04:00,8.339857583728486,8.95592212677002,8.339857583728486,8.95592212677002,61700,0.0,0.0
2020-05-19 00:00:00-04:00,8.82719331239469,8.836387638616904,8.385833208323538,8.422613143920898,61000,0.0,0.0
2020-05-20 00:00:00-04:00,8.62490209762463,8.86397208612212,8.588122166848304,8.735241889953613,72600,0.0,0.0
2020-05-21 00:00:00-04:00,8.652487787113676,8.900753005094286,8.652487787113676,8.817997932434082,81000,0.0,0.0
2020-05-22 00:00:00-04:00,8.900752094889947,8.900752094889947,8.293882793311584,8.578927040100098,79900,0.0,0.0
2020-05-26 00:00:00-04:00,8.95592259557094,8.97431300171228,8.726047780221155,8.827193260192871,87200,0.0,0.0
2020-05-27 00:00:00-04:00,9.011091784752146,9.332915958945216,8.799606525685645,9.305331230163574,93300,0.0,0.0
2020-05-28 00:00:00-04:00,9.332916906404503,9.332916906404503,8.882362490653179,8.891557693481445,53300,0.0,0.0
2020-05-29 00:00:00-04:00,8.716852453892582,8.99270240379232,8.615707852253898,8.817997932434082,53700,0.0,0.0
2020-06-01 00:00:00-04:00,8.836386973726906,8.836386973726906,8.514562780691234,8.532952308654785,48200,0.0,0.0
2020-06-02 00:00:00-04:00,8.652487894643148,8.909947441861188,8.459393015003911,8.744438171386719,52300,0.0,0.0
2020-06-03 00:00:00-04:00,8.937532758815076,9.32372250546715,8.937532758815076,9.130627632141113,46800,0.0,0.0
2020-06-04 00:00:00-04:00,9.020287667992646,9.21338253785496,8.882362259860832,8.95592212677002,56600,0.0,0.0
2020-06-05 00:00:00-04:00,9.360502557714614,9.617962099764304,9.139822073340643,9.470842361450195,75300,0.0,0.0
2020-06-08 00:00:00-04:00,9.516818196806664,9.516818196806664,9.286943369607496,9.369697570800781,86000,0.0,0.0
2020-06-09 00:00:00-04:00,9.139821602590008,9.351306873201,8.955921939169208,9.185796737670898,38700,0.0,0.0
2020-06-10 00:00:00-04:00,9.12143261425295,9.12143261425295,8.817997932434082,8.817997932434082,65000,0.0,0.0
2020-06-11 00:00:00-04:00,8.551343880153718,8.615708552161365,8.064009484446768,8.22032356262207,85200,0.0,0.0
2020-06-12 00:00:00-04:00,8.597318063285401,8.597318063285401,8.128373250327407,8.385832786560059,78200,0.0,0.0
2020-06-15 00:00:00-04:00,8.220323763161852,8.707659047660531,8.192739028328898,8.569733619689941,48800,0.0,0.0
2020-06-16 00:00:00-04:00,8.863972855342208,9.02028779393237,8.69846271403432,8.965117454528809,83000,0.0,0.0
2020-06-17 00:00:00-04:00,8.974313614038053,8.974313614038053,8.303078651428223,8.303078651428223,37200,0.0,0.0
2020-06-18 00:00:00-04:00,8.27549291849278,8.551342857823096,8.266297715904454,8.293883323669434,41900,0.0,0.0
2020-06-19 00:00:00-04:00,8.413418038159351,8.413418038159351,8.04561867792943,8.266298294067383,94200,0.0,0.0
2020-06-22 00:00:00-04:00,8.146762865666023,8.330663413268422,8.064008671528304,8.229517936706543,27000,0.0,0.0
2020-06-23 00:00:00-04:00,8.330665047649644,8.367444989005367,8.155959668532727,8.201934814453125,25700,0.0,0.0
2020-06-24 00:00:00-04:00,8.137569293239878,8.192738761106323,8.008839073380035,8.045619010925293,60800,0.0,0.0
2020-06-25 00:00:00-04:00,8.018034089126894,8.496173266012283,8.018034089126894,8.441003799438477,71700,0.0,0.0
2020-06-26 00:00:00-04:00,8.312273356468198,8.312273356468198,7.972058732175366,8.091593742370605,115700,0.0,0.0
2020-06-29 00:00:00-04:00,8.201934338538084,8.468589117120253,8.137569664126055,8.413418769836426,55900,0.0,0.0
2020-06-30 00:00:00-04:00,8.358247846938594,8.680072039974265,8.358247846938594,8.532952308654785,31400,0.0,0.0
2020-07-01 00:00:00-04:00,8.514564012774349,8.514564012774349,8.137569427490234,8.137569427490234,22300,0.0,0.0
2020-07-02 00:00:00-04:00,8.385833082222053,8.422613017266336,7.953668187774604,7.999643325805664,35900,0.0,0.0
2020-07-06 00:00:00-04:00,8.165152857193432,8.275492654018684,7.880107724384465,7.990447521209717,39700,0.0,0.0
2020-07-07 00:00:00-04:00,7.9536680167956755,7.962863219584784,7.687013274231155,7.696208477020264,30800,0.0,0.0
2020-07-08 00:00:00-04:00,7.732988167383933,7.962862968444824,7.530698096917572,7.962862968444824,63600,0.0,0.0
2020-07-09 00:00:00-04:00,7.889303599539268,8.266298156737555,7.705403922479473,7.760573387145996,87400,0.0,0.0
2020-07-10 00:00:00-04:00,7.8341351659811505,7.916889373872829,7.659429792102958,7.8893046379089355,40000,0.0,0.0
2020-07-13 00:00:00-04:00,7.9720587179471645,8.192738331650897,7.815743772347978,8.008838653564453,38700,0.0,0.0
2020-07-14 00:00:00-04:00,8.045618182344702,8.201933120039623,7.898498447314846,8.054813385009766,22500,0.0,0.0
2020-07-15 00:00:00-04:00,8.275493497298843,8.44100364785373,8.02722827146651,8.266298294067383,68400,0.0,0.0
2020-07-16 00:00:00-04:00,8.201932886118135,8.2662975491323,8.054813155284174,8.11917781829834,24500,0.0,0.0
2020-07-17 00:00:00-04:00,8.082398539224164,8.201933549419401,8.07320333607772,8.091593742370605,35800,0.0,0.0
2020-07-20 00:00:00-04:00,8.064009658808985,8.082399189678982,7.843329150048642,7.981254577636719,25600,0.0,0.0
2020-07-21 00:00:00-04:00,7.981253450888595,8.312272851943304,7.981253450888595,8.293883323669434,20800,0.0,0.0
2020-07-22 00:00:00-04:00,8.183543739939944,8.266298820487453,8.10998386320947,8.146763801574707,50900,0.0,0.0
2020-07-23 00:00:00-04:00,8.091592589029112,8.275492241231492,8.091592589029112,8.238712310791016,13100,0.0,0.0
2020-07-24 00:00:00-04:00,8.247908450669318,8.275493182411235,8.10998303815411,8.15595817565918,17500,0.0,0.0
2020-07-27 00:00:00-04:00,8.128374019834677,8.128374019834677,7.852524052162353,7.870914459228516,17400,0.0,0.0
2020-07-28 00:00:00-04:00,7.907693794458343,7.99964319208058,7.57667350769043,7.57667350769043,31400,0.0,0.0
2020-07-29 00:00:00-04:00,7.650233339977525,7.87091382240211,7.5582839427948505,7.696208477020264,33300,0.0,0.0
2020-07-30 00:00:00-04:00,7.558284254490217,7.641039329199314,7.355994169301627,7.3927741050720215,78000,0.0,0.0
2020-07-31 00:00:00-04:00,7.365189496441333,7.438749369220288,7.236459280626736,7.4019694328308105,73800,0.0,0.0
2020-08-03 00:00:00-04:00,7.420359447905543,7.512309733344706,7.401969916959457,7.484724998474121,54600,0.0,0.0
2020-08-04 00:00:00-04:00,7.5215037475809154,7.549088478088379,7.41116394864829,7.549088478088379,31900,0.0,0.0
2020-08-05 00:00:00-04:00,7.567478981597746,7.714599609375,7.49391910616056,7.714599609375,40600,0.0,0.0
2020-08-06 00:00:00-04:00,7.817460649953755,7.817460649953755,7.574334551099449,7.686546802520752,32800,0.14,0.0
2020-08-07 00:00:00-04:00,7.6771935302202,8.08863834338986,7.667842288793206,8.069936752319336,28300,0.0,0.0
2020-08-10 00:00:00-04:00,8.069939516465675,8.341119368249826,8.069939516465675,8.16344928741455,44000,0.0,0.0
2020-08-11 00:00:00-04:00,8.275660940351385,8.509436663053021,8.228905617454336,8.285011291503906,62900,0.0,0.0
2020-08-12 00:00:00-04:00,8.406574301751062,8.425276786571974,8.191501077011932,8.29436206817627,23300,0.0,0.0
2020-08-13 00:00:00-04:00,8.238256005870058,8.238256005870058,8.041884383498159,8.060585975646973,23600,0.0,0.0
2020-08-14 00:00:00-04:00,7.98577920889067,8.182150865329936,7.98577920889067,8.088640213012695,10400,0.0,0.0
2020-08-17 00:00:00-04:00,8.08863978765341,8.144746354449998,7.948374708337377,8.079289436340332,18600,0.0,0.0
2020-08-18 00:00:00-04:00,8.041885523706906,8.041885523706906,7.6958966561713025,7.723950386047363,26100,0.0,0.0
2020-08-19 00:00:00-04:00,7.6865462632265,7.9857789126889065,7.6865462632265,7.798758506774902,20800,0.0,0.0
2020-08-20 00:00:00-04:00,7.742651489032945,7.780055568041468,7.639790494705403,7.658492088317871,41600,0.0,0.0
2020-08-21 00:00:00-04:00,7.686546379715054,7.9109708702129815,7.555631647699437,7.564982891082764,41800,0.0,0.0
2020-08-24 00:00:00-04:00,7.574333582310469,7.929671887136823,7.574333582310469,7.714598655700684,37300,0.0,0.0
2020-08-25 00:00:00-04:00,7.723949933399681,7.723949933399681,7.555631131141899,7.583683967590332,23300,0.0,0.0
2020-08-26 00:00:00-04:00,7.5649828809440365,7.621088557601498,7.536930042615306,7.555631637573242,33600,0.0,0.0
2020-08-27 00:00:00-04:00,7.621088567815419,7.705247974698056,7.564982891082764,7.564982891082764,23000,0.0,0.0
2020-08-28 00:00:00-04:00,7.583684423350926,7.639790991403249,7.536929990388242,7.62108850479126,36600,0.0,0.0
2020-08-31 00:00:00-04:00,7.583684423350926,7.7052479109779215,7.546280341910592,7.62108850479126,40300,0.0,0.0
2020-09-01 00:00:00-04:00,7.574334134466091,7.686546379715054,7.527578809333109,7.564982891082764,33600,0.0,0.0
2020-09-02 00:00:00-04:00,7.5649824441001625,7.742651598967394,7.527578364560556,7.536929607391357,24300,0.0,0.0
2020-09-03 00:00:00-04:00,7.536930042615306,7.630439800972292,7.490174717544987,7.555631637573242,31900,0.0,0.0
2020-09-04 00:00:00-04:00,7.630439748097254,7.714599154283917,7.546280341910592,7.62108850479126,24500,0.0,0.0
2020-09-08 00:00:00-04:00,7.536930042615306,7.705247964371342,7.499525960915781,7.555631637573242,26000,0.0,0.0
2020-09-09 00:00:00-04:00,7.564982828522582,7.639790991403249,7.527578747082248,7.62108850479126,24700,0.0,0.0
2020-09-10 00:00:00-04:00,7.630438799565532,7.695895711003325,7.62108755742198,7.677194118499756,21100,0.0,0.0
2020-09-11 00:00:00-04:00,7.6771951157279945,7.714599197377265,7.536930032489141,7.546280384063721,21800,0.0,0.0
2020-09-14 00:00:00-04:00,7.5556320633040475,7.705248398532452,7.5556320633040475,7.686546802520752,20600,0.0,0.0
2020-09-15 00:00:00-04:00,7.723949994132096,7.733301236949632,7.508875868246764,7.527578353881836,25500,0.0,0.0
2020-09-16 00:00:00-04:00,7.593035210334341,7.6210880467827735,7.527578294693466,7.583683967590332,20200,0.0,0.0
2020-09-17 00:00:00-04:00,7.593035172998853,7.686545816411955,7.574333579386385,7.658492088317871,20200,0.0,0.0
2020-09-18 00:00:00-04:00,7.7052479000518455,7.798758549411904,7.602386899182696,7.667843818664551,69500,0.0,0.0
2020-09-21 00:00:00-04:00,7.555631605398838,7.6865463366815225,7.555631605398838,7.639791011810303,67800,0.0,0.0
2020-09-22 00:00:00-04:00,7.630439900143041,7.686546469313356,7.37796212244395,7.387313365936279,31200,0.0,0.0
2020-09-23 00:00:00-04:00,7.406014948540439,7.508875945237198,7.293802708930264,7.349908828735352,53800,0.0,0.0
2020-09-24 00:00:00-04:00,7.377961665691993,7.508875945237198,7.22834534621176,7.349908828735352,37800,0.0,0.0
2020-09-25 00:00:00-04:00,7.359259596682251,7.4621210388644315,7.340557556821109,7.406014919281006,22800,0.0,0.0
2020-09-28 00:00:00-04:00,7.4247177699791935,7.742652482339553,7.415366526081493,7.686546802520752,31400,0.0,0.0
2020-09-29 00:00:00-04:00,7.695895806952067,7.705247049212206,7.368610353899125,7.49952507019043,25500,0.0,0.0
2020-09-30 00:00:00-04:00,7.527578362365318,7.621088115295265,7.368610801422449,7.480823040008545,17800,0.0,0.0
2020-10-01 00:00:00-04:00,7.480823549413631,7.490174792878476,7.3125051800728835,7.424717426300049,27400,0.0,0.0
2020-10-02 00:00:00-04:00,7.340557510557312,7.602386512854926,7.32185547081404,7.527578353881836,20700,0.0,0.0
2020-10-05 00:00:00-04:00,7.639789937856166,8.041884426727602,7.574333027308173,7.995129108428955,38200,0.0,0.0
2020-10-06 00:00:00-04:00,8.041885012884716,8.210202922531275,7.630439252007376,7.658492088317871,44900,0.0,0.0
2020-10-07 00:00:00-04:00,7.780054998363781,7.910969711199458,7.695895603811096,7.892267227172852,30200,0.0,0.0
2020-10-08 00:00:00-04:00,7.9857774056024455,7.9857774056024455,7.77070420233615,7.910969257354736,15800,0.0,0.0
2020-10-09 00:00:00-04:00,8.004481367379505,8.004481367379505,7.677194989492201,7.82681131362915,14900,0.0,0.0
2020-10-12 00:00:00-04:00,7.8174591898925465,7.873565751016067,7.695895717277864,7.733300685882568,19300,0.0,0.0
2020-10-13 00:00:00-04:00,7.677195126042611,7.705247964371342,7.527578799244512,7.555631637573242,18400,0.0,0.0
2020-10-14 00:00:00-04:00,7.6117377472000385,7.6117377472000385,7.48082302325105,7.574333667755127,18100,0.0,0.0
2020-10-15 00:00:00-04:00,7.564982776436487,7.808109750016512,7.536929938495296,7.798758506774902,14700,0.0,0.0
2020-10-16 00:00:00-04:00,7.948375574790164,8.191502571105957,7.948375574790164,8.191502571105957,31100,0.0,0.0
2020-10-19 00:00:00-04:00,8.256958153689034,8.256958153689034,7.892267718517572,7.957725524902344,20700,0.0,0.0
2020-10-20 00:00:00-04:00,7.9857788498013305,7.9857788498013305,7.864215363968624,7.967077255249023,9700,0.0,0.0
2020-10-21 00:00:00-04:00,8.023182829714806,8.16344790833453,7.910970588462302,8.154097557067871,14400,0.0,0.0
2020-10-22 00:00:00-04:00,8.16344818351176,8.51878740534777,8.060587181842251,8.481383323669434,47400,0.0,0.0
2020-10-23 00:00:00-04:00,8.556191205825954,9.173359870910645,8.546840854551409,9.173359870910645,58000,0.0,0.0
2020-10-26 00:00:00-04:00,9.098552306191024,9.173361371106887,8.976989693689193,9.051797866821289,52200,0.0,0.0
2020-10-27 00:00:00-04:00,9.014391862618313,9.126604098445481,8.939583705400201,9.089200019836426,32600,0.0,0.0
2020-10-28 00:00:00-04:00,8.939584734939816,9.107902662173345,8.81802124251446,8.883478164672852,40400,0.0,0.0
2020-10-29 00:00:00-04:00,8.827371151432532,8.855424881050068,8.612297908399908,8.799318313598633,21500,0.0,0.0
2020-10-30 00:00:00-04:00,8.705808726302166,8.743212808069778,8.481383343912844,8.500085830688477,40900,0.0,0.0
2020-11-02 00:00:00-05:00,8.565542708074883,8.64970211457778,8.481383301571986,8.574893951416016,28400,0.0,0.0
2020-11-03 00:00:00-05:00,8.64970242349725,8.930233491264708,8.565543013988645,8.883478164672852,64300,0.0,0.0
2020-11-04 00:00:00-05:00,8.79931870831913,9.023743204624852,8.659053621073975,9.014392852783203,27700,0.0,0.0
2020-11-05 00:00:00-05:00,9.0049027579682,9.412922887303601,8.96694746023414,9.232634544372559,34200,0.14,0.0
2020-11-06 00:00:00-05:00,9.204167488737008,9.223145588399692,8.786659250339557,8.796148300170898,31500,0.0,0.0
2020-11-09 00:00:00-05:00,8.91950404821098,9.830432194383974,8.91950404821098,9.25161361694336,85200,0.0,0.0
2020-11-10 00:00:00-05:00,9.365478344991242,10.10560708794379,9.14723561377056,9.906341552734375,50100,0.0,0.0
2020-11-11 00:00:00-05:00,9.85889811024338,9.906341552734375,9.593210126680386,9.906341552734375,23500,0.0,0.0
2020-11-12 00:00:00-05:00,9.811453876756673,9.877875420955874,9.412922801710124,9.612188339233398,14500,0.0,0.0
2020-11-13 00:00:00-05:00,9.72605321063334,9.99174026447148,9.697586966810647,9.88736343383789,22800,0.0,0.0
2020-11-16 00:00:00-05:00,9.944297725944379,10.3997622343825,9.906342425651681,10.15305233001709,68900,0.0,0.0
2020-11-17 00:00:00-05:00,9.972763955549746,10.181517635348742,9.944296804274346,10.115096092224121,17200,0.0,0.0
2020-11-18 00:00:00-05:00,10.200495788029261,10.342827925426848,9.877875311340695,9.963274955749512,36100,0.0,0.0
2020-11-19 00:00:00-05:00,10.077141853004456,10.077141853004456,9.81145474769753,9.896854400634766,27100,0.0,0.0
2020-11-20 00:00:00-05:00,9.80196573828974,10.086630947658739,9.716566084986466,9.773499488830566,34200,0.0,0.0
2020-11-23 00:00:00-05:00,9.820943782669731,10.001231234737464,9.77349943057009,9.934809684753418,37900,0.0,0.0
2020-11-24 00:00:00-05:00,9.934808596869463,10.49464989950468,9.934808596869463,10.456694602966309,40500,0.0,0.0
2020-11-25 00:00:00-05:00,10.43771557653346,10.43771557653346,10.143561375754812,10.29538345336914,32100,0.0,0.0
2020-11-27 00:00:00-05:00,10.124585126481136,10.200495719909668,9.877875245375582,10.200495719909668,16600,0.0,0.0
2020-11-30 00:00:00-05:00,10.09611804800511,10.191005829506828,9.631164570422042,9.650142669677734,27700,0.0,0.0
2020-12-01 00:00:00-05:00,9.877875319096521,10.04867460804826,9.716565080625582,9.868386268615723,30300,0.0,0.0
2020-12-02 00:00:00-05:00,9.792474684307468,10.143561372260677,9.792474684307468,10.105606079101562,17200,0.0,0.0
2020-12-03 00:00:00-05:00,10.010719320138767,10.124585211234743,9.820942834978807,9.877875328063965,16000,0.0,0.0
2020-12-04 00:00:00-05:00,9.877874294906198,10.266916275024414,9.877874294906198,10.266916275024414,29700,0.0,0.0
2020-12-07 00:00:00-05:00,10.048674515211934,10.24794004883946,9.839919931191274,10.181517601013184,21200,0.0,0.0
2020-12-08 00:00:00-05:00,10.067651700911764,10.342827827555327,10.067651700911764,10.323850631713867,32100,0.0,0.0
2020-12-09 00:00:00-05:00,10.342827784033666,10.580048613070453,10.342827784033666,10.532605171203613,26800,0.0,0.0
2020-12-10 00:00:00-05:00,10.532605146719659,10.62749293515841,10.43771645335526,10.608515739440918,21600,0.0,0.0
2020-12-11 00:00:00-05:00,10.580048613070453,10.6654482563118,10.39976118116978,10.532605171203613,17700,0.0,0.0
2020-12-14 00:00:00-05:00,10.674938272479439,10.912159122978982,10.475672721862793,10.475672721862793,41000,0.0,0.0
2020-12-15 00:00:00-05:00,10.428228317042526,10.81727036506898,10.428228317042526,10.636982917785645,31300,0.0,0.0
2020-12-16 00:00:00-05:00,10.665450077319713,10.807783141998975,10.636983826354182,10.703405380249023,25500,0.0,0.0
2020-12-17 00:00:00-05:00,10.665448192063932,10.76982593536377,10.636981946130177,10.76982593536377,15200,0.0,0.0
2020-12-18 00:00:00-05:00,10.836247631998475,10.912158225521091,10.115096088607967,10.162540435791016,112400,0.0,0.0
2020-12-21 00:00:00-05:00,10.11509605677713,10.342827836628336,9.972763920601539,10.33333969116211,28100,0.0,0.0
2020-12-22 00:00:00-05:00,10.428227529945437,10.428227529945437,9.944296816763728,10.077140808105469,29100,0.0,0.0
2020-12-23 00:00:00-05:00,10.200495716368785,10.304872556065371,10.153051369261009,10.247940063476562,28400,0.0,0.0
2020-12-24 00:00:00-05:00,10.257429117443893,10.257429117443893,9.99174113551838,10.200495719909668,15800,0.0,0.0
2020-12-28 00:00:00-05:00,10.323851577192523,10.437717477446304,10.20049662568616,10.314362525939941,26000,0.0,0.0
2020-12-29 00:00:00-05:00,10.276407225855348,10.456695579951468,10.257430028275918,10.314362525939941,35600,0.0,0.0
2020-12-30 00:00:00-05:00,10.399762138440051,10.532606140701821,10.342828736063371,10.494650840759277,15300,0.0,0.0
2020-12-31 00:00:00-05:00,10.447206449301857,10.58953859730595,10.447206449301857,10.504138946533203,28300,0.0,0.0
2021-01-04 00:00:00-05:00,10.551582366965219,10.750847899553147,10.504138020172732,10.532605171203613,35900,0.0,0.0
2021-01-05 00:00:00-05:00,10.57056040072321,10.845736524466533,10.57056040072321,10.665448188781738,26100,0.0,0.0
2021-01-06 00:00:00-05:00,10.893179830729638,11.604842304494486,10.78880299368402,11.177845001220703,96400,0.0,0.0
2021-01-07 00:00:00-05:00,11.234779247901098,11.566887884514053,11.196823949290312,11.49097728729248,40300,0.0,0.0
2021-01-08 00:00:00-05:00,11.595354142554221,11.595354142554221,11.016534752240052,11.310688972473145,32700,0.0,0.0
2021-01-11 00:00:00-05:00,11.263245591064283,11.329667137964542,11.158868745231633,11.272734642028809,29000,0.0,0.0
2021-01-12 00:00:00-05:00,11.234779222434794,11.78513150350654,11.187334873047432,11.623821258544922,34500,0.0,0.0
2021-01-13 00:00:00-05:00,11.538421651387582,11.614332248705209,11.348645158093516,11.453022003173828,32600,0.0,0.0
2021-01-14 00:00:00-05:00,11.453021043462238,11.614331275476548,11.453021043462238,11.595354080200195,28400,0.0,0.0
2021-01-15 00:00:00-05:00,11.405577602808544,11.652286570954878,11.196823025214915,11.595354080200195,38000,0.0,0.0
2021-01-19 00:00:00-05:00,11.576376990709521,11.709220988944844,11.348645197956714,11.443533897399902,29400,0.0,0.0
2021-01-20 00:00:00-05:00,11.405578610978921,11.42455580793272,11.063980016553487,11.348645210266113,25900,0.0,0.0
2021-01-21 00:00:00-05:00,11.26324559953373,11.490977393299325,10.997558506807204,11.28222370147705,61100,0.0,0.0
2021-01-22 00:00:00-05:00,11.25375554023088,11.56688695483357,11.149378703671859,11.471999168395996,40500,0.0,0.0
2021-01-25 00:00:00-05:00,11.472000155366684,11.481489206304502,11.139890611948719,11.291711807250977,32400,0.0,0.0
2021-01-26 00:00:00-05:00,11.4245549679159,11.4245549679159,10.969091415405273,10.969091415405273,35900,0.0,0.0
2021-01-27 00:00:00-05:00,10.90267008891019,11.054491288680365,10.456695540816733,10.494650840759277,47000,0.0,0.0
2021-01-28 00:00:00-05:00,10.494650824267108,10.561072372830745,10.437717421979896,10.475672721862793,34000,0.0,0.0
2021-01-29 00:00:00-05:00,10.627492821803123,10.969091390330867,10.437716342024174,10.893179893493652,58200,0.0,0.0
2021-02-01 00:00:00-05:00,10.807782026268667,11.538421758462475,10.77931487331611,11.244268417358398,89900,0.0,0.0
2021-02-02 00:00:00-05:00,11.177052064674628,11.436313097804598,10.898586035741534,11.301881790161133,42000,0.14,0.0
2021-02-03 00:00:00-05:00,11.29227892373531,11.589949023012444,11.225062356362592,11.445915222167969,68400,0.0,0.0
2021-02-04 00:00:00-05:00,11.46511868715704,11.983641624450684,11.46511868715704,11.983641624450684,42900,0.0,0.0
2021-02-05 00:00:00-05:00,12.002847876638468,12.098871025949423,11.810802493761175,12.050859451293945,56900,0.0,0.0
2021-02-08 00:00:00-05:00,12.233302201791117,12.61739387907367,12.079665897175941,12.482961654663086,57300,0.0,0.0
2021-02-09 00:00:00-05:00,12.348529382022756,12.521370681912067,12.25250714988561,12.473359107971191,34600,0.0,0.0
2021-02-10 00:00:00-05:00,12.569382844766315,12.569382844766315,12.338928377946152,12.377337455749512,37800,0.0,0.0
2021-02-11 00:00:00-05:00,12.48296064489028,12.48296064489028,12.10847149587554,12.242903709411621,32000,0.0,0.0
2021-02-12 00:00:00-05:00,12.214096616227565,12.482960116167325,12.185289125854217,12.348527908325195,65000,0.0,0.0
2021-02-16 00:00:00-05:00,12.37733655694975,12.665404161684148,12.358131561570346,12.626995086669922,54900,0.0,0.0
2021-02-17 00:00:00-05:00,12.963075118085289,12.963075118085289,12.578984369773185,12.60779094696045,30900,0.0,0.0
2021-02-18 00:00:00-05:00,12.607791604231446,12.626995684775911,12.300518989562988,12.300518989562988,36200,0.0,0.0
2021-02-19 00:00:00-05:00,12.319723054263054,12.617394086148757,12.290916475611091,12.530973434448242,26500,0.0,0.0
2021-02-22 00:00:00-05:00,12.51176770451284,12.703813077172388,12.51176770451284,12.58858585357666,41000,0.0,0.0
2021-02-23 00:00:00-05:00,12.65580267781783,13.049495928700791,12.502166376570292,12.646200180053711,49800,0.0,0.0
2021-02-24 00:00:00-05:00,12.675006721196535,13.587222944042177,12.675006721196535,13.558416366577148,74200,0.0,0.0
2021-02-25 00:00:00-05:00,13.616030635339287,13.673643791107505,12.915063858032227,12.915063858032227,59300,0.0,0.0
2021-02-26 00:00:00-05:00,12.86705235466555,13.174325878171008,12.694211970672374,12.703813552856445,39100,0.0,0.0
2021-03-01 00:00:00-05:00,13.174324736094091,13.721654250156485,13.174324736094091,13.568017959594727,83600,0.0,0.0
2021-03-02 00:00:00-05:00,13.568018759627023,13.568018759627023,13.135916438007223,13.299155235290527,62300,0.0,0.0
2021-03-03 00:00:00-05:00,13.654439349384269,13.923302872584314,13.52000712991196,13.75046157836914,101800,0.0,0.0
2021-03-04 00:00:00-05:00,13.731257502497733,14.211371394782658,13.37597333209624,13.520007133483887,85900,0.0,0.0
2021-03-05 00:00:00-05:00,14.374609577767295,14.374609577767295,13.827279141221695,14.288188934326172,76400,0.0,0.0
2021-03-08 00:00:00-05:00,14.633871627676696,15.507678789634227,14.595462551845968,15.229212760925293,185000,0.0,0.0
2021-03-09 00:00:00-05:00,15.133190673379403,15.152394753605403,14.259383503097991,14.566656112670898,111100,0.0,0.0
2021-03-10 00:00:00-05:00,14.509041759566728,15.05637222945133,14.30739388450284,14.960349082946777,45100,0.0,0.0
2021-03-11 00:00:00-05:00,14.893133897038187,15.075576782226562,14.739497590407003,15.075576782226562,75800,0.0,0.0
2021-03-12 00:00:00-05:00,15.219611810244182,15.354043123357044,14.77790696199198,15.142793655395508,59500,0.0,0.0
2021-03-15 00:00:00-04:00,14.797109720376044,14.979553508644656,13.539211860342077,13.683245658874512,176400,0.0,0.0
2021-03-16 00:00:00-04:00,13.798472991385458,13.798472991385458,13.539211968801288,13.712052345275879,56000,0.0,0.0
2021-03-17 00:00:00-04:00,13.990519434781735,13.990519434781735,13.48159893238827,13.731258392333984,38700,0.0,0.0
2021-03-18 00:00:00-04:00,13.808076013365069,14.124951117306265,13.721655363972998,13.836882591247559,50600,0.0,0.0
2021-03-19 00:00:00-04:00,13.894495815845797,14.249779973889542,13.635233883472377,13.86568832397461,182000,0.0,0.0
2021-03-22 00:00:00-04:00,14.048132814946436,14.816315237606338,14.048132814946436,14.720292091369629,172900,0.0,0.0
2021-03-23 00:00:00-04:00,14.989154861285437,14.989154861285437,13.625631381802046,13.635233879089355,63200,0.0,0.0
2021-03-24 00:00:00-04:00,13.856086788755622,14.163359377119276,12.86705154240715,12.963074684143066,141400,0.0,0.0
2021-03-25 00:00:00-04:00,13.107109528585896,13.299155827406995,12.761427839048235,13.212735176086426,68500,0.0,0.0
2021-03-26 00:00:00-04:00,13.35676845007862,13.673643548413393,12.924666126507985,13.318359375,77600,0.0,0.0
2021-03-29 00:00:00-04:00,12.991881844011397,13.251143788898686,12.790233969902813,13.107109069824219,70400,0.0,0.0
2021-03-30 00:00:00-04:00,13.260745844966692,13.81767787571746,13.1167111306897,13.683245658874512,68500,0.0,0.0
2021-03-31 00:00:00-04:00,13.635235179868234,13.84648556161925,13.183927837500718,13.251144409179688,127600,0.0,0.0
2021-04-01 00:00:00-04:00,13.23193893205578,13.539212453187982,13.174325776417904,13.366371154785156,45600,0.0,0.0
2021-04-05 00:00:00-04:00,13.596825680039803,13.596825680039803,13.03029112408071,13.155120849609375,92100,0.0,0.0
2021-04-06 00:00:00-04:00,13.12631430929294,13.452791913036023,13.10710931342824,13.395177841186523,62600,0.0,0.0
2021-04-07 00:00:00-04:00,13.491201387957442,13.60642861931912,12.972678388957577,13.020689964294434,55900,0.0,0.0
2021-04-08 00:00:00-04:00,12.96307541137661,13.155120789877714,12.799836610714522,13.135916709899902,31500,0.0,0.0
2021-04-09 00:00:00-04:00,13.11671187088222,13.260746593287275,13.068700296747203,13.174325942993164,37200,0.0,0.0
2021-04-12 00:00:00-04:00,13.66404127184179,13.66404127184179,13.02068948279924,13.135916709899902,45800,0.0,0.0
2021-04-13 00:00:00-04:00,13.10710901558519,13.10710901558519,12.732620762179351,12.857450485229492,46000,0.0,0.0
2021-04-14 00:00:00-04:00,12.857449911825773,13.193529075131488,12.857449911825773,12.953472137451172,42400,0.0,0.0
2021-04-15 00:00:00-04:00,12.953473236898379,13.001484811658413,12.675007202183734,12.982280731201172,54800,0.0,0.0
2021-04-16 00:00:00-04:00,13.097507060150592,13.164722710743844,12.86705170030527,13.001483917236328,33500,0.0,0.0
2021-04-19 00:00:00-04:00,13.135916769544368,13.375973722696891,12.819041664642604,13.155120849609375,85800,0.0,0.0
2021-04-20 00:00:00-04:00,13.011086575460498,13.011086575460498,12.626994914801605,12.809438705444336,66200,0.0,0.0
2021-04-21 00:00:00-04:00,12.809439687778642,13.08790572813276,12.809439687778642,13.0494966506958,35600,0.0,0.0
2021-04-22 00:00:00-04:00,13.03989283123398,13.308756346052178,12.895859034374654,12.963074684143066,60000,0.0,0.0
2021-04-23 00:00:00-04:00,13.001484228810124,13.520007198335257,13.001484228810124,13.308756828308105,91900,0.0,0.0
2021-04-26 00:00:00-04:00,13.548814044741126,13.66404127184179,13.135916709899902,13.135916709899902,94300,0.0,0.0
2021-04-27 00:00:00-04:00,13.155120982979707,13.414382934570312,13.087905328453822,13.414382934570312,59900,0.0,0.0
2021-04-28 00:00:00-04:00,13.433586550790304,13.471995625727551,13.155120528559115,13.308756828308105,51500,0.0,0.0
2021-04-29 00:00:00-04:00,13.366371323788625,13.52961012640092,13.078302794723129,13.174325942993164,52600,0.0,0.0
2021-04-30 00:00:00-04:00,13.05909797572658,13.337563991062558,13.020688901740396,13.222336769104004,77300,0.0,0.0
2021-05-03 00:00:00-04:00,13.2607464642931,13.692848795815756,13.2031323927426,13.606428146362305,118300,0.0,0.0
2021-05-04 00:00:00-04:00,13.904098439145304,13.904098439145304,13.327962294723175,13.42398452758789,38700,0.0,0.0
2021-05-05 00:00:00-04:00,13.414383007873337,13.433587088237982,13.174326050975253,13.203132629394531,52400,0.0,0.0
2021-05-06 00:00:00-04:00,13.174326180105302,13.491201293057097,13.030291455107905,13.462394714355469,82100,0.0,0.0
2021-05-07 00:00:00-04:00,13.384801442599672,13.530288042798515,13.25871262410276,13.355704307556152,59700,0.14,0.0
2021-05-10 00:00:00-04:00,13.413898061540497,13.763066443572136,13.355703793692495,13.365402221679688,85600,0.0,0.0
2021-05-11 00:00:00-04:00,13.287809857563818,13.569084631684452,13.24901336889136,13.27811050415039,54900,0.0,0.0
2021-05-12 00:00:00-04:00,13.326606570323145,13.394501120377534,12.841649991272249,12.861048698425293,45800,0.0,0.0
2021-05-13 00:00:00-04:00,12.851349761523068,13.50119167251934,12.851349761523068,13.472094535827637,72000,0.0,0.0
2021-05-14 00:00:00-04:00,13.501190140542937,13.578783112903892,13.355703548611443,13.520587921142578,75300,0.0,0.0
2021-05-17 00:00:00-04:00,13.452695504591228,13.782466129105915,13.307208899649467,13.66607666015625,57300,0.0,0.0
2021-05-18 00:00:00-04:00,13.666075848334115,13.782465310369759,13.50119054587165,13.569084167480469,63000,0.0,0.0
2021-05-19 00:00:00-04:00,13.433296723980188,13.753367971051434,13.365402178402414,13.704872131347656,49100,0.0,0.0
2021-05-20 00:00:00-04:00,13.782465262469403,13.927951858263018,13.481791792853054,13.908554077148438,73100,0.0,0.0
2021-05-21 00:00:00-04:00,13.918254589984869,14.180130669231387,13.918254589984869,14.073440551757812,76000,0.0,0.0
2021-05-24 00:00:00-04:00,14.180128993240919,14.248022612246714,13.860057753669047,13.918252944946289,53000,0.0,0.0
2021-05-25 00:00:00-04:00,13.860058235141722,14.054040671169144,13.307208061218262,13.307208061218262,61000,0.0,0.0
2021-05-26 00:00:00-04:00,13.287809204868852,13.73396926517744,13.24901271810207,13.704872131347656,53800,0.0,0.0
2021-05-27 00:00:00-04:00,13.908553014186566,14.354713045498729,13.840659398002481,14.286818504333496,74500,0.0,0.0
2021-05-28 00:00:00-04:00,14.28681964544291,14.28681964544291,14.092837208722468,14.170430183410645,61400,0.0,0.0
2021-06-01 00:00:00-04:00,14.32561789099895,14.364414380599586,14.160732578950933,14.248023986816406,33800,0.0,0.0
2021-06-02 00:00:00-04:00,14.364413913538135,14.364413913538135,13.821262151808645,13.957050323486328,42800,0.0,0.0
2021-06-03 00:00:00-04:00,14.024944258905045,14.189829569260668,13.898855437751847,14.044342041015625,36700,0.0,0.0
2021-06-04 00:00:00-04:00,14.054041844045546,14.20922780581849,13.869758745685502,14.073440551757812,51600,0.0,0.0
2021-06-07 00:00:00-04:00,14.063740216706725,14.189829033095636,13.753368314814777,13.79216480255127,85900,0.0,0.0
2021-06-08 00:00:00-04:00,13.869757306765552,13.90855379318384,13.627279035405948,13.782464981079102,63300,0.0,0.0
2021-06-09 00:00:00-04:00,13.743669168651353,13.743669168651353,13.53028802039594,13.656376838684082,62900,0.0,0.0
2021-06-10 00:00:00-04:00,13.792165353646933,13.792165353646933,13.404199535798758,13.44299602508545,63600,0.0,0.0
2021-06-11 00:00:00-04:00,13.501190309145365,13.53998679581033,13.316906303750867,13.42359733581543,58500,0.0,0.0
2021-06-14 00:00:00-04:00,13.442996333329486,13.501191531084554,13.142323765708614,13.268412590026855,79800,0.0,0.0
2021-06-15 00:00:00-04:00,13.24901388244807,13.346005570379422,13.152023119498006,13.268412590026855,59500,0.0,0.0
2021-06-16 00:00:00-04:00,13.210216397439035,13.375101699516406,13.10352628873418,13.287809371948242,70000,0.0,0.0
2021-06-17 00:00:00-04:00,13.404198491032691,13.452694330106452,12.812551844280172,12.8998441696167,116500,0.0,0.0
2021-06-18 00:00:00-04:00,12.870747185757955,12.909543672471644,12.502180099487305,12.502180099487305,182600,0.0,0.0
2021-06-21 00:00:00-04:00,12.589471354533355,13.055030114667774,12.589471354533355,12.8998441696167,113500,0.0,0.0
2021-06-22 00:00:00-04:00,12.938640734215706,12.977437220713366,12.676763756620604,12.841649055480957,133900,0.0,0.0
2021-06-23 00:00:00-04:00,12.851348894155842,13.06473004044978,12.802853052955234,12.831950187683105,144900,0.0,0.0
2021-06-24 00:00:00-04:00,12.977436807880483,12.996834588021638,12.618569087947984,12.793152809143066,169200,0.0,0.0
2021-06-25 00:00:00-04:00,12.773755821748997,13.055030588610618,12.754357115422776,12.909543991088867,2005900,0.0,0.0
2021-06-28 00:00:00-04:00,12.919242048834231,13.190818379726997,12.851348428601641,13.142322540283203,90200,0.0,0.0
2021-06-29 00:00:00-04:00,13.219915303936554,13.229614656667872,12.909543416383915,12.958038330078125,67800,0.0,0.0
2021-06-30 00:00:00-04:00,12.99683516131792,13.08412748825655,12.948340246335313,13.045331001281738,43700,0.0,0.0
2021-07-01 00:00:00-04:00,13.10352613203339,13.2296149453483,12.928941478984864,13.084127426147461,74100,0.0,0.0
2021-07-02 00:00:00-04:00,13.064728856040126,13.113224692844247,12.919241345627768,12.987135887145996,39900,0.0,0.0
2021-07-06 00:00:00-04:00,12.996834571941328,12.996834571941328,12.705861395315805,12.812551498413086,105800,0.0,0.0
2021-07-07 00:00:00-04:00,12.744658783499492,12.919242516847953,12.667065807571012,12.831950187683105,65200,0.0,0.0
2021-07-08 00:00:00-04:00,12.647666745132547,12.86104788542092,12.637967392169164,12.764056205749512,78100,0.0,0.0
2021-07-09 00:00:00-04:00,12.96773808925594,13.113225609842132,12.909543821006437,13.006534576416016,30400,0.0,0.0
2021-07-12 00:00:00-04:00,12.92894204415043,13.316906929016113,12.92894204415043,13.316906929016113,62900,0.0,0.0
2021-07-13 00:00:00-04:00,13.278110253827878,13.38480128940171,13.152022361755371,13.152022361755371,65800,0.0,0.0
2021-07-14 00:00:00-04:00,13.249012539795746,13.307207731653325,13.084127242010664,13.200516700744629,28900,0.0,0.0
2021-07-15 00:00:00-04:00,13.13262388553485,13.316906975240402,12.958039224248667,13.29750919342041,37400,0.0,0.0
2021-07-16 00:00:00-04:00,13.287809882996166,13.287809882996166,12.938641484275749,12.977437973022461,49900,0.0,0.0
2021-07-19 00:00:00-04:00,12.80285249146918,13.035631409045791,12.79315313865819,12.8998441696167,76500,0.0,0.0
2021-07-20 00:00:00-04:00,13.084126794275997,13.656375640538378,12.987136044473951,13.510889053344727,109200,0.0,0.0
2021-07-21 00:00:00-04:00,13.675775838625322,13.86975828438982,13.675775838625322,13.763067245483398,68500,0.0,0.0
2021-07-22 00:00:00-04:00,13.753367571580387,14.364412914145085,13.704871733285186,14.277120590209961,99500,0.0,0.0
2021-07-23 00:00:00-04:00,14.393509816910763,14.50989927196893,14.044340526755098,14.112235069274902,56800,0.0,0.0
2021-07-26 00:00:00-04:00,14.209226591491943,14.480802926366858,14.09283713010893,14.228625297546387,60100,0.0,0.0
2021-07-27 00:00:00-04:00,13.937650603907706,14.30621767883475,13.937650603907706,13.995845794677734,72500,0.0,0.0
2021-07-28 00:00:00-04:00,14.063740475942037,14.529298337361533,13.724270508254385,14.218926429748535,76500,0.0,0.0
2021-07-29 00:00:00-04:00,14.48080357132337,14.48080357132337,14.228625931271228,14.422608375549316,53100,0.0,0.0
2021-07-30 00:00:00-04:00,14.335315315578503,14.674785269542614,14.30621818166139,14.587492942810059,87900,0.0,0.0
2021-08-02 00:00:00-04:00,14.606892330441907,15.023954352655423,14.538997781491739,14.762078285217285,140000,0.0,0.0
2021-08-03 00:00:00-04:00,14.909110300961384,14.909110300961384,14.624847223532218,14.801286697387695,75200,0.16,0.0
2021-08-04 00:00:00-04:00,14.673857625980903,14.938515889936898,14.585637893059456,14.830692291259766,128700,0.0,0.0
2021-08-05 00:00:00-04:00,14.90911025551812,15.095351194724714,14.811088118161988,15.02673625946045,85600,0.0,0.0
2021-08-06 00:00:00-04:00,15.046340942382812,15.232581880122979,14.967923607038705,15.046340942382812,75800,0.0,0.0
2021-08-09 00:00:00-04:00,14.948318152810229,15.026735484728828,14.771878688589211,14.850296020507812,64200,0.0,0.0
2021-08-10 00:00:00-04:00,14.713066391073184,15.173767989720567,14.713066391073184,15.036538124084473,48700,0.0,0.0
2021-08-11 00:00:00-04:00,15.007132832059236,15.124758839443901,14.840495754562193,15.105154037475586,26900,0.0,0.0
2021-08-12 00:00:00-04:00,15.163966577943846,15.173768043518066,14.96792324433412,15.173768043518066,39300,0.0,0.0
2021-08-13 00:00:00-04:00,15.007131830880148,15.173767962451894,14.918912097524998,14.967923164367676,21400,0.0,0.0
2021-08-16 00:00:00-04:00,14.928713489654884,15.026735622858345,14.703263892018603,14.830692291259766,36200,0.0,0.0
2021-08-17 00:00:00-04:00,14.820890755138644,14.840495556845768,14.536627674044105,14.624847412109375,60400,0.0,0.0
2021-08-18 00:00:00-04:00,14.252364615606993,14.987527854241758,14.252364615606993,14.693462371826172,47500,0.0,0.0
2021-08-19 00:00:00-04:00,14.664056401447528,14.791484810905766,14.556232794125211,14.722869873046875,36900,0.0,0.0
2021-08-20 00:00:00-04:00,14.683658956478704,15.01693308453692,14.683658956478704,14.850296020507812,38900,0.0,0.0
2021-08-23 00:00:00-04:00,14.399395706614323,14.88950449211228,14.399395706614323,14.732669830322266,49200,0.0,0.0
2021-08-24 00:00:00-04:00,14.79148413458962,14.811088001020769,14.64445092971831,14.752275466918945,45500,0.0,0.0
2021-08-25 00:00:00-04:00,14.791484810905766,14.899308418228083,14.713067471978915,14.722869873046875,19900,0.0,0.0
2021-08-26 00:00:00-04:00,14.801287125880666,14.801287125880666,14.409199498718605,14.517024040222168,62100,0.0,0.0
2021-08-27 00:00:00-04:00,14.556231993385138,14.840495065059734,14.556231993385138,14.771879196166992,33300,0.0,0.0
2021-08-30 00:00:00-04:00,14.811087250542055,14.811087250542055,14.624846322245284,14.644450187683105,26500,0.0,0.0
2021-08-31 00:00:00-04:00,14.605242449068085,14.673858319476674,14.517023646785706,14.575836181640625,44900,0.0,0.0
2021-09-01 00:00:00-04:00,14.644451184027023,14.80128679224163,14.477815044639213,14.713067054748535,35200,0.0,0.0
2021-09-02 00:00:00-04:00,14.791483879089355,14.791483879089355,14.683659343751224,14.791483879089355,37800,0.0,0.0
2021-09-03 00:00:00-04:00,14.801286535209382,14.801286535209382,14.526824926706286,14.752275466918945,37200,0.0,0.0
2021-09-07 00:00:00-04:00,14.742473654623414,14.742473654623414,14.477815370986802,14.517024040222168,24100,0.0,0.0
2021-09-08 00:00:00-04:00,14.458210482448148,14.507221552401178,14.242562335539855,14.311178207397461,24400,0.0,0.0
2021-09-09 00:00:00-04:00,14.301374997746334,14.487615931266411,14.222957664179106,14.360187530517578,47100,0.0,0.0
2021-09-10 00:00:00-04:00,14.419000401522513,14.419000401522513,14.173946010561771,14.232759475708008,14700,0.0,0.0
2021-09-13 00:00:00-04:00,14.330781237511562,14.350386038271129,14.213155237379219,14.291572570800781,18800,0.0,0.0
2021-09-14 00:00:00-04:00,14.399396401883118,14.399396401883118,14.046518395817019,14.183749198913574,26800,0.0,0.0
2021-09-15 00:00:00-04:00,14.164144261199185,14.330781329491629,14.095529327717012,14.203352928161621,32400,0.0,0.0
2021-09-16 00:00:00-04:00,14.27196851348202,14.33078104535542,14.09552904824514,14.173946380615234,29200,0.0,0.0
2021-09-17 00:00:00-04:00,14.144541442702845,14.320979989697117,14.105332772836515,14.115134239196777,54800,0.0,0.0
2021-09-20 00:00:00-04:00,13.93869410599354,14.144539833068848,13.919089305887166,14.144539833068848,31300,0.0,0.0
2021-09-21 00:00:00-04:00,14.13473876171516,14.203353698920791,14.007310353470123,14.08572769165039,26800,0.0,0.0
2021-09-22 00:00:00-04:00,14.105331448493487,14.24256131273698,14.036715581563401,14.173946380615234,22300,0.0,0.0
2021-09-23 00:00:00-04:00,14.320979255623206,14.379792724812216,14.193550851387332,14.301375389099121,21300,0.0,0.0
2021-09-24 00:00:00-04:00,14.271968867446041,14.448407402250494,14.22295779979711,14.340583801269531,19300,0.0,0.0
2021-09-27 00:00:00-04:00,14.330780862211355,14.74247231929719,14.330780862211355,14.644450187683105,34500,0.0,0.0
2021-09-28 00:00:00-04:00,14.664055379727763,14.683659245689364,14.311177379143746,14.585638046264648,11500,0.0,0.0
2021-09-29 00:00:00-04:00,14.585638046264648,14.654252979342784,14.428803379338419,14.585638046264648,16800,0.0,0.0
2021-09-30 00:00:00-04:00,14.713066253635422,14.713066253635422,14.448407055566593,14.468011856079102,20000,0.0,0.0
2021-10-01 00:00:00-04:00,14.556232594137393,14.88950581259347,14.409199384563319,14.605242729187012,26900,0.0,0.0
2021-10-04 00:00:00-04:00,14.595440446649626,14.791483780307413,14.546429379533091,14.585638046264648,17200,0.0,0.0
2021-10-05 00:00:00-04:00,14.507221108982066,14.958121256112873,14.40919897207209,14.889505386352539,33900,0.0,0.0
2021-10-06 00:00:00-04:00,14.899308116036243,14.899308116036243,14.585638766690764,14.693462371826172,36400,0.0,0.0
2021-10-07 00:00:00-04:00,14.742472811645511,14.899307479619129,14.693461744201665,14.791483879089355,8500,0.0,0.0
2021-10-08 00:00:00-04:00,14.830692802260295,14.830692802260295,14.585638395616487,14.752275466918945,14300,0.0,0.0
2021-10-11 00:00:00-04:00,14.703264398628509,14.879703870550731,14.693461998008747,14.752275466918945,11700,0.0,0.0
2021-10-12 00:00:00-04:00,14.840494755179243,14.840494755179243,14.605241821443817,14.673857688903809,9100,0.0,0.0
2021-10-13 00:00:00-04:00,14.693461672784277,14.693461672784277,14.487615938367323,14.654253005981445,16800,0.0,0.0
2021-10-14 00:00:00-04:00,14.713067269836348,14.791484607685824,14.595441263062131,14.605242729187012,14100,0.0,0.0
2021-10-15 00:00:00-04:00,14.634649812962937,14.742473417926936,14.536627674044105,14.624847412109375,14200,0.0,0.0
2021-10-18 00:00:00-04:00,14.585638582385908,14.673858319476674,14.48761644454986,14.575836181640625,22400,0.0,0.0
2021-10-19 00:00:00-04:00,14.752275278241015,14.752275278241015,14.497418474237,14.634649276733398,26200,0.0,0.0
2021-10-20 00:00:00-04:00,14.693461672784277,14.781681406792735,14.605241938775817,14.654253005981445,18500,0.0,0.0
2021-10-21 00:00:00-04:00,14.713066892882127,14.791484228722524,14.615044755677442,14.664055824279785,13600,0.0,0.0
2021-10-22 00:00:00-04:00,14.81108774518188,14.850296412175283,14.605242009764416,14.791483879089355,30600,0.0,0.0
2021-10-25 00:00:00-04:00,14.869901841340043,14.987527847290039,14.683659964146251,14.987527847290039,28300,0.0,0.0
2021-10-26 00:00:00-04:00,14.948318390570785,15.154164123833274,14.801286124586872,15.036538124084473,57300,0.0,0.0
2021-10-27 00:00:00-04:00,15.056142407664579,15.056142407664579,14.654253330338072,14.752275466918945,29700,0.0,0.0
2021-10-28 00:00:00-04:00,14.869901057404919,15.075746790667408,14.713066391073184,15.036538124084473,30900,0.0,0.0
2021-10-29 00:00:00-04:00,15.056349966976427,15.095971903284465,14.947389878294693,14.977106094360352,16800,0.16,0.0
2021-11-01 00:00:00-04:00,14.957295481627927,15.12568894578626,14.907767825464628,15.066255569458008,44400,0.0,0.0
2021-11-02 00:00:00-04:00,15.10587703690619,15.10587703690619,14.957295017686443,15.016727447509766,22600,0.0,0.0
2021-11-03 00:00:00-04:00,15.105877152570175,15.105877152570175,14.92757797241211,14.92757797241211,25800,0.0,0.0
2021-11-04 00:00:00-04:00,14.996917471308924,15.036539407449098,14.858240222487575,14.868145942687988,15800,0.0,0.0
2021-11-05 00:00:00-04:00,14.947389373164953,15.234648637855999,14.937483653257326,15.125688552856445,28400,0.0,0.0
2021-11-08 00:00:00-05:00,15.046444286479693,15.224743472667583,15.046444286479693,15.185121536254883,22600,0.0,0.0
2021-11-09 00:00:00-05:00,15.125689127167671,15.145499623073668,15.03653953393698,15.086066246032715,12500,0.0,0.0
2021-11-10 00:00:00-05:00,15.016727935472284,15.125688968124754,14.937484063358562,14.96720027923584,17300,0.0,0.0
2021-11-11 00:00:00-05:00,14.977105253441355,15.19502636323069,14.858239451191196,14.887955665588379,30300,0.0,0.0
2021-11-12 00:00:00-05:00,14.92757806753995,15.066255313509009,14.87805135687949,14.937483787536621,29500,0.0,0.0
2021-11-15 00:00:00-05:00,15.056349317282171,15.313892364501953,15.056349317282171,15.313892364501953,26400,0.0,0.0
2021-11-16 00:00:00-05:00,15.175215234620467,15.353514413977676,15.115782804609026,15.224742889404297,26200,0.0,0.0
2021-11-17 00:00:00-05:00,15.105877199075959,15.195026789429454,15.006821888758422,15.13559341430664,15000,0.0,0.0
2021-11-18 00:00:00-05:00,15.086065644941863,15.28417626407718,15.07616086971425,15.224742889404297,12200,0.0,0.0
2021-11-19 00:00:00-05:00,15.086065874707213,15.155404970325206,15.026633443790598,15.046443939208984,13600,0.0,0.0
2021-11-22 00:00:00-05:00,15.105877569006928,15.343609185997137,14.96720032009857,15.175215721130371,44200,0.0,0.0
2021-11-23 00:00:00-05:00,15.135593024114446,15.244554051587036,15.135593024114446,15.195026397705078,15200,0.0,0.0
2021-11-24 00:00:00-05:00,15.105877113041192,15.214837198040748,15.076160897979758,15.125688552856445,11300,0.0,0.0
2021-11-26 00:00:00-05:00,14.878050917052223,15.016727214260259,14.115327503762318,14.788901329040527,58900,0.0,0.0
2021-11-29 00:00:00-05:00,14.670035544048515,14.828523280852965,14.670035544048515,14.68984603881836,17200,0.0,0.0
2021-11-30 00:00:00-05:00,14.610602771524361,14.660130427478771,14.462020748322598,14.551169395446777,17500,0.0,0.0
2021-12-01 00:00:00-05:00,14.650224380525142,15.204932414448963,14.511547135878827,14.719562530517578,45400,0.0,0.0
2021-12-02 00:00:00-05:00,14.858239689724629,15.125688457577162,14.858239689724629,15.115782737731934,32400,0.0,0.0
2021-12-03 00:00:00-05:00,15.125688688827593,15.175215399488051,14.887956132214711,14.937483787536621,36000,0.0,0.0
2021-12-06 00:00:00-05:00,14.897862041711072,15.046444064905305,14.897862041711072,14.957295417785645,16200,0.0,0.0
2021-12-07 00:00:00-05:00,15.01672803066839,15.095971903284465,14.887956501501899,14.977106094360352,11200,0.0,0.0
2021-12-08 00:00:00-05:00,14.937484094767925,15.05634990318845,14.868145942687988,14.868145942687988,11300,0.0,0.0
2021-12-09 00:00:00-05:00,14.957294969012908,14.957294969012908,14.808712005615234,14.808712005615234,10100,0.0,0.0
2021-12-10 00:00:00-05:00,14.808711892288809,15.056349218061737,14.808711892288809,14.89786148071289,18500,0.0,0.0
2021-12-13 00:00:00-05:00,15.046443990606843,15.056349710680601,14.848334312438965,14.848334312438965,17700,0.0,0.0
2021-12-14 00:00:00-05:00,14.808711771562276,14.85823942524538,14.471924860110887,14.580885887145996,40200,0.0,0.0
2021-12-15 00:00:00-05:00,14.808712660628697,15.333703554000897,14.63041441919108,14.8780517578125,63700,0.0,0.0
2021-12-16 00:00:00-05:00,14.996916770935059,15.155404508094191,14.927577677431866,14.996916770935059,28800,0.0,0.0
2021-12-17 00:00:00-05:00,14.907767200462551,15.056349218061737,14.85823954637568,14.89786148071289,44000,0.0,0.0
2021-12-20 00:00:00-05:00,15.05634917326359,15.09597110748291,14.759184194287965,15.09597110748291,44500,0.0,0.0
2021-12-21 00:00:00-05:00,15.234648445798857,15.294080875172483,14.996916838981484,15.105876922607422,35500,0.0,0.0
2021-12-22 00:00:00-05:00,15.056349827347443,15.224743291260332,15.056349827347443,15.165310859680176,18400,0.0,0.0
2021-12-23 00:00:00-05:00,15.274270496943844,15.50209638571876,15.274270496943844,15.422852516174316,50100,0.0,0.0
2021-12-27 00:00:00-05:00,15.452569961547852,15.502096672433057,15.28417649948608,15.452569961547852,23200,0.0,0.0
2021-12-28 00:00:00-05:00,15.492192173465432,15.50209694902232,15.343609204174424,15.48228645324707,14900,0.0,0.0
2021-12-29 00:00:00-05:00,15.492192196264288,15.492192196264288,15.323798730950216,15.383231163024902,7600,0.0,0.0
2021-12-30 00:00:00-05:00,15.274270705568085,15.45256988680911,15.25445926558066,15.343608856201172,5600,0.0,0.0
2021-12-31 00:00:00-05:00,15.303987322322667,15.303987322322667,15.105877640559106,15.28417682647705,15800,0.0,0.0
2022-01-03 00:00:00-05:00,15.303986480516244,15.462474217209364,15.076160595185238,15.195026397705078,19700,0.0,0.0
2022-01-04 00:00:00-05:00,15.254459611532113,15.59124654166463,15.254459611532113,15.48228645324707,25700,0.0,0.0
2022-01-05 00:00:00-05:00,15.561530092068683,15.660585403442383,15.373326134052403,15.660585403442383,15400,0.0,0.0
2022-01-06 00:00:00-05:00,15.710112359220512,15.97756019263782,15.42285308535523,15.789356231689453,21500,0.0,0.0
2022-01-07 00:00:00-05:00,15.65067976930594,15.838883728355592,15.33370333796655,15.670490264892578,45900,0.0,0.0
2022-01-10 00:00:00-05:00,15.729923736275948,15.848789544500324,15.422853023200208,15.68039608001709,16700,0.0,0.0
2022-01-11 00:00:00-05:00,15.749733602186957,15.928032779724482,15.601151584013309,15.918127059936523,35200,0.0,0.0
2022-01-12 00:00:00-05:00,15.888412095000604,15.98746551613658,15.769545344585367,15.84878921508789,35200,0.0,0.0
2022-01-13 00:00:00-05:00,15.759639227528803,15.99737083304651,15.739828732733042,15.908221244812012,10700,0.0,0.0
2022-01-14 00:00:00-05:00,15.898315905482017,15.947844505310059,15.769545324574905,15.947844505310059,6000,0.0,0.0
2022-01-18 00:00:00-05:00,15.848789194976874,16.066709366251562,15.848789194976874,15.947844505310059,16500,0.0,0.0
2022-01-19 00:00:00-05:00,15.928032894106925,16.007276763656794,15.739828940091344,15.828977584838867,20300,0.0,0.0
2022-01-20 00:00:00-05:00,15.828977613074326,15.90822148276555,15.729923248291016,15.729923248291016,26600,0.0,0.0
2022-01-21 00:00:00-05:00,15.720017528414253,16.056803502271233,15.720017528414253,15.729923248291016,24700,0.0,0.0
2022-01-24 00:00:00-05:00,15.729923854554704,15.997371688905215,15.40304264331437,15.591246604919434,42500,0.0,0.0
2022-01-25 00:00:00-05:00,15.55162434223278,15.838883611072937,15.442664255659428,15.759639739990234,46300,0.0,0.0
2022-01-26 00:00:00-05:00,15.838883265003943,15.888411864175287,15.620963096618652,15.620963096618652,33500,0.0,0.0
2022-01-27 00:00:00-05:00,15.749734290698305,16.19548225402832,15.749734290698305,16.19548225402832,27500,0.0,0.0
2022-01-28 00:00:00-05:00,16.225197192716315,16.779906177781577,16.116238051165173,16.770000457763672,50900,0.0,0.0
2022-01-31 00:00:00-05:00,16.860000610351562,17.030000686645508,16.799999237060547,17.0,42300,0.16,0.0
2022-02-01 00:00:00-05:00,17.200000762939453,17.75,17.200000762939453,17.75,59100,0.0,0.0
2022-02-02 00:00:00-05:00,17.739999771118164,17.760000228881836,17.43000030517578,17.760000228881836,45100,0.0,0.0
2022-02-03 00:00:00-05:00,17.670000076293945,17.940000534057617,17.5,17.780000686645508,45200,0.0,0.0
2022-02-04 00:00:00-05:00,17.709999084472656,18.56999969482422,17.610000610351562,18.25,39700,0.0,0.0
2022-02-07 00:00:00-05:00,18.5,18.790000915527344,18.309999465942383,18.729999542236328,93900,0.0,0.0
2022-02-08 00:00:00-05:00,18.93000030517578,18.989999771118164,18.719999313354492,18.8700008392334,55200,0.0,0.0
2022-02-09 00:00:00-05:00,18.93000030517578,18.950000762939453,18.309999465942383,18.540000915527344,51600,0.0,0.0
2022-02-10 00:00:00-05:00,18.6299991607666,18.670000076293945,18.420000076293945,18.559999465942383,37700,0.0,0.0
2022-02-11 00:00:00-05:00,18.559999465942383,18.709999084472656,18.34000015258789,18.399999618530273,34400,0.0,0.0
2022-02-14 00:00:00-05:00,18.440000534057617,18.59000015258789,18.1299991607666,18.290000915527344,60800,0.0,0.0
2022-02-15 00:00:00-05:00,18.43000030517578,19.09000015258789,18.299999237060547,19.0,54200,0.0,0.0
2022-02-16 00:00:00-05:00,18.989999771118164,19.200000762939453,18.56999969482422,18.719999313354492,42800,0.0,0.0
2022-02-17 00:00:00-05:00,18.68000030517578,18.700000762939453,18.299999237060547,18.34000015258789,40000,0.0,0.0
2022-02-18 00:00:00-05:00,18.329999923706055,18.889999389648438,18.299999237060547,18.579999923706055,70200,0.0,0.0
2022-02-22 00:00:00-05:00,18.479999542236328,18.739999771118164,18.40999984741211,18.469999313354492,120100,0.0,0.0
2022-02-23 00:00:00-05:00,18.5,18.700000762939453,18.420000076293945,18.43000030517578,86400,0.0,0.0
2022-02-24 00:00:00-05:00,18.040000915527344,18.190000534057617,17.469999313354492,17.93000030517578,53600,0.0,0.0
2022-02-25 00:00:00-05:00,17.979999542236328,18.43000030517578,17.979999542236328,18.43000030517578,33400,0.0,0.0
2022-02-28 00:00:00-05:00,18.43000030517578,18.559999465942383,18.100000381469727,18.219999313354492,46200,0.0,0.0
2022-03-01 00:00:00-05:00,18.18000030517578,18.43000030517578,17.360000610351562,17.56999969482422,48700,0.0,0.0
2022-03-02 00:00:00-05:00,17.65999984741211,18.229999542236328,17.5,18.020000457763672,40900,0.0,0.0
2022-03-03 00:00:00-05:00,18.049999237060547,18.309999465942383,17.520000457763672,18.239999771118164,37200,0.0,0.0
2022-03-04 00:00:00-05:00,18.0,18.09000015258789,17.600000381469727,17.889999389648438,64000,0.0,0.0
2022-03-07 00:00:00-05:00,17.760000228881836,17.989999771118164,17.309999465942383,17.459999084472656,53900,0.0,0.0
2022-03-08 00:00:00-05:00,17.459999084472656,17.579999923706055,17.270000457763672,17.3700008392334,25500,0.0,0.0
2022-03-09 00:00:00-05:00,17.729999542236328,17.860000610351562,17.299999237060547,17.299999237060547,44100,0.0,0.0
2022-03-10 00:00:00-05:00,17.239999771118164,17.520000457763672,17.209999084472656,17.469999313354492,22700,0.0,0.0
2022-03-11 00:00:00-05:00,17.510000228881836,17.93000030517578,17.489999771118164,17.899999618530273,43100,0.0,0.0
2022-03-14 00:00:00-04:00,17.940000534057617,18.440000534057617,17.700000762939453,18.170000076293945,70400,0.0,0.0
2022-03-15 00:00:00-04:00,18.209999084472656,18.440000534057617,17.780000686645508,17.860000610351562,30100,0.0,0.0
2022-03-16 00:00:00-04:00,18.059999465942383,18.149999618530273,17.770000457763672,18.049999237060547,42000,0.0,0.0
2022-03-17 00:00:00-04:00,18.020000457763672,18.020000457763672,17.829999923706055,17.899999618530273,28200,0.0,0.0
2022-03-18 00:00:00-04:00,17.829999923706055,18.020000457763672,17.6299991607666,18.020000457763672,42600,0.0,0.0
2022-03-21 00:00:00-04:00,17.90999984741211,18.209999084472656,17.90999984741211,18.020000457763672,56100,0.0,0.0
2022-03-22 00:00:00-04:00,18.079999923706055,18.420000076293945,18.059999465942383,18.399999618530273,71500,0.0,0.0
2022-03-23 00:00:00-04:00,18.399999618530273,18.399999618530273,18.18000030517578,18.260000228881836,39200,0.0,0.0
2022-03-24 00:00:00-04:00,18.299999237060547,18.5,18.299999237060547,18.450000762939453,47300,0.0,0.0
2022-03-25 00:00:00-04:00,18.459999084472656,18.649999618530273,18.200000762939453,18.530000686645508,175300,0.0,0.0
2022-03-28 00:00:00-04:00,18.399999618530273,18.600000381469727,18.200000762939453,18.559999465942383,45100,0.0,0.0
2022-03-29 00:00:00-04:00,18.530000686645508,18.639999389648438,18.270000457763672,18.3700008392334,49300,0.0,0.0
2022-03-30 00:00:00-04:00,18.440000534057617,18.450000762939453,18.040000915527344,18.18000030517578,27200,0.0,0.0
2022-03-31 00:00:00-04:00,18.559999465942383,18.59000015258789,18.139999389648438,18.25,63100,0.0,0.0
2022-04-01 00:00:00-04:00,18.360000610351562,18.549999237060547,18.15999984741211,18.200000762939453,57600,0.0,0.0
2022-04-04 00:00:00-04:00,18.34000015258789,18.350000381469727,17.989999771118164,18.190000534057617,40500,0.0,0.0
2022-04-05 00:00:00-04:00,18.239999771118164,18.270000457763672,17.809999465942383,17.889999389648438,34900,0.0,0.0
2022-04-06 00:00:00-04:00,17.760000228881836,18.010000228881836,17.670000076293945,17.8700008392334,62600,0.0,0.0
2022-04-07 00:00:00-04:00,17.81999969482422,17.81999969482422,17.450000762939453,17.5,46300,0.0,0.0
2022-04-08 00:00:00-04:00,17.420000076293945,17.780000686645508,17.420000076293945,17.610000610351562,37600,0.0,0.0
2022-04-11 00:00:00-04:00,17.479999542236328,17.920000076293945,17.479999542236328,17.670000076293945,38500,0.0,0.0
2022-04-12 00:00:00-04:00,17.549999237060547,17.950000762939453,17.549999237060547,17.780000686645508,44900,0.0,0.0
2022-04-13 00:00:00-04:00,17.729999542236328,18.020000457763672,17.6299991607666,17.790000915527344,52600,0.0,0.0
2022-04-14 00:00:00-04:00,17.639999389648438,17.84000015258789,17.559999465942383,17.6299991607666,80400,0.0,0.0
2022-04-18 00:00:00-04:00,17.56999969482422,18.15999984741211,17.56999969482422,18.09000015258789,46800,0.0,0.0
2022-04-19 00:00:00-04:00,18.040000915527344,18.559999465942383,18.040000915527344,18.440000534057617,71200,0.0,0.0
2022-04-20 00:00:00-04:00,18.440000534057617,19.100000381469727,18.440000534057617,18.950000762939453,77200,0.0,0.0
2022-04-21 00:00:00-04:00,18.979999542236328,19.239999771118164,18.59000015258789,18.81999969482422,107200,0.0,0.0
2022-04-22 00:00:00-04:00,18.760000228881836,20.389999389648438,18.760000228881836,20.260000228881836,183200,0.0,0.0
2022-04-25 00:00:00-04:00,20.260000228881836,20.360000610351562,19.799999237060547,20.280000686645508,133600,0.0,0.0
2022-04-26 00:00:00-04:00,20.200000762939453,20.709999084472656,20.020000457763672,20.09000015258789,123700,0.0,0.0
2022-04-27 00:00:00-04:00,20.15999984741211,20.34000015258789,19.559999465942383,19.6299991607666,89900,0.0,0.0
2022-04-28 00:00:00-04:00,19.690000534057617,19.84000015258789,19.200000762939453,19.229999542236328,115900,0.0,0.0
2022-04-29 00:00:00-04:00,19.100000381469727,19.149999618530273,18.719999313354492,18.84000015258789,86300,0.0,0.0
2022-05-02 00:00:00-04:00,18.850000381469727,18.959999084472656,18.219999313354492,18.850000381469727,87000,0.0,0.0
2022-05-03 00:00:00-04:00,18.8700008392334,19.399999618530273,18.850000381469727,19.15999984741211,67900,0.0,0.0
2022-05-04 00:00:00-04:00,19.299999237060547,19.5,19.049999237060547,19.43000030517578,81400,0.0,0.0
2022-05-05 00:00:00-04:00,19.360000610351562,19.510000228881836,18.959999084472656,19.5,93200,0.0,0.0
2022-05-06 00:00:00-04:00,19.450000762939453,19.59000015258789,18.989999771118164,19.110000610351562,90600,0.0,0.0
2022-05-09 00:00:00-04:00,18.90999984741211,18.989999771118164,18.639999389648438,18.770000457763672,69400,0.0,0.0
2022-05-10 00:00:00-04:00,18.920000076293945,19.110000610351562,18.110000610351562,18.450000762939453,78500,0.0,0.0
2022-05-11 00:00:00-04:00,18.059999465942383,18.889999389648438,18.0,18.790000915527344,89200,0.0,0.0
2022-05-12 00:00:00-04:00,18.75,18.75,18.270000457763672,18.5,76400,0.0,0.0
2022-05-13 00:00:00-04:00,18.670000076293945,18.93000030517578,18.530000686645508,18.670000076293945,83700,0.0,0.0
2022-05-16 00:00:00-04:00,18.709999084472656,18.799999237060547,18.440000534057617,18.520000457763672,78400,0.0,0.0
2022-05-17 00:00:00-04:00,18.600000381469727,19.31999969482422,18.600000381469727,19.209999084472656,70200,0.0,0.0
2022-05-18 00:00:00-04:00,19.110000610351562,19.309999465942383,18.700000762939453,18.81999969482422,62700,0.0,0.0
2022-05-19 00:00:00-04:00,18.6299991607666,18.829999923706055,18.5,18.600000381469727,36000,0.0,0.0
2022-05-20 00:00:00-04:00,18.780000686645508,18.989999771118164,18.479999542236328,18.65999984741211,55100,0.0,0.0
2022-05-23 00:00:00-04:00,18.739999771118164,19.3799991607666,18.709999084472656,18.8700008392334,48700,0.0,0.0
2022-05-24 00:00:00-04:00,18.81999969482422,18.93000030517578,18.5,18.889999389648438,66500,0.0,0.0
2022-05-25 00:00:00-04:00,18.93000030517578,19.25,18.850000381469727,19.239999771118164,58800,0.0,0.0
2022-05-26 00:00:00-04:00,19.25,19.93000030517578,19.25,19.780000686645508,65200,0.0,0.0
2022-05-27 00:00:00-04:00,19.780000686645508,20.18000030517578,19.780000686645508,20.049999237060547,65100,0.0,0.0
2022-05-31 00:00:00-04:00,20.0,20.290000915527344,19.81999969482422,20.170000076293945,123500,0.0,0.0
2022-06-01 00:00:00-04:00,20.100000381469727,20.479999542236328,19.450000762939453,20.360000610351562,87900,0.0,0.0
2022-06-02 00:00:00-04:00,20.229999542236328,20.489999771118164,20.170000076293945,20.3700008392334,54600,0.0,0.0
2022-06-03 00:00:00-04:00,20.360000610351562,20.360000610351562,19.829999923706055,19.889999389648438,61900,0.0,0.0
2022-06-06 00:00:00-04:00,19.989999771118164,20.0,19.34000015258789,19.610000610351562,109500,0.0,0.0
2022-06-07 00:00:00-04:00,19.350000381469727,19.549999237060547,18.809999465942383,19.18000030517578,141900,0.0,0.0
2022-06-08 00:00:00-04:00,19.18000030517578,19.18000030517578,18.610000610351562,19.0,68600,0.0,0.0
2022-06-09 00:00:00-04:00,18.989999771118164,18.989999771118164,18.329999923706055,18.350000381469727,65300,0.0,0.0
2022-06-10 00:00:00-04:00,18.1200008392334,18.15999984741211,17.719999313354492,17.860000610351562,59000,0.0,0.0
2022-06-13 00:00:00-04:00,17.639999389648438,17.639999389648438,17.020000457763672,17.079999923706055,73400,0.0,0.0
2022-06-14 00:00:00-04:00,17.06999969482422,17.399999618530273,16.8700008392334,17.239999771118164,71300,0.0,0.0
2022-06-15 00:00:00-04:00,17.260000228881836,18.219999313354492,17.260000228881836,17.90999984741211,99200,0.0,0.0
2022-06-16 00:00:00-04:00,17.780000686645508,17.950000762939453,17.450000762939453,17.6299991607666,80000,0.0,0.0
2022-06-17 00:00:00-04:00,17.790000915527344,18.1200008392334,17.649999618530273,17.90999984741211,75300,0.0,0.0
2022-06-21 00:00:00-04:00,17.81999969482422,18.34000015258789,17.790000915527344,17.809999465942383,96000,0.0,0.0
2022-06-22 00:00:00-04:00,17.719999313354492,17.75,17.1299991607666,17.530000686645508,98900,0.0,0.0
2022-06-23 00:00:00-04:00,17.459999084472656,17.459999084472656,16.93000030517578,16.959999084472656,137000,0.0,0.0
2022-06-24 00:00:00-04:00,17.190000534057617,17.75,16.440000534057617,16.479999542236328,1738000,0.0,0.0
2022-06-27 00:00:00-04:00,16.6200008392334,17.3799991607666,16.6200008392334,17.299999237060547,178600,0.0,0.0
2022-06-28 00:00:00-04:00,17.540000915527344,17.670000076293945,16.969999313354492,17.100000381469727,112000,0.0,0.0
2022-06-29 00:00:00-04:00,16.969999313354492,17.200000762939453,16.90999984741211,17.010000228881836,110200,0.0,0.0
2022-06-30 00:00:00-04:00,16.719999313354492,17.100000381469727,16.649999618530273,17.030000686645508,201300,0.0,0.0
2022-07-01 00:00:00-04:00,16.989999771118164,17.31999969482422,16.989999771118164,17.219999313354492,76000,0.0,0.0
2022-07-05 00:00:00-04:00,16.989999771118164,17.530000686645508,16.8700008392334,17.520000457763672,117200,0.0,0.0
2022-07-06 00:00:00-04:00,17.510000228881836,17.510000228881836,16.969999313354492,16.979999542236328,65900,0.0,0.0
2022-07-07 00:00:00-04:00,17.1299991607666,17.399999618530273,17.1299991607666,17.209999084472656,63300,0.0,0.0
2022-07-08 00:00:00-04:00,17.34000015258789,17.600000381469727,16.84000015258789,17.540000915527344,70300,0.0,0.0
2022-07-11 00:00:00-04:00,17.489999771118164,17.690000534057617,17.399999618530273,17.469999313354492,110800,0.0,0.0
2022-07-12 00:00:00-04:00,17.469999313354492,17.719999313354492,17.420000076293945,17.579999923706055,73200,0.0,0.0
2022-07-13 00:00:00-04:00,17.5,17.540000915527344,17.270000457763672,17.389999389648438,49800,0.0,0.0
2022-07-14 00:00:00-04:00,17.15999984741211,17.190000534057617,16.959999084472656,17.010000228881836,78100,0.0,0.0
2022-07-15 00:00:00-04:00,17.3799991607666,17.6200008392334,17.200000762939453,17.56999969482422,48400,0.0,0.0
2022-07-18 00:00:00-04:00,17.56999969482422,17.90999984741211,17.309999465942383,17.520000457763672,63100,0.0,0.0
2022-07-19 00:00:00-04:00,17.600000381469727,17.979999542236328,17.600000381469727,17.8700008392334,58000,0.0,0.0
2022-07-20 00:00:00-04:00,17.709999084472656,17.829999923706055,17.469999313354492,17.709999084472656,70900,0.0,0.0
2022-07-21 00:00:00-04:00,17.780000686645508,18.59000015258789,17.690000534057617,18.549999237060547,138200,0.0,0.0
2022-07-22 00:00:00-04:00,18.700000762939453,18.969999313354492,18.450000762939453,18.639999389648438,80400,0.0,0.0
2022-07-25 00:00:00-04:00,19.020000457763672,19.75,18.860000610351562,19.700000762939453,143100,0.0,0.0
2022-07-26 00:00:00-04:00,19.639999389648438,19.760000228881836,19.020000457763672,19.06999969482422,43800,0.0,0.0
2022-07-27 00:00:00-04:00,19.079999923706055,19.309999465942383,18.860000610351562,19.260000228881836,73900,0.0,0.0
2022-07-28 00:00:00-04:00,19.350000381469727,19.350000381469727,18.760000228881836,18.829999923706055,75300,0.0,0.0
2022-07-29 00:00:00-04:00,18.84000015258789,19.329999923706055,18.760000228881836,19.260000228881836,71500,0.0,0.0
2022-08-01 00:00:00-04:00,19.200000762939453,19.329999923706055,18.6200008392334,19.170000076293945,119600,0.0,0.0
2022-08-02 00:00:00-04:00,19.25,19.40999984741211,19.049999237060547,19.270000457763672,49100,0.0,0.0
2022-08-03 00:00:00-04:00,19.280000686645508,19.559999465942383,19.110000610351562,19.389999389648438,42300,0.0,0.0
2022-08-04 00:00:00-04:00,19.40999984741211,19.520000457763672,19.260000228881836,19.3700008392334,53500,0.0,0.0
2022-08-05 00:00:00-04:00,19.360000610351562,19.56999969482422,19.309999465942383,19.479999542236328,32200,0.0,0.0
2022-08-08 00:00:00-04:00,19.459999084472656,19.75,19.420000076293945,19.459999084472656,60800,0.0,0.0
2022-08-09 00:00:00-04:00,19.549999237060547,19.549999237060547,19.31999969482422,19.489999771118164,40800,0.0,0.0
2022-08-10 00:00:00-04:00,19.600000381469727,19.84000015258789,19.350000381469727,19.360000610351562,42200,0.0,0.0
2022-08-11 00:00:00-04:00,19.5,19.649999618530273,19.3799991607666,19.520000457763672,46900,0.0,0.0
2022-08-12 00:00:00-04:00,19.700000762939453,19.940000534057617,19.579999923706055,19.93000030517578,70500,0.0,0.0
2022-08-15 00:00:00-04:00,19.850000381469727,19.920000076293945,19.59000015258789,19.899999618530273,69000,0.0,0.0
2022-08-16 00:00:00-04:00,19.989999771118164,20.280000686645508,19.860000610351562,20.280000686645508,58900,0.0,0.0
2022-08-17 00:00:00-04:00,20.18000030517578,20.280000686645508,19.829999923706055,19.950000762939453,61600,0.0,0.0
2022-08-18 00:00:00-04:00,20.06999969482422,20.079999923706055,19.709999084472656,19.899999618530273,76400,0.0,0.0
2022-08-19 00:00:00-04:00,19.860000610351562,19.90999984741211,19.510000228881836,19.790000915527344,117900,0.0,0.0
2022-08-22 00:00:00-04:00,19.68000030517578,19.68000030517578,19.200000762939453,19.389999389648438,62000,0.0,0.0
2022-08-23 00:00:00-04:00,19.3700008392334,19.389999389648438,19.020000457763672,19.059999465942383,31900,0.0,0.0
2022-08-24 00:00:00-04:00,19.079999923706055,19.09000015258789,18.700000762939453,18.93000030517578,43100,0.0,0.0
2022-08-25 00:00:00-04:00,18.899999618530273,19.190000534057617,18.829999923706055,18.989999771118164,47000,0.0,0.0
2022-08-26 00:00:00-04:00,19.079999923706055,19.079999923706055,18.559999465942383,18.579999923706055,38000,0.0,0.0
2022-08-29 00:00:00-04:00,18.510000228881836,18.510000228881836,18.18000030517578,18.329999923706055,47400,0.0,0.0
2022-08-30 00:00:00-04:00,18.31999969482422,18.31999969482422,18.0,18.139999389648438,32300,0.0,0.0
2022-08-31 00:00:00-04:00,18.049999237060547,18.219999313354492,17.950000762939453,18.0,35600,0.0,0.0
2022-09-01 00:00:00-04:00,17.899999618530273,18.149999618530273,17.780000686645508,18.040000915527344,43400,0.0,0.0
2022-09-02 00:00:00-04:00,18.100000381469727,18.34000015258789,17.8700008392334,17.959999084472656,21400,0.0,0.0
2022-09-06 00:00:00-04:00,18.170000076293945,18.170000076293945,17.5,17.649999618530273,35600,0.0,0.0
2022-09-07 00:00:00-04:00,17.649999618530273,17.899999618530273,17.649999618530273,17.84000015258789,36800,0.0,0.0
2022-09-08 00:00:00-04:00,17.90999984741211,18.1299991607666,17.770000457763672,18.079999923706055,51100,0.0,0.0
2022-09-09 00:00:00-04:00,18.290000915527344,18.389999389648438,18.100000381469727,18.1299991607666,41600,0.0,0.0
2022-09-12 00:00:00-04:00,18.139999389648438,18.469999313354492,18.040000915527344,18.329999923706055,26100,0.0,0.0
2022-09-13 00:00:00-04:00,18.059999465942383,18.1299991607666,17.649999618530273,17.729999542236328,42000,0.0,0.0
2022-09-14 00:00:00-04:00,17.81999969482422,17.90999984741211,17.68000030517578,17.860000610351562,47800,0.0,0.0
2022-09-15 00:00:00-04:00,18.030000686645508,18.299999237060547,17.739999771118164,18.010000228881836,33500,0.0,0.0
2022-09-16 00:00:00-04:00,17.899999618530273,18.299999237060547,17.6299991607666,18.079999923706055,100400,0.0,0.0
2022-09-19 00:00:00-04:00,17.84000015258789,18.270000457763672,17.809999465942383,18.18000030517578,32400,0.0,0.0
2022-09-20 00:00:00-04:00,18.0,18.170000076293945,17.979999542236328,18.1299991607666,30900,0.0,0.0
2022-09-21 00:00:00-04:00,18.139999389648438,18.280000686645508,17.790000915527344,17.84000015258789,51000,0.0,0.0
2022-09-22 00:00:00-04:00,17.780000686645508,17.790000915527344,17.510000228881836,17.649999618530273,33800,0.0,0.0
2022-09-23 00:00:00-04:00,17.579999923706055,17.65999984741211,17.3700008392334,17.59000015258789,55600,0.0,0.0
2022-09-26 00:00:00-04:00,17.43000030517578,17.600000381469727,17.309999465942383,17.479999542236328,48400,0.0,0.0
2022-09-27 00:00:00-04:00,17.59000015258789,17.639999389648438,17.18000030517578,17.270000457763672,40100,0.0,0.0
2022-09-28 00:00:00-04:00,17.270000457763672,17.56999969482422,17.06999969482422,17.43000030517578,35400,0.0,0.0
2022-09-29 00:00:00-04:00,17.309999465942383,17.309999465942383,17.0,17.100000381469727,28300,0.0,0.0
2022-09-30 00:00:00-04:00,17.139999389648438,17.309999465942383,16.809999465942383,16.829999923706055,45800,0.0,0.0
2022-10-03 00:00:00-04:00,17.100000381469727,17.459999084472656,16.889999389648438,17.43000030517578,63600,0.0,0.0
2022-10-04 00:00:00-04:00,17.549999237060547,17.770000457763672,17.479999542236328,17.540000915527344,45100,0.0,0.0
2022-10-05 00:00:00-04:00,17.40999984741211,17.68000030517578,17.40999984741211,17.59000015258789,26200,0.0,0.0
2022-10-06 00:00:00-04:00,17.5,17.56999969482422,17.3799991607666,17.399999618530273,27200,0.0,0.0
2022-10-07 00:00:00-04:00,17.309999465942383,17.309999465942383,16.75,16.81999969482422,52600,0.0,0.0
2022-10-10 00:00:00-04:00,16.760000228881836,16.889999389648438,16.649999618530273,16.670000076293945,64500,0.0,0.0
2022-10-11 00:00:00-04:00,16.59000015258789,16.790000915527344,16.530000686645508,16.59000015258789,56400,0.0,0.0
2022-10-12 00:00:00-04:00,16.540000915527344,17.030000686645508,16.450000762939453,16.969999313354492,53300,0.0,0.0
2022-10-13 00:00:00-04:00,16.81999969482422,17.579999923706055,16.610000610351562,17.420000076293945,83600,0.0,0.0
2022-10-14 00:00:00-04:00,17.59000015258789,17.59000015258789,17.299999237060547,17.34000015258789,38900,0.0,0.0
2022-10-17 00:00:00-04:00,17.549999237060547,17.649999618530273,17.09000015258789,17.260000228881836,72200,0.0,0.0
2022-10-18 00:00:00-04:00,17.440000534057617,18.079999923706055,17.440000534057617,17.889999389648438,46200,0.0,0.0
2022-10-19 00:00:00-04:00,17.809999465942383,18.030000686645508,17.600000381469727,18.0,56100,0.0,0.0
2022-10-20 00:00:00-04:00,18.139999389648438,18.600000381469727,17.989999771118164,18.440000534057617,123200,0.0,0.0
2022-10-21 00:00:00-04:00,18.6299991607666,19.059999465942383,18.489999771118164,18.969999313354492,71500,0.0,0.0
2022-10-24 00:00:00-04:00,19.239999771118164,19.469999313354492,19.06999969482422,19.40999984741211,85500,0.0,0.0
2022-10-25 00:00:00-04:00,19.43000030517578,19.670000076293945,19.43000030517578,19.6299991607666,80400,0.0,0.0
2022-10-26 00:00:00-04:00,19.75,19.8700008392334,19.649999618530273,19.760000228881836,70400,0.0,0.0
2022-10-27 00:00:00-04:00,19.850000381469727,20.0,19.739999771118164,19.75,62600,0.0,0.0
2022-10-28 00:00:00-04:00,19.81999969482422,20.0,19.700000762939453,19.989999771118164,68900,0.0,0.0
2022-10-31 00:00:00-04:00,19.889999389648438,19.889999389648438,19.549999237060547,19.649999618530273,67000,0.0,0.0
2022-11-01 00:00:00-04:00,19.709999084472656,19.770000457763672,19.520000457763672,19.670000076293945,46600,0.0,0.0
2022-11-02 00:00:00-04:00,19.6299991607666,19.719999313354492,19.270000457763672,19.389999389648438,78500,0.0,0.0
2022-11-03 00:00:00-04:00,19.239999771118164,19.329999923706055,18.979999542236328,19.25,51500,0.0,0.0
2022-11-04 00:00:00-04:00,19.299999237060547,19.75,19.110000610351562,19.729999542236328,66000,0.0,0.0
2022-11-07 00:00:00-05:00,19.729999542236328,19.809999465942383,19.649999618530273,19.729999542236328,45100,0.0,0.0
2022-11-08 00:00:00-05:00,19.729999542236328,19.899999618530273,19.530000686645508,19.690000534057617,49800,0.0,0.0
2022-11-09 00:00:00-05:00,19.690000534057617,19.850000381469727,19.469999313354492,19.6200008392334,41800,0.0,0.0
2022-11-10 00:00:00-05:00,20.020000457763672,20.219999313354492,19.770000457763672,20.040000915527344,74000,0.0,0.0
2022-11-11 00:00:00-05:00,20.09000015258789,20.09000015258789,19.739999771118164,19.81999969482422,36800,0.0,0.0
2022-11-14 00:00:00-05:00,19.700000762939453,19.979999542236328,19.65999984741211,19.729999542236328,74800,0.0,0.0
2022-11-15 00:00:00-05:00,19.989999771118164,20.06999969482422,19.719999313354492,19.8799991607666,42800,0.0,0.0
2022-11-16 00:00:00-05:00,19.81999969482422,19.860000610351562,19.65999984741211,19.829999923706055,30600,0.0,0.0
2022-11-17 00:00:00-05:00,19.770000457763672,20.010000228881836,19.649999618530273,19.979999542236328,29900,0.0,0.0
2022-11-18 00:00:00-05:00,20.100000381469727,20.100000381469727,19.8700008392334,19.940000534057617,35100,0.0,0.0
2022-11-21 00:00:00-05:00,19.84000015258789,20.079999923706055,19.84000015258789,19.969999313354492,37300,0.0,0.0
2022-11-22 00:00:00-05:00,20.0,20.200000762939453,19.959999084472656,20.079999923706055,50900,0.0,0.0
2022-11-23 00:00:00-05:00,20.079999923706055,20.079999923706055,19.5,19.709999084472656,24800,0.0,0.0
2022-11-25 00:00:00-05:00,19.809999465942383,19.860000610351562,19.68000030517578,19.700000762939453,8500,0.0,0.0
2022-11-28 00:00:00-05:00,19.479999542236328,19.489999771118164,18.979999542236328,19.049999237060547,36100,0.0,0.0
2022-11-29 00:00:00-05:00,19.149999618530273,19.170000076293945,18.940000534057617,18.940000534057617,20600,0.0,0.0
2022-11-30 00:00:00-05:00,19.030000686645508,19.030000686645508,18.6200008392334,18.850000381469727,77700,0.0,0.0
2022-12-01 00:00:00-05:00,18.969999313354492,19.1299991607666,18.690000534057617,18.969999313354492,73300,0.0,0.0
2022-12-02 00:00:00-05:00,18.8700008392334,19.190000534057617,18.8700008392334,19.049999237060547,49000,0.0,0.0
2022-12-05 00:00:00-05:00,19.040000915527344,19.079999923706055,18.40999984741211,18.670000076293945,49700,0.0,0.0
2022-12-06 00:00:00-05:00,18.540000915527344,18.770000457763672,18.43000030517578,18.549999237060547,52000,0.0,0.0
2022-12-07 00:00:00-05:00,18.56999969482422,18.719999313354492,18.360000610351562,18.5,42700,0.0,0.0
2022-12-08 00:00:00-05:00,18.510000228881836,18.59000015258789,18.450000762939453,18.56999969482422,19200,0.0,0.0
2022-12-09 00:00:00-05:00,18.450000762939453,18.56999969482422,18.3700008392334,18.440000534057617,23400,0.0,0.0
2022-12-12 00:00:00-05:00,18.450000762939453,18.739999771118164,18.440000534057617,18.68000030517578,35500,0.0,0.0
2022-12-13 00:00:00-05:00,18.770000457763672,19.0,18.600000381469727,18.75,86600,0.0,0.0
2022-12-14 00:00:00-05:00,18.780000686645508,19.040000915527344,18.649999618530273,18.760000228881836,55500,0.0,0.0
2022-12-15 00:00:00-05:00,18.600000381469727,18.600000381469727,18.010000228881836,18.149999618530273,45400,0.0,0.0
2022-12-16 00:00:00-05:00,17.93000030517578,18.700000762939453,17.760000228881836,18.649999618530273,258700,0.0,0.0
2022-12-19 00:00:00-05:00,18.59000015258789,18.68000030517578,17.799999237060547,18.030000686645508,100800,0.0,0.0
2022-12-20 00:00:00-05:00,17.989999771118164,18.1299991607666,17.809999465942383,18.079999923706055,63100,0.0,0.0
2022-12-21 00:00:00-05:00,18.200000762939453,18.389999389648438,18.079999923706055,18.260000228881836,31000,0.0,0.0
2022-12-22 00:00:00-05:00,18.020000457763672,18.079999923706055,17.790000915527344,18.049999237060547,25500,0.0,0.0
2022-12-23 00:00:00-05:00,17.899999618530273,18.100000381469727,17.860000610351562,18.040000915527344,33000,0.0,0.0
2022-12-27 00:00:00-05:00,18.010000228881836,18.309999465942383,17.920000076293945,18.209999084472656,43600,0.0,0.0
2022-12-28 00:00:00-05:00,18.190000534057617,18.190000534057617,17.809999465942383,17.850000381469727,34200,0.0,0.0
2022-12-29 00:00:00-05:00,17.920000076293945,18.200000762939453,17.889999389648438,18.049999237060547,43200,0.0,0.0
2022-12-30 00:00:00-05:00,17.989999771118164,18.1299991607666,17.90999984741211,17.989999771118164,124800,0.0,0.0
2023-01-03 00:00:00-05:00,17.959999084472656,18.059999465942383,17.739999771118164,17.889999389648438,78100,0.0,0.0
2023-01-04 00:00:00-05:00,18.0,18.190000534057617,17.950000762939453,17.979999542236328,53900,0.0,0.0
2023-01-05 00:00:00-05:00,17.969999313354492,18.040000915527344,17.790000915527344,17.84000015258789,33000,0.0,0.0
2023-01-06 00:00:00-05:00,17.989999771118164,18.290000915527344,17.940000534057617,18.209999084472656,44300,0.0,0.0
2023-01-09 00:00:00-05:00,18.219999313354492,18.25,17.899999618530273,17.959999084472656,56900,0.0,0.0
2023-01-10 00:00:00-05:00,17.899999618530273,18.030000686645508,17.84000015258789,17.899999618530273,38500,0.0,0.0
2023-01-11 00:00:00-05:00,17.989999771118164,18.18000030517578,17.850000381469727,18.139999389648438,43700,0.0,0.0
2023-01-12 00:00:00-05:00,18.190000534057617,18.3700008392334,18.1200008392334,18.219999313354492,44700,0.0,0.0
2023-01-13 00:00:00-05:00,18.1299991607666,18.3700008392334,18.030000686645508,18.299999237060547,21600,0.0,0.0
2023-01-17 00:00:00-05:00,18.299999237060547,18.43000030517578,18.079999923706055,18.229999542236328,42600,0.0,0.0
2023-01-18 00:00:00-05:00,18.200000762939453,18.200000762939453,17.770000457763672,17.799999237060547,31700,0.0,0.0
2023-01-19 00:00:00-05:00,17.739999771118164,17.739999771118164,17.530000686645508,17.600000381469727,45400,0.0,0.0
2023-01-20 00:00:00-05:00,17.75,17.850000381469727,17.59000015258789,17.81999969482422,55900,0.0,0.0
2023-01-23 00:00:00-05:00,17.8799991607666,18.100000381469727,17.670000076293945,18.030000686645508,52300,0.0,0.0
2023-01-24 00:00:00-05:00,18.030000686645508,18.209999084472656,18.010000228881836,18.079999923706055,44300,0.0,0.0
2023-01-25 00:00:00-05:00,18.049999237060547,18.1299991607666,18.020000457763672,18.079999923706055,40900,0.0,0.0
2023-01-26 00:00:00-05:00,17.950000762939453,18.18000030517578,17.950000762939453,18.18000030517578,69800,0.0,0.0
2023-01-27 00:00:00-05:00,18.15999984741211,18.190000534057617,18.020000457763672,18.030000686645508,61900,0.0,0.0
2023-01-30 00:00:00-05:00,18.020000457763672,18.170000076293945,17.799999237060547,17.799999237060547,51900,0.0,0.0
2023-01-31 00:00:00-05:00,17.829999923706055,18.149999618530273,17.739999771118164,17.989999771118164,72800,0.0,0.0
2023-02-01 00:00:00-05:00,17.950000762939453,18.149999618530273,17.81999969482422,17.90999984741211,65300,0.0,0.0
2023-02-02 00:00:00-05:00,17.770000457763672,17.770000457763672,17.5,17.59000015258789,52100,0.0,0.0
2023-02-03 00:00:00-05:00,17.530000686645508,18.079999923706055,17.520000457763672,17.940000534057617,66600,0.0,0.0
2023-02-06 00:00:00-05:00,17.81999969482422,17.829999923706055,17.549999237060547,17.65999984741211,40200,0.0,0.0
2023-02-07 00:00:00-05:00,17.649999618530273,17.739999771118164,17.520000457763672,17.6299991607666,50500,0.0,0.0
2023-02-08 00:00:00-05:00,17.520000457763672,17.59000015258789,17.360000610351562,17.520000457763672,55500,0.0,0.0
2023-02-09 00:00:00-05:00,17.540000915527344,17.65999984741211,17.350000381469727,17.399999618530273,55300,0.0,0.0
2023-02-10 00:00:00-05:00,17.309999465942383,17.510000228881836,17.280000686645508,17.40999984741211,40500,0.0,0.0
2023-02-13 00:00:00-05:00,17.3700008392334,17.68000030517578,17.360000610351562,17.56999969482422,40900,0.0,0.0
2023-02-14 00:00:00-05:00,17.469999313354492,17.56999969482422,17.43000030517578,17.450000762939453,30200,0.0,0.0
2023-02-15 00:00:00-05:00,17.40999984741211,17.59000015258789,17.40999984741211,17.5,22100,0.0,0.0
2023-02-16 00:00:00-05:00,17.3799991607666,17.450000762939453,17.270000457763672,17.329999923706055,51800,0.0,0.0
2023-02-17 00:00:00-05:00,17.399999618530273,17.6200008392334,17.3700008392334,17.59000015258789,52600,0.0,0.0
2023-02-21 00:00:00-05:00,17.520000457763672,17.649999618530273,17.510000228881836,17.530000686645508,39400,0.0,0.0
2023-02-22 00:00:00-05:00,17.520000457763672,17.6200008392334,17.43000030517578,17.510000228881836,50900,0.0,0.0
2023-02-23 00:00:00-05:00,17.510000228881836,17.670000076293945,17.43000030517578,17.600000381469727,31500,0.0,0.0
2023-02-24 00:00:00-05:00,17.450000762939453,17.520000457763672,17.3799991607666,17.489999771118164,56900,0.0,0.0
2023-02-27 00:00:00-05:00,17.5,17.6200008392334,17.399999618530273,17.450000762939453,35200,0.0,0.0
2023-02-28 00:00:00-05:00,17.479999542236328,17.520000457763672,17.350000381469727,17.350000381469727,44000,0.0,0.0
2023-03-01 00:00:00-05:00,17.34000015258789,17.40999984741211,17.270000457763672,17.3799991607666,49700,0.0,0.0
2023-03-02 00:00:00-05:00,17.25,17.25,16.670000076293945,16.770000457763672,59400,0.0,0.0
2023-03-03 00:00:00-05:00,16.790000915527344,16.969999313354492,16.700000762939453,16.959999084472656,72700,0.0,0.0
2023-03-06 00:00:00-05:00,16.93000030517578,16.93000030517578,16.5,16.600000381469727,100700,0.0,0.0
2023-03-07 00:00:00-05:00,16.56999969482422,16.56999969482422,16.360000610351562,16.420000076293945,49300,0.0,0.0
2023-03-08 00:00:00-05:00,16.450000762939453,16.469999313354492,16.139999389648438,16.25,70100,0.0,0.0
2023-03-09 00:00:00-05:00,16.239999771118164,16.260000228881836,15.600000381469727,15.649999618530273,77700,0.0,0.0
2023-03-10 00:00:00-05:00,15.5,15.510000228881836,14.800000190734863,15.020000457763672,108100,0.0,0.0
2023-03-13 00:00:00-04:00,14.640000343322754,14.640000343322754,13.0600004196167,13.430000305175781,286600,0.0,0.0
2023-03-14 00:00:00-04:00,14.09000015258789,14.84000015258789,13.65999984741211,13.930000305175781,177000,0.0,0.0
2023-03-15 00:00:00-04:00,13.5,14.260000228881836,13.40999984741211,14.239999771118164,160000,0.0,0.0
2023-03-16 00:00:00-04:00,14.149999618530273,14.399999618530273,13.75,13.9399995803833,209800,0.0,0.0
2023-03-17 00:00:00-04:00,13.9399995803833,14.050000190734863,13.649999618530273,13.779999732971191,232000,0.0,0.0
2023-03-20 00:00:00-04:00,14.0,14.3100004196167,13.890000343322754,13.979999542236328,167000,0.0,0.0
2023-03-21 00:00:00-04:00,14.170000076293945,14.319999694824219,13.9399995803833,14.170000076293945,100700,0.0,0.0
2023-03-22 00:00:00-04:00,14.199999809265137,14.199999809265137,13.529999732971191,13.539999961853027,53600,0.0,0.0
2023-03-23 00:00:00-04:00,13.65999984741211,13.720000267028809,13.229999542236328,13.260000228881836,82100,0.0,0.0
2023-03-24 00:00:00-04:00,13.220000267028809,13.699999809265137,13.0,13.329999923706055,104200,0.0,0.0
2023-03-27 00:00:00-04:00,13.59000015258789,13.90999984741211,13.529999732971191,13.579999923706055,122700,0.0,0.0
2023-03-28 00:00:00-04:00,13.539999961853027,13.539999961853027,13.270000457763672,13.359999656677246,50300,0.0,0.0
2023-03-29 00:00:00-04:00,13.460000038146973,13.550000190734863,12.65999984741211,13.020000457763672,159000,0.0,0.0
2023-03-30 00:00:00-04:00,13.100000381469727,13.319999694824219,13.0600004196167,13.220000267028809,96300,0.0,0.0
2023-03-31 00:00:00-04:00,13.229999542236328,13.279999732971191,13.010000228881836,13.130000114440918,131200,0.0,0.0
2023-04-03 00:00:00-04:00,13.149999618530273,13.25,12.850000381469727,13.069999694824219,90000,0.0,0.0
2023-04-04 00:00:00-04:00,13.119999885559082,13.119999885559082,12.329999923706055,12.449999809265137,86800,0.0,0.0
2023-04-05 00:00:00-04:00,12.380000114440918,12.40999984741211,11.970000267028809,12.039999961853027,69600,0.0,0.0
2023-04-06 00:00:00-04:00,11.979999542236328,12.1899995803833,11.880000114440918,12.029999732971191,77500,0.0,0.0
2023-04-10 00:00:00-04:00,12.0,12.1899995803833,11.890000343322754,11.930000305175781,76800,0.0,0.0
2023-04-11 00:00:00-04:00,11.949999809265137,11.949999809265137,11.649999618530273,11.760000228881836,65100,0.0,0.0
2023-04-12 00:00:00-04:00,11.779999732971191,11.779999732971191,11.380000114440918,11.460000038146973,94900,0.0,0.0
2023-04-13 00:00:00-04:00,11.390000343322754,11.600000381469727,11.369999885559082,11.510000228881836,67000,0.0,0.0
2023-04-14 00:00:00-04:00,11.609999656677246,11.819999694824219,11.119999885559082,11.180000305175781,97600,0.0,0.0
2023-04-17 00:00:00-04:00,11.270000457763672,11.630000114440918,11.170000076293945,11.600000381469727,84200,0.0,0.0
2023-04-18 00:00:00-04:00,11.630000114440918,11.65999984741211,11.0600004196167,11.140000343322754,122600,0.0,0.0
2023-04-19 00:00:00-04:00,11.079999923706055,11.229999542236328,10.710000038146973,11.0,156400,0.0,0.0
2023-04-20 00:00:00-04:00,10.989999771118164,11.079999923706055,10.779999732971191,10.989999771118164,98900,0.0,0.0
2023-04-21 00:00:00-04:00,10.989999771118164,11.210000038146973,10.970000267028809,11.0,108800,0.0,0.0
2023-04-24 00:00:00-04:00,11.100000381469727,11.359999656677246,11.050000190734863,11.319999694824219,120700,0.0,0.0
2023-04-25 00:00:00-04:00,11.279999732971191,11.6899995803833,11.199999809265137,11.380000114440918,146900,0.0,0.0
2023-04-26 00:00:00-04:00,11.350000381469727,11.510000228881836,11.140000343322754,11.5,103500,0.0,0.0
2023-04-27 00:00:00-04:00,11.520000457763672,11.699999809265137,11.380000114440918,11.520000457763672,65800,0.0,0.0
2023-04-28 00:00:00-04:00,11.5,12.050000190734863,11.470000267028809,11.800000190734863,125000,0.0,0.0
2023-05-01 00:00:00-04:00,11.90999984741211,12.050000190734863,11.420000076293945,11.520000457763672,123100,0.0,0.0
2023-05-02 00:00:00-04:00,11.539999961853027,11.539999961853027,10.670000076293945,11.010000228881836,147000,0.0,0.0
2023-05-03 00:00:00-04:00,11.15999984741211,11.399999618530273,10.859999656677246,11.199999809265137,172000,0.0,0.0
2023-05-04 00:00:00-04:00,10.859999656677246,11.010000228881836,10.229999542236328,10.399999618530273,130500,0.0,0.0
2023-05-05 00:00:00-04:00,10.819999694824219,10.960000038146973,10.59000015258789,10.739999771118164,121200,0.0,0.0
2023-05-08 00:00:00-04:00,10.90999984741211,10.90999984741211,10.569999694824219,10.640000343322754,88100,0.0,0.0
2023-05-09 00:00:00-04:00,10.600000381469727,11.010000228881836,10.25,10.40999984741211,60800,0.0,0.0
2023-05-10 00:00:00-04:00,10.489999771118164,10.649999618530273,10.279999732971191,10.460000038146973,196100,0.0,0.0
2023-05-11 00:00:00-04:00,10.34000015258789,11.3100004196167,10.170000076293945,10.260000228881836,81200,0.0,0.0
2023-05-12 00:00:00-04:00,10.279999732971191,10.390000343322754,9.970000267028809,10.079999923706055,70600,0.0,0.0
2023-05-15 00:00:00-04:00,10.09000015258789,10.539999961853027,10.09000015258789,10.220000267028809,76100,0.0,0.0
2023-05-16 00:00:00-04:00,10.140000343322754,10.3100004196167,10.050000190734863,10.109999656677246,86900,0.0,0.0
2023-05-17 00:00:00-04:00,10.270000457763672,10.760000228881836,10.210000038146973,10.75,90100,0.0,0.0
2023-05-18 00:00:00-04:00,10.84000015258789,11.050000190734863,10.710000038146973,11.020000457763672,85000,0.0,0.0
2023-05-19 00:00:00-04:00,11.100000381469727,11.130000114440918,10.539999961853027,10.569999694824219,76200,0.0,0.0
2023-05-22 00:00:00-04:00,10.649999618530273,11.180000305175781,10.600000381469727,11.15999984741211,97900,0.0,0.0
2023-05-23 00:00:00-04:00,11.210000038146973,11.710000038146973,11.199999809265137,11.4399995803833,81000,0.0,0.0
2023-05-24 00:00:00-04:00,11.399999618530273,11.399999618530273,10.989999771118164,11.010000228881836,51700,0.0,0.0
2023-05-25 00:00:00-04:00,11.0,11.020000457763672,10.760000228881836,10.890000343322754,29500,0.0,0.0
2023-05-26 00:00:00-04:00,10.869999885559082,11.020000457763672,10.760000228881836,11.0,39300,0.0,0.0
2023-05-30 00:00:00-04:00,11.020000457763672,11.069999694824219,10.800000190734863,10.979999542236328,41200,0.0,0.0
2023-05-31 00:00:00-04:00,10.979999542236328,10.979999542236328,10.510000228881836,10.609999656677246,44600,0.0,0.0
2023-06-01 00:00:00-04:00,10.670000076293945,11.079999923706055,10.510000228881836,10.770000457763672,55000,0.0,0.0
2023-06-02 00:00:00-04:00,10.920000076293945,11.65999984741211,10.920000076293945,11.640000343322754,58700,0.0,0.0
2023-06-05 00:00:00-04:00,11.619999885559082,11.619999885559082,11.130000114440918,11.149999618530273,48900,0.0,0.0
2023-06-06 00:00:00-04:00,10.979999542236328,11.789999961853027,10.960000038146973,11.640000343322754,49700,0.0,0.0
2023-06-07 00:00:00-04:00,11.800000190734863,12.619999885559082,11.800000190734863,12.529999732971191,129800,0.0,0.0
2023-06-08 00:00:00-04:00,12.65999984741211,12.65999984741211,11.930000305175781,12.039999961853027,59100,0.0,0.0
2023-06-09 00:00:00-04:00,12.020000457763672,12.020000457763672,11.729999542236328,11.8100004196167,39100,0.0,0.0
2023-06-12 00:00:00-04:00,11.869999885559082,12.220000267028809,11.819999694824219,11.989999771118164,83000,0.0,0.0
2023-06-13 00:00:00-04:00,11.989999771118164,12.699999809265137,11.989999771118164,12.699999809265137,48800,0.0,0.0
2023-06-14 00:00:00-04:00,12.59000015258789,12.869999885559082,12.260000228881836,12.3100004196167,60500,0.0,0.0
2023-06-15 00:00:00-04:00,12.25,12.550000190734863,12.1899995803833,12.479999542236328,35300,0.0,0.0
2023-06-16 00:00:00-04:00,12.609999656677246,12.609999656677246,12.109999656677246,12.40999984741211,84100,0.0,0.0
2023-06-20 00:00:00-04:00,12.5,12.5,12.029999732971191,12.079999923706055,53800,0.0,0.0
2023-06-21 00:00:00-04:00,12.09000015258789,12.220000267028809,11.949999809265137,12.010000228881836,44900,0.0,0.0
2023-06-22 00:00:00-04:00,12.0,12.0,11.670000076293945,11.8100004196167,48600,0.0,0.0
2023-06-23 00:00:00-04:00,11.59000015258789,12.180000305175781,11.550000190734863,11.970000267028809,239700,0.0,0.0
2023-06-26 00:00:00-04:00,11.970000267028809,12.100000381469727,11.859999656677246,11.949999809265137,65700,0.0,0.0
2023-06-27 00:00:00-04:00,11.989999771118164,12.09000015258789,11.819999694824219,11.890000343322754,40900,0.0,0.0
2023-06-28 00:00:00-04:00,11.729999542236328,11.8100004196167,11.609999656677246,11.640000343322754,23000,0.0,0.0
2023-06-29 00:00:00-04:00,11.75,11.949999809265137,11.609999656677246,11.880000114440918,25900,0.0,0.0
2023-06-30 00:00:00-04:00,11.960000038146973,11.960000038146973,11.729999542236328,11.739999771118164,38400,0.0,0.0
2023-07-03 00:00:00-04:00,11.779999732971191,11.979999542236328,11.779999732971191,11.829999923706055,14800,0.0,0.0
2023-07-05 00:00:00-04:00,11.859999656677246,11.949999809265137,11.739999771118164,11.8100004196167,37400,0.0,0.0
2023-07-06 00:00:00-04:00,11.510000228881836,11.65999984741211,11.420000076293945,11.520000457763672,58400,0.0,0.0
2023-07-07 00:00:00-04:00,11.520000457763672,11.880000114440918,11.420000076293945,11.75,118300,0.0,0.0
2023-07-10 00:00:00-04:00,11.739999771118164,11.970000267028809,11.539999961853027,11.600000381469727,33000,0.0,0.0
2023-07-11 00:00:00-04:00,11.640000343322754,11.75,11.479999542236328,11.6899995803833,47800,0.0,0.0
2023-07-12 00:00:00-04:00,11.890000343322754,12.119999885559082,11.4399995803833,11.789999961853027,50200,0.0,0.0
2023-07-13 00:00:00-04:00,11.859999656677246,11.960000038146973,11.510000228881836,11.890000343322754,45700,0.0,0.0
2023-07-14 00:00:00-04:00,11.930000305175781,11.930000305175781,11.630000114440918,11.789999961853027,49200,0.0,0.0
2023-07-17 00:00:00-04:00,11.779999732971191,12.0,11.550000190734863,11.890000343322754,45900,0.0,0.0
2023-07-18 00:00:00-04:00,11.880000114440918,12.359999656677246,11.649999618530273,12.329999923706055,134600,0.0,0.0
2023-07-19 00:00:00-04:00,12.569999694824219,12.760000228881836,12.520000457763672,12.75,79600,0.0,0.0
2023-07-20 00:00:00-04:00,12.699999809265137,12.800000190734863,11.5600004196167,12.449999809265137,167800,0.0,0.0
2023-07-21 00:00:00-04:00,12.539999961853027,12.539999961853027,12.1899995803833,12.229999542236328,74800,0.0,0.0
2023-07-24 00:00:00-04:00,12.260000228881836,12.739999771118164,12.260000228881836,12.6899995803833,53800,0.0,0.0
2023-07-25 00:00:00-04:00,12.6899995803833,12.880000114440918,12.460000038146973,12.569999694824219,25400,0.0,0.0
2023-07-26 00:00:00-04:00,12.720000267028809,13.09000015258789,12.649999618530273,12.899999618530273,72400,0.0,0.0
2023-07-27 00:00:00-04:00,13.029999732971191,13.039999961853027,12.729999542236328,12.800000190734863,51700,0.0,0.0
2023-07-28 00:00:00-04:00,12.850000381469727,13.039999961853027,12.8100004196167,12.859999656677246,35400,0.0,0.0
2023-07-31 00:00:00-04:00,12.8100004196167,13.0,12.779999732971191,12.850000381469727,42500,0.0,0.0
2023-08-01 00:00:00-04:00,12.829999923706055,12.829999923706055,12.600000381469727,12.779999732971191,37300,0.0,0.0
2023-08-02 00:00:00-04:00,12.619999885559082,12.8100004196167,12.619999885559082,12.760000228881836,53100,0.0,0.0
2023-08-03 00:00:00-04:00,12.470000267028809,12.699999809265137,12.470000267028809,12.600000381469727,34000,0.0,0.0
2023-08-04 00:00:00-04:00,12.600000381469727,12.75,12.390000343322754,12.40999984741211,40400,0.0,0.0
2023-08-07 00:00:00-04:00,12.4399995803833,12.710000038146973,12.430000305175781,12.630000114440918,34700,0.0,0.0
2023-08-08 00:00:00-04:00,12.420000076293945,12.550000190734863,12.210000038146973,12.5,28400,0.0,0.0
2023-08-09 00:00:00-04:00,12.3100004196167,12.5600004196167,12.199999809265137,12.279999732971191,62000,0.0,0.0
2023-08-10 00:00:00-04:00,12.350000381469727,12.399999618530273,12.25,12.300000190734863,44100,0.0,0.0
2023-08-11 00:00:00-04:00,12.279999732971191,12.350000381469727,12.1899995803833,12.260000228881836,27100,0.0,0.0
2023-08-14 00:00:00-04:00,12.25,12.25,11.850000381469727,11.890000343322754,32200,0.0,0.0
2023-08-15 00:00:00-04:00,11.770000457763672,11.770000457763672,11.5,11.529999732971191,35800,0.0,0.0
2023-08-16 00:00:00-04:00,11.59000015258789,11.670000076293945,11.350000381469727,11.369999885559082,47600,0.0,0.0
2023-08-17 00:00:00-04:00,11.5,11.779999732971191,11.40999984741211,11.649999618530273,74600,0.0,0.0
2023-08-18 00:00:00-04:00,11.59000015258789,11.710000038146973,11.510000228881836,11.550000190734863,108500,0.0,0.0
2023-08-21 00:00:00-04:00,11.649999618530273,11.649999618530273,11.270000457763672,11.359999656677246,40900,0.0,0.0
2023-08-22 00:00:00-04:00,11.460000038146973,11.460000038146973,11.039999961853027,11.100000381469727,49200,0.0,0.0
2023-08-23 00:00:00-04:00,11.119999885559082,11.430000305175781,11.119999885559082,11.430000305175781,45100,0.0,0.0
2023-08-24 00:00:00-04:00,11.390000343322754,11.640000343322754,11.180000305175781,11.359999656677246,27000,0.0,0.0
2023-08-25 00:00:00-04:00,11.380000114440918,11.390000343322754,11.119999885559082,11.210000038146973,20800,0.0,0.0
2023-08-28 00:00:00-04:00,11.210000038146973,11.449999809265137,11.210000038146973,11.300000190734863,36400,0.0,0.0
2023-08-29 00:00:00-04:00,11.300000190734863,11.479999542236328,11.270000457763672,11.449999809265137,36900,0.0,0.0
2023-08-30 00:00:00-04:00,11.649999618530273,11.710000038146973,11.5,11.630000114440918,59400,0.0,0.0
2023-08-31 00:00:00-04:00,11.649999618530273,11.710000038146973,11.329999923706055,11.380000114440918,37800,0.0,0.0
2023-09-01 00:00:00-04:00,11.399999618530273,11.869999885559082,11.399999618530273,11.859999656677246,40100,0.0,0.0
2023-09-05 00:00:00-04:00,11.850000381469727,11.989999771118164,11.720000267028809,11.84000015258789,43200,0.0,0.0
2023-09-06 00:00:00-04:00,11.859999656677246,11.859999656677246,11.550000190734863,11.6899995803833,62900,0.0,0.0
2023-09-07 00:00:00-04:00,11.6899995803833,11.949999809265137,11.569999694824219,11.789999961853027,134200,0.0,0.0
2023-09-08 00:00:00-04:00,11.829999923706055,11.899999618530273,11.649999618530273,11.819999694824219,15400,0.0,0.0
2023-09-11 00:00:00-04:00,11.9399995803833,11.9399995803833,11.699999809265137,11.760000228881836,31800,0.0,0.0
2023-09-12 00:00:00-04:00,11.710000038146973,12.0,11.710000038146973,11.899999618530273,19600,0.0,0.0
2023-09-13 00:00:00-04:00,11.859999656677246,11.859999656677246,11.65999984741211,11.739999771118164,25400,0.0,0.0
2023-09-14 00:00:00-04:00,11.789999961853027,12.020000457763672,11.789999961853027,12.0,45200,0.0,0.0
2023-09-15 00:00:00-04:00,11.970000267028809,12.100000381469727,11.899999618530273,11.949999809265137,85600,0.0,0.0
2023-09-18 00:00:00-04:00,11.960000038146973,11.960000038146973,11.539999961853027,11.579999923706055,27400,0.0,0.0
2023-09-19 00:00:00-04:00,11.550000190734863,11.600000381469727,11.430000305175781,11.449999809265137,36000,0.0,0.0
2023-09-20 00:00:00-04:00,11.600000381469727,11.619999885559082,11.380000114440918,11.399999618530273,17000,0.0,0.0
2023-09-21 00:00:00-04:00,11.359999656677246,11.489999771118164,11.3100004196167,11.460000038146973,26900,0.0,0.0
2023-09-22 00:00:00-04:00,11.5600004196167,11.5600004196167,11.3100004196167,11.399999618530273,16600,0.0,0.0
2023-09-25 00:00:00-04:00,11.329999923706055,11.539999961853027,11.329999923706055,11.470000267028809,17600,0.0,0.0
2023-09-26 00:00:00-04:00,11.59000015258789,11.600000381469727,11.3100004196167,11.34000015258789,24600,0.0,0.0
2023-09-27 00:00:00-04:00,11.3100004196167,11.449999809265137,11.079999923706055,11.100000381469727,47600,0.0,0.0
2023-09-28 00:00:00-04:00,11.180000305175781,11.350000381469727,11.149999618530273,11.1899995803833,23600,0.0,0.0
2023-09-29 00:00:00-04:00,11.289999961853027,11.3100004196167,11.130000114440918,11.140000343322754,25300,0.0,0.0
2023-10-02 00:00:00-04:00,11.0600004196167,11.109999656677246,10.880000114440918,10.9399995803833,38000,0.0,0.0
2023-10-03 00:00:00-04:00,10.949999809265137,10.949999809265137,10.739999771118164,10.739999771118164,27300,0.0,0.0
2023-10-04 00:00:00-04:00,10.720000267028809,11.0600004196167,10.649999618530273,11.0,38700,0.0,0.0
2023-10-05 00:00:00-04:00,11.010000228881836,11.210000038146973,11.010000228881836,11.210000038146973,32400,0.0,0.0
2023-10-06 00:00:00-04:00,11.300000190734863,11.319999694824219,10.9399995803833,11.3100004196167,48900,0.0,0.0
2023-10-09 00:00:00-04:00,11.199999809265137,11.369999885559082,11.180000305175781,11.220000267028809,19800,0.0,0.0
2023-10-10 00:00:00-04:00,11.239999771118164,11.390000343322754,11.229999542236328,11.279999732971191,23800,0.0,0.0
2023-10-11 00:00:00-04:00,11.239999771118164,11.300000190734863,11.119999885559082,11.239999771118164,36900,0.0,0.0
2023-10-12 00:00:00-04:00,11.170000076293945,11.300000190734863,11.010000228881836,11.170000076293945,46000,0.0,0.0
2023-10-13 00:00:00-04:00,11.180000305175781,11.180000305175781,10.859999656677246,10.899999618530273,21400,0.0,0.0
2023-10-16 00:00:00-04:00,10.979999542236328,11.170000076293945,10.979999542236328,11.09000015258789,18300,0.0,0.0
2023-10-17 00:00:00-04:00,11.119999885559082,11.420000076293945,11.109999656677246,11.300000190734863,28300,0.0,0.0
2023-10-18 00:00:00-04:00,11.319999694824219,11.4399995803833,11.039999961853027,11.079999923706055,21400,0.0,0.0
2023-10-19 00:00:00-04:00,11.550000190734863,11.550000190734863,10.829999923706055,10.880000114440918,28900,0.0,0.0
2023-10-20 00:00:00-04:00,10.9399995803833,10.9399995803833,10.520000457763672,10.630000114440918,55100,0.0,0.0
2023-10-23 00:00:00-04:00,10.539999961853027,10.5600004196167,9.789999961853027,9.789999961853027,134900,0.0,0.0
2023-10-24 00:00:00-04:00,9.899999618530273,9.930000305175781,9.479999542236328,9.619999885559082,90400,0.0,0.0
2023-10-25 00:00:00-04:00,9.479999542236328,9.75,9.399999618530273,9.529999732971191,37200,0.0,0.0
2023-10-26 00:00:00-04:00,9.59000015258789,10.079999923706055,9.59000015258789,10.050000190734863,85300,0.0,0.0
2023-10-27 00:00:00-04:00,10.1899995803833,10.1899995803833,9.729999542236328,9.930000305175781,36500,0.0,0.0
2023-10-30 00:00:00-04:00,10.039999961853027,10.210000038146973,9.75,10.210000038146973,27600,0.0,0.0
2023-10-31 00:00:00-04:00,10.260000228881836,10.329999923706055,10.119999885559082,10.279999732971191,43000,0.0,0.0
2023-11-01 00:00:00-04:00,10.319999694824219,10.319999694824219,9.970000267028809,10.210000038146973,40300,0.0,0.0
2023-11-02 00:00:00-04:00,10.050000190734863,10.720000267028809,10.050000190734863,10.710000038146973,49800,0.0,0.0
2023-11-03 00:00:00-04:00,10.979999542236328,11.119999885559082,10.770000457763672,11.0,58400,0.0,0.0
2023-11-06 00:00:00-05:00,11.069999694824219,11.069999694824219,10.8100004196167,10.960000038146973,35000,0.0,0.0
2023-11-07 00:00:00-05:00,10.949999809265137,10.949999809265137,10.579999923706055,10.699999809265137,25300,0.0,0.0
2023-11-08 00:00:00-05:00,10.649999618530273,10.720000267028809,10.529999732971191,10.59000015258789,20800,0.0,0.0
2023-11-09 00:00:00-05:00,10.600000381469727,10.720000267028809,10.449999809265137,10.479999542236328,37300,0.0,0.0
2023-11-10 00:00:00-05:00,10.449999809265137,10.640000343322754,10.399999618530273,10.619999885559082,21000,0.0,0.0
2023-11-13 00:00:00-05:00,10.569999694824219,10.779999732971191,10.399999618530273,10.739999771118164,30100,0.0,0.0
2023-11-14 00:00:00-05:00,11.029999732971191,11.699999809265137,11.029999732971191,11.5600004196167,67500,0.0,0.0
2023-11-15 00:00:00-05:00,11.470000267028809,11.949999809265137,11.470000267028809,11.600000381469727,39400,0.0,0.0
2023-11-16 00:00:00-05:00,11.460000038146973,11.609999656677246,11.390000343322754,11.529999732971191,58300,0.0,0.0
2023-11-17 00:00:00-05:00,11.710000038146973,11.789999961853027,11.600000381469727,11.670000076293945,31300,0.0,0.0
2023-11-20 00:00:00-05:00,11.729999542236328,11.729999542236328,11.460000038146973,11.59000015258789,21300,0.0,0.0
2023-11-21 00:00:00-05:00,11.59000015258789,11.59000015258789,11.229999542236328,11.239999771118164,12000,0.0,0.0
2023-11-22 00:00:00-05:00,11.380000114440918,11.550000190734863,11.300000190734863,11.520000457763672,20600,0.0,0.0
2023-11-24 00:00:00-05:00,11.40999984741211,11.569999694824219,11.40999984741211,11.569999694824219,7000,0.0,0.0
2023-11-27 00:00:00-05:00,11.460000038146973,11.510000228881836,11.399999618530273,11.489999771118164,22900,0.0,0.0
2023-11-28 00:00:00-05:00,11.4399995803833,11.550000190734863,11.319999694824219,11.430000305175781,27100,0.0,0.0
2023-11-29 00:00:00-05:00,11.569999694824219,11.819999694824219,11.569999694824219,11.710000038146973,22000,0.0,0.0
2023-11-30 00:00:00-05:00,11.75,11.75,11.520000457763672,11.579999923706055,34200,0.0,0.0
2023-12-01 00:00:00-05:00,11.600000381469727,11.930000305175781,11.5,11.890000343322754,89900,0.0,0.0
2023-12-04 00:00:00-05:00,11.789999961853027,12.09000015258789,11.75,11.869999885559082,34200,0.0,0.0
2023-12-05 00:00:00-05:00,11.899999618530273,11.960000038146973,11.5600004196167,11.600000381469727,37200,0.0,0.0
2023-12-06 00:00:00-05:00,11.619999885559082,12.0,11.550000190734863,11.619999885559082,38000,0.0,0.0
2023-12-07 00:00:00-05:00,11.649999618530273,11.859999656677246,11.600000381469727,11.859999656677246,23500,0.0,0.0
2023-12-08 00:00:00-05:00,11.869999885559082,12.0600004196167,11.779999732971191,12.039999961853027,21600,0.0,0.0
2023-12-11 00:00:00-05:00,11.930000305175781,12.069999694824219,11.770000457763672,11.960000038146973,29600,0.0,0.0
2023-12-12 00:00:00-05:00,11.949999809265137,11.949999809265137,11.75,11.770000457763672,22600,0.0,0.0
2023-12-13 00:00:00-05:00,11.770000457763672,12.460000038146973,11.770000457763672,12.220000267028809,171300,0.0,0.0
2023-12-14 00:00:00-05:00,12.609999656677246,13.0,12.449999809265137,12.640000343322754,98700,0.0,0.0
2023-12-15 00:00:00-05:00,12.699999809265137,13.079999923706055,12.569999694824219,12.9399995803833,136500,0.0,0.0
2023-12-18 00:00:00-05:00,12.9399995803833,12.960000038146973,12.640000343322754,12.640000343322754,27700,0.0,0.0
2023-12-19 00:00:00-05:00,12.59000015258789,12.979999542236328,12.529999732971191,12.829999923706055,39300,0.0,0.0
2023-12-20 00:00:00-05:00,12.710000038146973,13.210000038146973,12.680000305175781,12.729999542236328,36000,0.0,0.0
2023-12-21 00:00:00-05:00,12.770000457763672,13.050000190734863,12.729999542236328,12.970000267028809,25300,0.0,0.0
2023-12-22 00:00:00-05:00,13.029999732971191,13.039999961853027,12.779999732971191,12.989999771118164,28500,0.0,0.0
2023-12-26 00:00:00-05:00,13.029999732971191,13.149999618530273,12.829999923706055,12.949999809265137,42300,0.0,0.0
2023-12-27 00:00:00-05:00,13.010000228881836,13.260000228881836,12.920000076293945,13.229999542236328,47200,0.0,0.0
2023-12-28 00:00:00-05:00,13.239999771118164,13.399999618530273,13.1899995803833,13.369999885559082,30100,0.0,0.0
2023-12-29 00:00:00-05:00,13.300000190734863,13.3100004196167,12.84000015258789,12.850000381469727,58600,0.0,0.0
2024-01-02 00:00:00-05:00,12.890000343322754,13.40999984741211,12.890000343322754,13.149999618530273,46500,0.0,0.0
2024-01-03 00:00:00-05:00,12.949999809265137,13.109999656677246,12.760000228881836,12.760000228881836,56700,0.0,0.0
2024-01-04 00:00:00-05:00,12.779999732971191,12.970000267028809,12.75,12.949999809265137,34000,0.0,0.0
2024-01-05 00:00:00-05:00,12.880000114440918,13.199999809265137,12.819999694824219,12.9399995803833,118400,0.0,0.0
2024-01-08 00:00:00-05:00,12.859999656677246,12.859999656677246,12.569999694824219,12.609999656677246,29600,0.0,0.0
2024-01-09 00:00:00-05:00,12.609999656677246,12.65999984741211,12.350000381469727,12.5600004196167,36700,0.0,0.0
2024-01-10 00:00:00-05:00,12.520000457763672,12.630000114440918,12.319999694824219,12.59000015258789,41700,0.0,0.0
2024-01-11 00:00:00-05:00,12.510000228881836,12.710000038146973,12.25,12.539999961853027,37200,0.0,0.0
2024-01-12 00:00:00-05:00,12.630000114440918,12.670000076293945,12.420000076293945,12.600000381469727,27800,0.0,0.0
2024-01-16 00:00:00-05:00,12.489999771118164,12.619999885559082,12.449999809265137,12.539999961853027,31900,0.0,0.0
2024-01-17 00:00:00-05:00,12.40999984741211,12.789999961853027,12.40999984741211,12.720000267028809,47700,0.0,0.0
2024-01-18 00:00:00-05:00,12.720000267028809,12.8100004196167,12.609999656677246,12.65999984741211,21500,0.0,0.0
2024-01-19 00:00:00-05:00,12.729999542236328,12.930000305175781,12.600000381469727,12.899999618530273,26900,0.0,0.0
2024-01-22 00:00:00-05:00,12.979999542236328,13.239999771118164,12.979999542236328,13.239999771118164,36000,0.0,0.0
2024-01-23 00:00:00-05:00,13.34000015258789,13.399999618530273,13.1899995803833,13.239999771118164,33300,0.0,0.0
2024-01-24 00:00:00-05:00,13.380000114440918,13.609999656677246,13.350000381469727,13.449999809265137,29500,0.0,0.0
2024-01-25 00:00:00-05:00,13.65999984741211,13.699999809265137,12.65999984741211,13.069999694824219,69000,0.0,0.0
2024-01-26 00:00:00-05:00,13.210000038146973,13.489999771118164,13.09000015258789,13.420000076293945,19000,0.0,0.0
2024-01-29 00:00:00-05:00,13.359999656677246,13.899999618530273,13.25,13.619999885559082,46200,0.0,0.0
2024-01-30 00:00:00-05:00,13.479999542236328,13.529999732971191,12.9399995803833,12.9399995803833,24700,0.0,0.0
2024-01-31 00:00:00-05:00,13.039999961853027,13.100000381469727,12.399999618530273,12.420000076293945,59000,0.0,0.0
2024-02-01 00:00:00-05:00,12.539999961853027,12.539999961853027,11.75,12.199999809265137,65500,0.0,0.0
2024-02-02 00:00:00-05:00,11.800000190734863,12.020000457763672,11.600000381469727,11.600000381469727,43000,0.0,0.0
2024-02-05 00:00:00-05:00,11.5,11.859999656677246,11.329999923706055,11.5,48800,0.0,0.0
2024-02-06 00:00:00-05:00,11.399999618530273,11.510000228881836,11.069999694824219,11.140000343322754,48000,0.0,0.0
2024-02-07 00:00:00-05:00,11.119999885559082,11.119999885559082,10.390000343322754,10.479999542236328,94900,0.0,0.0
2024-02-08 00:00:00-05:00,10.479999542236328,10.600000381469727,10.229999542236328,10.289999961853027,70800,0.0,0.0
2024-02-09 00:00:00-05:00,10.319999694824219,10.6899995803833,10.199999809265137,10.670000076293945,78600,0.0,0.0
2024-02-12 00:00:00-05:00,10.609999656677246,12.430000305175781,10.609999656677246,12.239999771118164,168600,0.0,0.0
2024-02-13 00:00:00-05:00,11.899999618530273,11.899999618530273,11.0,11.130000114440918,73500,0.0,0.0
2024-02-14 00:00:00-05:00,11.140000343322754,11.220000267028809,10.5600004196167,11.100000381469727,71700,0.0,0.0
2024-02-15 00:00:00-05:00,11.170000076293945,11.779999732971191,11.15999984741211,11.6899995803833,71300,0.0,0.0
2024-02-16 00:00:00-05:00,11.5600004196167,11.649999618530273,11.260000228881836,11.489999771118164,41500,0.0,0.0
2024-02-20 00:00:00-05:00,11.289999961853027,11.640000343322754,10.84000015258789,10.869999885559082,110500,0.0,0.0
2024-02-21 00:00:00-05:00,10.880000114440918,11.100000381469727,10.819999694824219,11.020000457763672,26700,0.0,0.0
2024-02-22 00:00:00-05:00,10.949999809265137,10.949999809265137,10.539999961853027,10.699999809265137,48300,0.0,0.0
2024-02-23 00:00:00-05:00,10.760000228881836,10.960000038146973,10.6899995803833,10.779999732971191,21900,0.0,0.0
2024-02-26 00:00:00-05:00,10.75,10.829999923706055,10.550000190734863,10.569999694824219,16900,0.0,0.0
2024-02-27 00:00:00-05:00,10.630000114440918,10.739999771118164,10.569999694824219,10.649999618530273,24800,0.0,0.0
2024-02-28 00:00:00-05:00,10.5,10.59000015258789,10.350000381469727,10.390000343322754,37300,0.0,0.0
2024-02-29 00:00:00-05:00,10.600000381469727,10.739999771118164,10.430000305175781,10.489999771118164,30500,0.0,0.0
2024-03-01 00:00:00-05:00,10.420000076293945,10.550000190734863,10.260000228881836,10.430000305175781,36900,0.0,0.0
2024-03-04 00:00:00-05:00,10.479999542236328,10.600000381469727,10.369999885559082,10.510000228881836,40700,0.0,0.0
2024-03-05 00:00:00-05:00,10.40999984741211,10.880000114440918,10.40999984741211,10.510000228881836,68300,0.0,0.0
2024-03-06 00:00:00-05:00,10.529999732971191,10.640000343322754,10.260000228881836,10.430000305175781,23400,0.0,0.0
2024-03-07 00:00:00-05:00,10.5,10.630000114440918,10.359999656677246,10.510000228881836,21800,0.0,0.0
2024-03-08 00:00:00-05:00,10.640000343322754,10.640000343322754,10.350000381469727,10.420000076293945,20500,0.0,0.0
2024-03-11 00:00:00-04:00,10.319999694824219,10.800000190734863,10.319999694824219,10.420000076293945,29600,0.0,0.0
2024-03-12 00:00:00-04:00,10.460000038146973,10.460000038146973,10.149999618530273,10.170000076293945,26300,0.0,0.0
2024-03-13 00:00:00-04:00,10.170000076293945,10.350000381469727,10.100000381469727,10.199999809265137,30000,0.0,0.0
2024-03-14 00:00:00-04:00,10.15999984741211,10.15999984741211,9.770000457763672,9.869999885559082,44900,0.0,0.0
2024-03-15 00:00:00-04:00,9.8100004196167,10.140000343322754,9.680000305175781,9.720000267028809,242100,0.0,0.0
2024-03-18 00:00:00-04:00,9.800000190734863,10.359999656677246,9.680000305175781,10.270000457763672,113800,0.0,0.0
2024-03-19 00:00:00-04:00,10.279999732971191,10.75,10.279999732971191,10.449999809265137,68600,0.0,0.0
2024-03-20 00:00:00-04:00,10.300000190734863,10.65999984741211,10.180000305175781,10.5600004196167,27500,0.0,0.0
2024-03-21 00:00:00-04:00,10.630000114440918,10.670000076293945,10.229999542236328,10.4399995803833,34800,0.0,0.0
2024-03-22 00:00:00-04:00,10.4399995803833,10.4399995803833,10.170000076293945,10.300000190734863,26800,0.0,0.0
2024-03-25 00:00:00-04:00,10.270000457763672,10.279999732971191,9.699999809265137,9.760000228881836,102100,0.0,0.0
2024-03-26 00:00:00-04:00,9.869999885559082,10.029999732971191,9.869999885559082,9.869999885559082,35500,0.0,0.0
2024-03-27 00:00:00-04:00,9.90999984741211,10.34000015258789,9.850000381469727,10.319999694824219,39000,0.0,0.0
2024-03-28 00:00:00-04:00,10.210000038146973,10.529999732971191,10.210000038146973,10.449999809265137,23200,0.0,0.0
2024-04-01 00:00:00-04:00,10.399999618530273,10.5600004196167,10.100000381469727,10.25,48000,0.0,0.0
2024-04-02 00:00:00-04:00,10.15999984741211,10.199999809265137,9.829999923706055,9.960000038146973,36500,0.0,0.0
2024-04-03 00:00:00-04:00,9.979999542236328,10.180000305175781,9.9399995803833,10.039999961853027,33500,0.0,0.0
2024-04-04 00:00:00-04:00,10.199999809265137,10.329999923706055,10.050000190734863,10.239999771118164,36400,0.0,0.0
2024-04-05 00:00:00-04:00,10.069999694824219,10.130000114440918,10.039999961853027,10.100000381469727,12000,0.0,0.0
2024-04-08 00:00:00-04:00,10.119999885559082,10.140000343322754,9.970000267028809,9.970000267028809,16400,0.0,0.0
2024-04-09 00:00:00-04:00,10.050000190734863,10.210000038146973,10.0,10.050000190734863,29800,0.0,0.0
2024-04-10 00:00:00-04:00,9.949999809265137,9.970000267028809,9.449999809265137,9.600000381469727,83100,0.0,0.0
2024-04-11 00:00:00-04:00,9.680000305175781,9.949999809265137,9.550000190734863,9.90999984741211,62700,0.0,0.0
2024-04-12 00:00:00-04:00,9.869999885559082,9.949999809265137,9.760000228881836,9.779999732971191,40000,0.0,0.0
2024-04-15 00:00:00-04:00,9.869999885559082,9.880000114440918,9.5,9.630000114440918,57700,0.0,0.0
2024-04-16 00:00:00-04:00,9.680000305175781,9.699999809265137,9.5,9.5600004196167,39500,0.0,0.0
2024-04-17 00:00:00-04:00,9.520000457763672,9.739999771118164,9.1899995803833,9.3100004196167,54300,0.0,0.0
2024-04-18 00:00:00-04:00,9.300000190734863,9.649999618530273,9.300000190734863,9.520000457763672,41700,0.0,0.0
2024-04-19 00:00:00-04:00,9.430000305175781,9.970000267028809,9.34000015258789,9.970000267028809,35100,0.0,0.0
2024-04-22 00:00:00-04:00,9.989999771118164,10.0,9.609999656677246,9.619999885559082,50100,0.0,0.0
2024-04-23 00:00:00-04:00,9.5600004196167,9.920000076293945,9.460000038146973,9.609999656677246,57800,0.0,0.0
2024-04-24 00:00:00-04:00,9.550000190734863,9.75,9.380000114440918,9.75,40500,0.0,0.0
2024-04-25 00:00:00-04:00,9.260000228881836,9.65999984741211,9.260000228881836,9.4399995803833,67600,0.0,0.0
2024-04-26 00:00:00-04:00,9.5,9.579999923706055,9.300000190734863,9.460000038146973,38300,0.0,0.0
2024-04-29 00:00:00-04:00,9.5,9.600000381469727,9.420000076293945,9.550000190734863,52300,0.0,0.0
2024-04-30 00:00:00-04:00,9.520000457763672,9.520000457763672,9.260000228881836,9.420000076293945,64800,0.0,0.0
2024-05-01 00:00:00-04:00,9.569999694824219,9.800000190734863,9.5,9.729999542236328,59300,0.0,0.0
2024-05-02 00:00:00-04:00,9.579999923706055,9.699999809265137,9.510000228881836,9.6899995803833,77900,0.0,0.0
2024-05-03 00:00:00-04:00,9.800000190734863,9.890000343322754,9.649999618530273,9.819999694824219,44900,0.0,0.0
2024-05-06 00:00:00-04:00,9.899999618530273,10.630000114440918,9.880000114440918,10.550000190734863,162100,0.0,0.0
2024-05-07 00:00:00-04:00,10.520000457763672,10.729999542236328,10.369999885559082,10.390000343322754,70500,0.0,0.0
2024-05-08 00:00:00-04:00,10.300000190734863,10.579999923706055,10.279999732971191,10.550000190734863,17600,0.0,0.0
2024-05-09 00:00:00-04:00,10.609999656677246,10.649999618530273,10.479999542236328,10.649999618530273,25900,0.0,0.0
2024-05-10 00:00:00-04:00,10.710000038146973,10.739999771118164,10.430000305175781,10.510000228881836,24200,0.0,0.0
2024-05-13 00:00:00-04:00,10.609999656677246,10.640000343322754,10.09000015258789,10.09000015258789,71600,0.0,0.0
2024-05-14 00:00:00-04:00,10.130000114440918,10.289999961853027,10.130000114440918,10.239999771118164,24400,0.0,0.0
2024-05-15 00:00:00-04:00,10.390000343322754,10.479999542236328,10.3100004196167,10.470000267028809,32700,0.0,0.0
2024-05-16 00:00:00-04:00,10.460000038146973,11.029999732971191,10.460000038146973,10.859999656677246,74900,0.0,0.0
2024-05-17 00:00:00-04:00,10.9399995803833,11.069999694824219,10.779999732971191,10.819999694824219,35500,0.0,0.0
2024-05-20 00:00:00-04:00,10.779999732971191,10.779999732971191,10.399999618530273,10.399999618530273,29700,0.0,0.0
2024-05-21 00:00:00-04:00,10.399999618530273,10.670000076293945,10.279999732971191,10.510000228881836,34900,0.0,0.0
2024-05-22 00:00:00-04:00,10.430000305175781,10.609999656677246,10.420000076293945,10.59000015258789,50100,0.0,0.0
2024-05-23 00:00:00-04:00,10.699999809265137,10.699999809265137,10.069999694824219,10.149999618530273,40000,0.0,0.0
2024-05-24 00:00:00-04:00,10.329999923706055,10.329999923706055,10.0600004196167,10.239999771118164,19500,0.0,0.0
2024-05-28 00:00:00-04:00,10.260000228881836,10.319999694824219,10.029999732971191,10.15999984741211,24800,0.0,0.0
2024-05-29 00:00:00-04:00,10.010000228881836,10.010000228881836,9.819999694824219,9.890000343322754,26400,0.0,0.0
2024-05-30 00:00:00-04:00,9.989999771118164,10.15999984741211,9.869999885559082,10.029999732971191,48200,0.0,0.0
2024-05-31 00:00:00-04:00,10.15999984741211,10.15999984741211,9.90999984741211,10.0,29100,0.0,0.0
2024-06-03 00:00:00-04:00,10.15999984741211,10.15999984741211,9.84000015258789,9.869999885559082,36300,0.0,0.0
2024-06-04 00:00:00-04:00,9.859999656677246,9.859999656677246,9.619999885559082,9.710000038146973,47200,0.0,0.0
2024-06-05 00:00:00-04:00,9.720000267028809,9.930000305175781,9.6899995803833,9.869999885559082,27200,0.0,0.0
2024-06-06 00:00:00-04:00,9.850000381469727,10.029999732971191,9.739999771118164,9.890000343322754,33400,0.0,0.0
2024-06-07 00:00:00-04:00,9.899999618530273,9.90999984741211,9.619999885559082,9.729999542236328,39700,0.0,0.0
2024-06-10 00:00:00-04:00,9.729999542236328,9.880000114440918,9.5600004196167,9.8100004196167,44500,0.0,0.0
2024-06-11 00:00:00-04:00,9.770000457763672,9.979999542236328,9.670000076293945,9.970000267028809,29300,0.0,0.0
2024-06-12 00:00:00-04:00,10.180000305175781,10.329999923706055,9.869999885559082,9.9399995803833,40800,0.0,0.0
2024-06-13 00:00:00-04:00,9.960000038146973,10.09000015258789,9.699999809265137,9.739999771118164,22700,0.0,0.0
2024-06-14 00:00:00-04:00,9.670000076293945,9.710000038146973,9.510000228881836,9.600000381469727,38400,0.0,0.0
2024-06-17 00:00:00-04:00,9.619999885559082,10.039999961853027,9.600000381469727,10.039999961853027,35700,0.0,0.0
2024-06-18 00:00:00-04:00,9.949999809265137,10.069999694824219,9.869999885559082,9.869999885559082,42200,0.0,0.0
2024-06-20 00:00:00-04:00,9.819999694824219,10.079999923706055,9.699999809265137,9.970000267028809,33500,0.0,0.0
2024-06-21 00:00:00-04:00,10.0,10.170000076293945,9.819999694824219,9.920000076293945,71100,0.0,0.0
2024-06-24 00:00:00-04:00,10.0,10.109999656677246,9.829999923706055,10.0,32400,0.0,0.0
2024-06-25 00:00:00-04:00,9.989999771118164,10.0,9.869999885559082,9.90999984741211,23100,0.0,0.0
2024-06-26 00:00:00-04:00,9.819999694824219,10.210000038146973,9.8100004196167,10.119999885559082,46600,0.0,0.0
2024-06-27 00:00:00-04:00,10.180000305175781,10.390000343322754,10.029999732971191,10.239999771118164,33800,0.0,0.0
2024-06-28 00:00:00-04:00,10.239999771118164,10.880000114440918,10.239999771118164,10.630000114440918,188600,0.0,0.0
2024-07-01 00:00:00-04:00,10.600000381469727,10.65999984741211,10.289999961853027,10.319999694824219,63600,0.0,0.0
2024-07-02 00:00:00-04:00,10.40999984741211,10.59000015258789,10.319999694824219,10.510000228881836,26800,0.0,0.0
2024-07-03 00:00:00-04:00,10.529999732971191,10.5600004196167,10.359999656677246,10.460000038146973,17400,0.0,0.0
2024-07-05 00:00:00-04:00,10.40999984741211,10.420000076293945,9.949999809265137,10.039999961853027,106200,0.0,0.0
2024-07-08 00:00:00-04:00,10.170000076293945,10.319999694824219,10.09000015258789,10.130000114440918,18100,0.0,0.0
2024-07-09 00:00:00-04:00,10.100000381469727,10.25,10.079999923706055,10.229999542236328,21000,0.0,0.0
2024-07-10 00:00:00-04:00,10.260000228881836,10.520000457763672,10.229999542236328,10.520000457763672,23600,0.0,0.0
2024-07-11 00:00:00-04:00,10.829999923706055,11.199999809265137,10.640000343322754,11.109999656677246,87000,0.0,0.0
2024-07-12 00:00:00-04:00,11.199999809265137,11.539999961853027,11.140000343322754,11.3100004196167,35900,0.0,0.0
2024-07-15 00:00:00-04:00,11.420000076293945,11.670000076293945,11.1899995803833,11.399999618530273,46700,0.0,0.0
2024-07-16 00:00:00-04:00,11.550000190734863,12.279999732971191,11.550000190734863,12.180000305175781,114600,0.0,0.0
2024-07-17 00:00:00-04:00,12.050000190734863,12.350000381469727,12.0,12.239999771118164,60200,0.0,0.0
2024-07-18 00:00:00-04:00,12.050000190734863,12.289999961853027,11.859999656677246,12.010000228881836,82700,0.0,0.0
2024-07-19 00:00:00-04:00,11.989999771118164,12.40999984741211,11.970000267028809,12.220000267028809,56300,0.0,0.0
