Date,Open,High,Low,Close,Volume,Dividends,Stock Splits
2006-09-28 00:00:00-04:00,3.6885054128141723,4.003377826103187,3.598541866160168,3.612936019897461,207800,0.0,0.0
2006-09-29 00:00:00-04:00,3.760476046113172,3.760476046113172,3.598541736602783,3.598541736602783,219900,0.0,0.0
2006-10-02 00:00:00-04:00,3.6309286671415975,3.6831073438668227,3.598541736602783,3.598541736602783,119500,0.0,0.0
2006-10-03 00:00:00-04:00,3.616535216197857,3.6291300598123017,3.600341747783928,3.6255314350128174,58400,0.0,0.0
2006-10-04 00:00:00-04:00,3.670512567365664,3.769472672775942,3.6093373293109288,3.7604761123657227,85200,0.0,0.0
2006-10-05 00:00:00-04:00,3.774869587693024,3.904417288857767,3.7262891997562453,3.864833116531372,102900,0.0,0.0
2006-10-06 00:00:00-04:00,3.7514787464644677,3.7748691100017053,3.6705114434825212,3.7154932022094727,249100,0.0,0.0
2006-10-09 00:00:00-04:00,3.6975009441375732,3.7064975030438863,3.6255301888052283,3.6975009441375732,56900,0.0,0.0
2006-10-10 00:00:00-04:00,3.7118948561073632,3.7118948561073632,3.661515502211656,3.6903038024902344,102700,0.0,0.0
2006-10-11 00:00:00-04:00,3.706497873151704,3.715494089772691,3.688505096726063,3.71189546585083,88000,0.0,0.0
2006-10-12 00:00:00-04:00,3.7244904855776504,3.7244904855776504,3.683106998665807,3.688504934310913,51000,0.0,0.0
2006-10-13 00:00:00-04:00,3.7244904855776504,3.7244904855776504,3.663315254334387,3.688504934310913,66200,0.0,0.0
2006-10-16 00:00:00-04:00,3.688504901159964,3.688504901159964,3.663315221409834,3.6867055892944336,32300,0.0,0.0
2006-10-17 00:00:00-04:00,3.686706046958893,3.6885053590477885,3.634527369115687,3.6507208347320557,46400,0.0,0.0
2006-10-18 00:00:00-04:00,3.6615161879782048,3.6795089648180914,3.6399247871336056,3.668713092803955,43400,0.0,0.0
2006-10-19 00:00:00-04:00,3.679510004695834,3.679510004695834,3.634528221475512,3.6453237533569336,32500,0.0,0.0
2006-10-20 00:00:00-04:00,3.6615167109128963,3.6615167109128963,3.636326682465967,3.643523931503296,34800,0.0,0.0
2006-10-23 00:00:00-04:00,3.6525197902891104,3.6777098162578987,3.6093373298645015,3.609337329864502,110600,0.0,0.0
2006-10-24 00:00:00-04:00,3.616534674935046,3.632728140925406,3.602140521075137,3.6219322681427,75200,0.0,0.0
2006-10-25 00:00:00-04:00,3.607537835158319,3.6417240766244126,3.6021402423682902,3.6399247646331787,63800,0.0,0.0
2006-10-26 00:00:00-04:00,3.652519627966424,3.6831072456391296,3.6435234111383177,3.668713092803955,64000,0.0,0.0
2006-10-27 00:00:00-04:00,3.6651146479455754,3.672311552449218,3.6381253123018533,3.652519464492798,33400,0.0,0.0
2006-10-30 00:00:00-05:00,3.6651146921635642,3.6651146921635642,3.611136363408554,3.6201329231262207,36300,0.0,0.0
2006-10-31 00:00:00-05:00,3.620133840997341,3.652520434641449,3.616535216197857,3.6255314350128174,39100,0.0,0.0
2006-11-01 00:00:00-05:00,3.6435232253853105,3.715493985891993,3.6165342330932617,3.6165342330932617,96000,0.0,0.0
2006-11-02 00:00:00-05:00,3.6345272064208984,3.6435234232789813,3.616534429521057,3.6345272064208984,19600,0.0,0.0
2006-11-03 00:00:00-05:00,3.634527194310211,3.6849065576414857,3.634527194310211,3.668713092803955,46500,0.0,0.0
2006-11-06 00:00:00-05:00,3.7064977099442817,3.7154939261691404,3.670512158677544,3.688504934310913,98200,0.0,0.0
2006-11-07 00:00:00-05:00,3.720891654110355,3.720891654110355,3.6867054166336293,3.6975009441375732,61200,0.0,0.0
2006-11-08 00:00:00-05:00,3.7010997420909026,3.719092517567692,3.6705121267354555,3.679508686065674,73700,0.0,0.0
2006-11-09 00:00:00-05:00,3.6885054747215533,3.7082975651364047,3.675910632887994,3.69930100440979,103300,0.0,0.0
2006-11-10 00:00:00-05:00,3.7064983297068417,3.7064983297068417,3.6615165546938546,3.683107614517212,48600,0.0,0.0
2006-11-13 00:00:00-05:00,3.6705114841461177,3.686704944921906,3.656117334921372,3.670511484146118,58800,0.0,0.0
2006-11-14 00:00:00-05:00,3.6705132154551197,3.67950977745383,3.620133840997341,3.6255314350128174,46600,0.0,0.0
2006-11-15 00:00:00-05:00,3.6417241112706296,3.666913793020202,3.616534429521057,3.6345272064208984,39300,0.0,0.0
2006-11-16 00:00:00-05:00,3.6345271072492267,3.6615161002707293,3.62912917137146,3.62912917137146,57600,0.0,0.0
2006-11-17 00:00:00-05:00,3.634527997011528,3.652520434641449,3.6255314350128174,3.6255314350128174,69200,0.0,0.0
2006-11-20 00:00:00-05:00,3.6291300598123017,3.661516996640159,3.6255314350128174,3.6255314350128174,58700,0.0,0.0
2006-11-21 00:00:00-05:00,3.6399250257338402,3.6615164279937744,3.630928808316024,3.6615164279937744,120000,0.0,0.0
2006-11-22 00:00:00-05:00,3.6723112655671604,3.71729303054783,3.6669133302233727,3.6975009441375732,164000,0.0,0.0
2006-11-24 00:00:00-05:00,3.6975020612698284,3.711896216685227,3.6813085935295384,3.706498622894287,49900,0.0,0.0
2006-11-27 00:00:00-05:00,3.711896168896842,3.7334875733338313,3.7064985751753934,3.7316882610321045,118100,0.0,0.0
2006-11-28 00:00:00-05:00,3.7208912904032676,3.8432417341006437,3.7208912904032676,3.8054568767547607,144100,0.0,0.0
2006-11-29 00:00:00-05:00,3.868432850891006,4.012374401092529,3.859436632697308,4.012374401092529,248800,0.0,0.0
2006-11-30 00:00:00-05:00,4.039362679668462,4.1887021274194165,4.039362679668462,4.122128963470459,284600,0.0,0.0
2006-12-01 00:00:00-05:00,4.2102936037822785,4.228286380420803,4.102337287134801,4.111333847045898,150000,0.0,0.0
2006-12-04 00:00:00-05:00,4.219290132861189,4.228286349522876,4.11673140972614,4.192300796508789,205900,0.0,0.0
2006-12-05 00:00:00-05:00,4.21029367153791,4.512571225741888,4.201297454665708,4.444199085235596,286000,0.0,0.0
2006-12-06 00:00:00-05:00,4.579144252513974,4.584541845193018,4.408213391881825,4.456793785095215,301800,0.0,0.0
2006-12-07 00:00:00-05:00,4.485582591248075,4.485582591248075,4.386622481808521,4.417210102081299,154500,0.0,0.0
2006-12-08 00:00:00-05:00,4.36323222362914,4.41001331133257,4.291261451463752,4.32724666595459,183300,0.0,0.0
2006-12-11 00:00:00-05:00,4.435201716970918,4.496376941468472,4.40821272808873,4.419008255004883,156000,0.0,0.0
2006-12-12 00:00:00-05:00,4.463990830991175,4.480184295908079,4.372227977523276,4.444199085235596,72900,0.0,0.0
2006-12-13 00:00:00-05:00,4.444200002962414,4.462192440422254,4.365031974040879,4.393820285797119,73500,0.0,0.0
2006-12-14 00:00:00-05:00,4.4531954863723575,4.489181041717529,4.408213713782738,4.489181041717529,125700,0.0,0.0
2006-12-15 00:00:00-05:00,4.516169135675773,4.838238384710326,4.516169135675773,4.798654556274414,233100,0.0,0.0
2006-12-18 00:00:00-05:00,4.885020001542885,5.530958226122617,4.858031009018403,5.2052903175354,921300,0.0,0.0
2006-12-19 00:00:00-05:00,5.2052908739753025,5.2052908739753025,4.915608143392741,5.03795862197876,423600,0.0,0.0
2006-12-20 00:00:00-05:00,5.082939515319112,5.460786415183101,5.073943299468108,5.21968412399292,459000,0.0,0.0
2006-12-21 00:00:00-05:00,5.181899336983875,5.1962934884628,4.89581527605456,4.98577880859375,591700,0.0,0.0
2006-12-22 00:00:00-05:00,5.073944177980658,5.073944177980658,4.858031528336661,5.03795862197876,214800,0.0,0.0
2006-12-26 00:00:00-05:00,5.3042507254413955,5.33483834559096,5.106330850543257,5.1459150314331055,374500,0.0,0.0
2006-12-27 00:00:00-05:00,5.235878272486223,5.419403982614103,5.219684807287664,5.376221179962158,320400,0.0,0.0
2006-12-28 00:00:00-05:00,5.433797529829374,5.478779296324043,5.264665991718002,5.327640533447266,213300,0.0,0.0
2006-12-29 00:00:00-05:00,5.487776640922792,5.57774019241333,5.397813089432255,5.57774019241333,214900,0.0,0.0
2007-01-03 00:00:00-05:00,5.919600949174797,6.090531118649232,5.725279381767179,5.768462181091309,796900,0.0,0.0
2007-01-04 00:00:00-05:00,5.779256880386375,5.784655158827721,5.442793475878532,5.550749778747559,620600,0.0,0.0
2007-01-05 00:00:00-05:00,5.415806173062338,5.509368354240431,5.2610687459742405,5.505769729614258,533100,0.0,0.0
2007-01-08 00:00:00-05:00,5.595732211535674,5.667702974318862,5.273662576203362,5.424801349639893,447500,0.0,0.0
2007-01-09 00:00:00-05:00,5.460787346200035,5.50576911949133,5.201692235950737,5.208889484405518,398900,0.0,0.0
2007-01-10 00:00:00-05:00,5.037958093994987,5.363626003265381,4.953392492391902,5.363626003265381,522600,0.0,0.0
2007-01-11 00:00:00-05:00,5.3438342773788525,5.4409947196525374,5.176502042324753,5.309648036956787,264000,0.0,0.0
2007-01-12 00:00:00-05:00,5.307848666813255,5.334837659194219,5.190896137706644,5.286257266998291,199800,0.0,0.0
2007-01-16 00:00:00-05:00,5.448191676781602,5.5813376643113966,5.406808190821869,5.559746265411377,298600,0.0,0.0
2007-01-17 00:00:00-05:00,5.451791211860484,5.511167143519742,5.36362697049878,5.460787773132324,176500,0.0,0.0
2007-01-18 00:00:00-05:00,5.415805830115892,5.5327583775908264,5.329440903659053,5.388816833496094,181700,0.0,0.0
2007-01-19 00:00:00-05:00,5.442793837569812,5.521961844025885,5.4158048458549555,5.469782829284668,136400,0.0,0.0
2007-01-22 00:00:00-05:00,5.577739879562781,5.649710648081691,5.48777633311822,5.518363952636719,248700,0.0,0.0
2007-01-23 00:00:00-05:00,5.523762198792493,5.611926438071174,5.523762198792493,5.57774019241333,123900,0.0,0.0
2007-01-24 00:00:00-05:00,5.577737661385981,5.793650224261442,5.577737661385981,5.73787260055542,218300,0.0,0.0
2007-01-25 00:00:00-05:00,5.649710897110934,5.649710897110934,5.3942144002192,5.4427947998046875,417400,0.0,0.0
2007-01-26 00:00:00-05:00,5.442794201234929,5.523761524973049,5.361826877496808,5.4086079597473145,318700,0.0,0.0
2007-01-29 00:00:00-05:00,5.448192356616437,5.556148335036536,5.4158054258169335,5.530958652496338,185800,0.0,0.0
2007-01-30 00:00:00-05:00,5.557947975344783,5.707287453708266,5.556148663173692,5.694692611694336,251600,0.0,0.0
2007-01-31 00:00:00-05:00,5.451790900869297,5.451790900869297,5.295254518689656,5.401411533355713,769100,0.0,0.0
2007-02-01 00:00:00-05:00,5.401412034988627,5.478780748779721,5.2916563858260295,5.361827850341797,203500,0.0,0.0
2007-02-02 00:00:00-05:00,5.262867616386025,5.262867616386025,5.145915071325298,5.203491687774658,325500,0.0,0.0
2007-02-05 00:00:00-05:00,5.151312805831025,5.181900427056152,5.055951660916702,5.0595502853393555,268600,0.0,0.0
2007-02-06 00:00:00-05:00,5.163907559658214,5.277261474026814,5.14591478223268,5.248473167419434,271500,0.0,0.0
2007-02-07 00:00:00-05:00,5.38881577059467,5.38881577059467,5.2628666869664595,5.3078484535217285,161800,0.0,0.0
2007-02-08 00:00:00-05:00,5.316843856601451,5.338435252247408,5.25386966759989,5.275460720062256,95000,0.0,0.0
2007-02-09 00:00:00-05:00,5.30784828249789,5.329439680749527,5.169304363607601,5.196293354034424,73800,0.0,0.0
2007-02-12 00:00:00-05:00,5.302451015670074,5.325841728657076,5.228680939050162,5.253870964050293,114800,0.0,0.0
2007-02-13 00:00:00-05:00,5.226881948061506,5.298853060272285,5.199892952574313,5.293455123901367,116900,0.0,0.0
2007-02-14 00:00:00-05:00,5.33843719523122,5.396013813664639,5.31864510395084,5.379820346832275,142000,0.0,0.0
2007-02-15 00:00:00-05:00,5.487776640922792,5.6047291892237485,5.469783861987943,5.57774019241333,276200,0.0,0.0
2007-02-16 00:00:00-05:00,5.577739130641085,5.590333970542826,5.478779380112847,5.496771812438965,164900,0.0,0.0
2007-02-20 00:00:00-05:00,5.498570956354719,5.604727951117762,5.475180589135036,5.595731735229492,88500,0.0,0.0
2007-02-21 00:00:00-05:00,5.608326574746525,5.631716941966208,5.541753410348961,5.595731735229492,94900,0.0,0.0
2007-02-22 00:00:00-05:00,5.583137084439505,5.6587064672798135,5.583137084439505,5.640713691711426,89400,0.0,0.0
2007-02-23 00:00:00-05:00,5.649709915460354,5.667702691052807,5.543552916966895,5.620921611785889,126700,0.0,0.0
2007-02-26 00:00:00-05:00,5.656906702019884,5.685695003348545,5.541753153521618,5.5471510887146,111700,0.0,0.0
2007-02-27 00:00:00-05:00,5.037958662086558,5.181900200872694,4.759071801994532,4.813049793243408,1043100,0.0,0.0
2007-02-28 00:00:00-05:00,4.947994486821574,5.073943574668676,4.858030950697545,4.996574878692627,338700,0.0,0.0
2007-03-01 00:00:00-05:00,4.768067709760497,4.935399952219971,4.714089722017811,4.912009239196777,230300,0.0,0.0
2007-03-02 00:00:00-05:00,4.903012959486934,5.007370652787199,4.876023965961355,4.894016742706299,177300,0.0,0.0
2007-03-05 00:00:00-05:00,4.706891947993567,4.768067176964023,4.56115112282684,4.696096420288086,256300,0.0,0.0
2007-03-06 00:00:00-05:00,4.7662683266373405,4.937199190578549,4.7662683266373405,4.921005725860596,207500,0.0,0.0
2007-03-07 00:00:00-05:00,4.931801439635008,5.037958448687036,4.858031361233928,4.965987682342529,132000,0.0,0.0
2007-03-08 00:00:00-05:00,5.037958642481077,5.190896741335991,5.037958642481077,5.135119438171387,156700,0.0,0.0
2007-03-09 00:00:00-05:00,5.183699752769461,5.208889780609934,5.073944453062358,5.163908004760742,123500,0.0,0.0
2007-03-12 00:00:00-04:00,5.176502678936819,5.237677919559215,5.14591505862562,5.230480670928955,124800,0.0,0.0
2007-03-13 00:00:00-04:00,5.2448732170108645,5.2448732170108645,5.052351336563708,5.064946174621582,187900,0.0,0.0
2007-03-14 00:00:00-04:00,4.971384440209822,5.05595037674452,4.965986848130503,5.027162075042725,216300,0.0,0.0
2007-03-15 00:00:00-04:00,5.064947993116947,5.102732864040271,4.983981000881916,5.10093355178833,116700,0.0,0.0
2007-03-16 00:00:00-04:00,5.099133566570127,5.109929095473296,5.0397576428271815,5.082940101623535,97700,0.0,0.0
2007-03-19 00:00:00-04:00,5.190897904761154,5.244875907897949,5.163908903192755,5.244875907897949,101300,0.0,0.0
2007-03-20 00:00:00-04:00,5.279059599602364,5.358227596571245,5.264665449533805,5.3438334465026855,105700,0.0,0.0
2007-03-21 00:00:00-04:00,5.372623135382417,5.478780148271894,5.347433108863488,5.451790809631348,105300,0.0,0.0
2007-03-22 00:00:00-04:00,5.469784184869611,5.4823790279123665,5.40860893879017,5.478780746459961,126400,0.0,0.0
2007-03-23 00:00:00-04:00,5.4787802038695945,5.493174357804897,5.44279464743949,5.475181579589844,48500,0.0,0.0
2007-03-26 00:00:00-04:00,5.502169403297103,5.530957705035477,5.437395552793947,5.511165618896484,101100,0.0,0.0
2007-03-27 00:00:00-04:00,5.507568455850358,5.541754356609975,5.327641361893104,5.451790809631348,151000,0.0,0.0
2007-03-28 00:00:00-04:00,5.361827262652721,5.494973614182743,5.361827262652721,5.451790809631348,97300,0.0,0.0
2007-03-29 00:00:00-04:00,5.505769447080921,5.577740219992467,5.505769447080921,5.523762226104736,113300,0.0,0.0
2007-03-30 00:00:00-04:00,5.525559655554,5.557946580136149,5.273661848958064,5.415804386138916,166900,0.0,0.0
2007-04-02 00:00:00-04:00,5.487775988695098,5.550750535890629,5.482378052701079,5.532757759094238,75200,0.0,0.0
2007-04-03 00:00:00-04:00,5.57773949004769,5.833235614651615,5.57773949004769,5.797250747680664,280600,0.0,0.0
2007-04-04 00:00:00-04:00,5.826039638271515,5.901608690141818,5.82244101393949,5.858426570892334,265200,0.0,0.0
2007-04-05 00:00:00-04:00,5.869222276675358,5.928598553854712,5.833236716539458,5.910605430603027,107700,0.0,0.0
2007-04-09 00:00:00-04:00,5.948390364790537,6.193090652127842,5.948390364790537,6.169700622558594,317400,0.0,0.0
2007-04-10 00:00:00-04:00,6.19848819704676,6.23987134410932,5.955586221200397,6.1355133056640625,272300,0.0,0.0
2007-04-11 00:00:00-04:00,6.207484711064561,6.207484711064561,5.964583409961165,6.090531826019287,213300,0.0,0.0
2007-04-12 00:00:00-04:00,6.117521979855435,6.232675224951564,6.117521979855435,6.205686569213867,201200,0.0,0.0
2007-04-13 00:00:00-04:00,6.171500308602335,6.227277964972236,6.117522307865262,6.2182817459106445,154800,0.0,0.0
2007-04-16 00:00:00-04:00,6.292050295614969,6.324437225379259,6.25786371065969,6.288451671600342,230800,0.0,0.0
2007-04-17 00:00:00-04:00,6.272259187476778,6.2956499040456535,6.234474658966064,6.2344746589660645,108600,0.0,0.0
2007-04-18 00:00:00-04:00,6.234473684115641,6.288451671600342,6.144510142852024,6.288451671600342,152800,0.0,0.0
2007-04-19 00:00:00-04:00,5.919601049775,6.135512990963018,5.86022478549117,6.054546356201172,388700,0.0,0.0
2007-04-20 00:00:00-04:00,6.198488376982698,6.256064990773074,6.139112107929723,6.185893535614014,158200,0.0,0.0
2007-04-23 00:00:00-04:00,6.391010728808341,6.396408322216749,6.261462996067166,6.328035831451416,363700,0.0,0.0
2007-04-24 00:00:00-04:00,6.216479751401998,6.358622292745296,6.207483535725124,6.310041904449463,199400,0.0,0.0
2007-04-25 00:00:00-04:00,6.310044305184266,6.387413024902344,6.302847055357579,6.387413024902344,322000,0.0,0.0
2007-04-26 00:00:00-04:00,6.426995849309907,6.567338759323646,6.425196194051211,6.522356986999512,211700,0.0,0.0
2007-04-27 00:00:00-04:00,6.396408136310875,6.5061637748747065,6.391010543059342,6.419798851013184,185100,0.0,0.0
2007-04-30 00:00:00-04:00,6.423396394022697,6.459381944499231,6.117520244523085,6.173297882080078,341700,0.0,0.0
2007-05-01 00:00:00-04:00,6.216482116539903,6.387413024902344,6.200288647613619,6.387413024902344,189300,0.0,0.0
2007-05-02 00:00:00-04:00,6.38741187338198,6.545747909186715,6.346028723890354,6.513360977172852,180000,0.0,0.0
2007-05-03 00:00:00-04:00,6.567338417948393,6.603323971210619,6.486371094700218,6.524155616760254,248700,0.0,0.0
2007-05-04 00:00:00-04:00,6.615919068175185,6.830032054510054,6.587130761723713,6.723875045776367,349200,0.0,0.0
2007-05-07 00:00:00-04:00,6.8318332925834815,7.071136016710504,6.772457010689036,6.939789295196533,440900,0.0,0.0
2007-05-08 00:00:00-04:00,6.9397862341210645,6.9397862341210645,6.761658839743123,6.928990364074707,219600,0.0,0.0
2007-05-09 00:00:00-04:00,6.8750140357973475,6.916397184684789,6.846225728468371,6.866017818450928,183400,0.0,0.0
2007-05-10 00:00:00-04:00,6.837228547853564,6.862418227421626,6.477374413756008,6.489969253540039,746700,0.0,0.0
2007-05-11 00:00:00-04:00,6.534951462667384,6.873214563799697,6.513360405342826,6.754462718963623,710500,0.0,0.0
2007-05-14 00:00:00-04:00,6.754462555589727,6.810239509526339,6.504364031330246,6.650104522705078,697000,0.0,0.0
2007-05-15 00:00:00-04:00,6.534951585001045,6.601524413378949,6.434192171654674,6.453984260559082,522400,0.0,0.0
2007-05-16 00:00:00-04:00,6.5763357760916055,6.657303113392848,6.4791749713301146,6.569138526916504,399000,0.0,0.0
2007-05-17 00:00:00-04:00,6.558342750929063,6.594328307207511,6.4791743898429965,6.513360977172852,235500,0.0,0.0
2007-05-18 00:00:00-04:00,6.498964388144434,6.502563011250648,6.371216356526146,6.428792953491211,298500,0.0,0.0
2007-05-21 00:00:00-04:00,6.756261376357088,6.756261376357088,6.459382121133785,6.47737455368042,531100,0.0,0.0
2007-05-22 00:00:00-04:00,6.5565435265833,6.57273699365465,6.443189943451294,6.475576877593994,299200,0.0,0.0
2007-05-23 00:00:00-04:00,6.497166990167311,6.655503013275304,6.441389348090076,6.455783843994141,386300,0.0,0.0
2007-05-24 00:00:00-04:00,6.421598038898011,6.5043650276584515,6.072539707261757,6.128317356109619,933300,0.0,0.0
2007-05-25 00:00:00-04:00,6.297448019570852,6.491769602202516,6.2704586820828885,6.461181640625,451300,0.0,0.0
2007-05-29 00:00:00-04:00,6.585329754826491,6.729271943906574,6.484571046111102,6.5025634765625,565700,0.0,0.0
2007-05-30 00:00:00-04:00,6.257863643517313,6.477374901482894,6.205685311783436,6.455783843994141,887500,0.0,0.0
2007-05-31 00:00:00-04:00,6.5133594015160465,6.583530841781671,6.477373853942917,6.560140132904053,331000,0.0,0.0
2007-06-01 00:00:00-04:00,6.495366829504121,6.563739306992762,6.491768892175451,6.543947219848633,405200,0.0,0.0
2007-06-04 00:00:00-04:00,6.239872068414232,6.4683795745716095,6.198488916548044,6.452186107635498,574300,0.0,0.0
2007-06-05 00:00:00-04:00,6.549347235226183,6.650105979961451,6.452186428773628,6.4845733642578125,384500,0.0,0.0
2007-06-06 00:00:00-04:00,6.477373335874329,6.551143393633766,6.382012225844787,6.428792953491211,366000,0.0,0.0
2007-06-07 00:00:00-04:00,6.522356282039721,6.617717409422351,6.378414763433684,6.3856120109558105,668800,0.0,0.0
2007-06-08 00:00:00-04:00,6.383811770486715,6.558341231873534,6.371216931661609,6.549345016479492,277300,0.0,0.0
2007-06-11 00:00:00-04:00,6.57633583974865,6.70228495606224,6.57633583974865,6.689690113067627,394400,0.0,0.0
2007-06-12 00:00:00-04:00,6.689688634713968,6.747265243213337,6.6195171860033195,6.6321120262146,308300,0.0,0.0
2007-06-13 00:00:00-04:00,6.702284490919052,6.830032567494295,6.684292055423284,6.801244258880615,334500,0.0,0.0
2007-06-14 00:00:00-04:00,6.801243244256251,6.9721741014358845,6.801243244256251,6.968575477600098,289800,0.0,0.0
2007-06-15 00:00:00-04:00,7.0171558434457575,7.085528323333975,7.013557219623503,7.0423455238342285,293800,0.0,0.0
2007-06-18 00:00:00-04:00,7.197084045763624,7.583927587770387,7.197084045763624,7.540744781494141,643100,0.0,0.0
2007-06-19 00:00:00-04:00,7.55693691279548,7.709874647197993,7.55693691279548,7.6558966636657715,269500,0.0,0.0
2007-06-20 00:00:00-04:00,7.628909012704516,7.655897664816243,7.38780668078918,7.411196708679199,284200,0.0,0.0
2007-06-21 00:00:00-04:00,7.432788555765113,7.623510837554932,7.432788555765113,7.623510837554932,190500,0.0,0.0
2007-06-22 00:00:00-04:00,7.5479410490322865,7.5479410490322865,7.398601245040572,7.429189205169678,204700,0.0,0.0
2007-06-25 00:00:00-04:00,7.233066422774948,7.2870443921097445,7.139504288956645,7.211475372314453,262800,0.0,0.0
2007-06-26 00:00:00-04:00,7.2960427267170145,7.314035845970181,7.042345579369572,7.080130100250244,283600,0.0,0.0
2007-06-27 00:00:00-04:00,7.25018393820983,7.319668172188904,7.241040651734056,7.314182758331299,138200,0.63,0.0
2007-06-28 00:00:00-04:00,7.222757884428966,7.222757884428966,7.131330569436194,7.173387050628662,193900,0.0,0.0
2007-06-29 00:00:00-04:00,7.113046064027476,7.177044911613804,7.109388887374668,7.14047384262085,231200,0.0,0.0
2007-07-02 00:00:00-04:00,7.204471647021086,7.281270245568851,7.178871416636877,7.2593278884887695,110000,0.0,0.0
2007-07-03 00:00:00-04:00,7.365382897842703,7.425725249291736,7.350754892892436,7.423896312713623,114400,0.0,0.0
2007-07-05 00:00:00-04:00,7.17704392499205,7.186186516599684,7.070987909245418,7.15327262878418,359500,0.0,0.0
2007-07-06 00:00:00-04:00,7.367211616165331,7.389153971708147,7.23189891232567,7.2958984375,408500,0.0,0.0
2007-07-09 00:00:00-04:00,7.451326265817262,7.6213811296497616,7.433041081602289,7.593952655792236,219900,0.0,0.0
2007-07-10 00:00:00-04:00,7.517152661435075,7.577494316266013,7.438525128219809,7.453153133392334,117600,0.0,0.0
2007-07-11 00:00:00-04:00,7.449497827992885,7.74937930535554,7.449497827992885,7.742064952850342,225300,0.0,0.0
2007-07-12 00:00:00-04:00,7.8353189720294285,8.027316851261453,7.8353189720294285,7.93223237991333,217500,0.0,0.0
2007-07-13 00:00:00-04:00,7.884690660397052,7.921261722240352,7.826177240461766,7.890176773071289,86000,0.0,0.0
2007-07-16 00:00:00-04:00,7.844462378855479,7.844462378855479,7.6798929648798,7.7054924964904785,151000,0.0,0.0
2007-07-17 00:00:00-04:00,7.7713193686855595,7.833489951536437,7.729262900512148,7.760347843170166,86700,0.0,0.0
2007-07-18 00:00:00-04:00,7.679894158767849,7.745721934591464,7.517153656056706,7.555552959442139,240700,0.0,0.0
2007-07-19 00:00:00-04:00,7.625038401641483,7.7164657189332635,7.625038401641483,7.6469807624816895,95400,0.0,0.0
2007-07-20 00:00:00-04:00,7.881033546311445,7.89017683499527,7.6798937508971825,7.701836109161377,144800,0.0,0.0
2007-07-23 00:00:00-04:00,7.94503272416865,8.16628662873818,7.930404020956634,8.08948802947998,273100,0.0,0.0
2007-07-24 00:00:00-04:00,8.027317608488776,8.091316442579936,7.77497805293581,7.82617712020874,169300,0.0,0.0
2007-07-25 00:00:00-04:00,7.992574011424316,8.127886715785024,7.9834314213741795,8.049259185791016,233400,0.0,0.0
2007-07-26 00:00:00-04:00,8.018174443220358,8.073031384752802,7.773149235665731,7.890176773071289,403700,0.0,0.0
2007-07-27 00:00:00-04:00,7.88651900767185,8.009031253524745,7.771320415612981,7.86091947555542,165800,0.0,0.0
2007-07-30 00:00:00-04:00,7.99988963630762,8.137030601501465,7.957833157352376,8.137030601501465,192100,0.0,0.0
2007-07-31 00:00:00-04:00,8.26502817711908,8.515538787374084,8.26502817711908,8.429596900939941,250900,0.0,0.0
2007-08-01 00:00:00-04:00,8.228455829996426,8.319883116996387,8.045601255996505,8.237598419189453,315600,0.0,0.0
2007-08-02 00:00:00-04:00,8.41131070865098,8.502737998962402,8.321711657230441,8.502737998962402,176700,0.0,0.0
2007-08-03 00:00:00-04:00,8.676450507698316,8.839190982556172,8.564909095258237,8.594165802001953,337400,0.0,0.0
2007-08-06 00:00:00-04:00,8.70570824625172,8.777021433795712,8.255886065178089,8.625251770019531,476400,0.0,0.0
2007-08-07 00:00:00-04:00,8.594167289715312,8.777021912900743,8.469826090146416,8.764222145080566,266400,0.0,0.0
2007-08-08 00:00:00-04:00,8.822735725535356,9.294500996556968,8.806278781254717,9.239644050598145,351200,0.0,0.0
2007-08-09 00:00:00-04:00,9.142731636201882,9.638267523475609,9.051304319839863,9.270730018615723,365600,0.0,0.0
2007-08-10 00:00:00-04:00,8.959874663690124,9.28901277713503,8.86844737120349,9.051301956176758,579800,0.0,0.0
2007-08-13 00:00:00-04:00,9.362157354468154,9.52672610574135,9.270730037915799,9.453584671020508,203500,0.0,0.0
2007-08-14 00:00:00-04:00,9.60169655987214,9.797351660706726,9.234159051090694,9.38044261932373,405700,0.0,0.0
2007-08-15 00:00:00-04:00,9.325583328450403,9.34386850694323,8.68559231571361,8.702049255371094,365900,0.0,0.0
2007-08-16 00:00:00-04:00,8.22845796565427,8.411312587113255,7.621380678213247,8.191886901855469,1221500,0.0,0.0
2007-08-17 00:00:00-04:00,8.493598062198949,8.959877248910757,8.310743424466077,8.914163589477539,694000,0.0,0.0
2007-08-20 00:00:00-04:00,9.385927431006616,9.598038749911767,9.14273046579956,9.420669555664062,554400,0.0,0.0
2007-08-21 00:00:00-04:00,9.420669338258572,9.486497107698785,9.051302952260125,9.153701782226562,357100,0.0,0.0
2007-08-22 00:00:00-04:00,9.398727090643572,9.490154394258646,9.338384735440837,9.471868515014648,278800,0.0,0.0
2007-08-23 00:00:00-04:00,9.6730078445825,9.682150434343546,9.325583853383664,9.387754440307617,215200,0.0,0.0
2007-08-24 00:00:00-04:00,9.508439774432162,9.685808970358726,9.429812235879252,9.682151794433594,270700,0.0,0.0
2007-08-27 00:00:00-04:00,9.86500605246194,10.166715731371468,9.678494272164343,10.011289596557617,440600,0.0,0.0
2007-08-28 00:00:00-04:00,9.965574479570575,9.965574479570575,9.246955933773064,9.325583457946777,652200,0.0,0.0
2007-08-29 00:00:00-04:00,9.508439494648535,9.771749875695445,9.486497137278366,9.673008918762207,475600,0.0,0.0
2007-08-30 00:00:00-04:00,9.671181654479309,9.854036291765846,9.599868457543174,9.718724250793457,272200,0.0,0.0
2007-08-31 00:00:00-04:00,9.87415001499846,10.122832423278105,9.87415001499846,10.04786205291748,359100,0.0,0.0
2007-09-04 00:00:00-04:00,10.230716523913392,10.642139434814453,10.161231570318066,10.642139434814453,507100,0.0,0.0
2007-09-05 00:00:00-04:00,10.56899613648302,10.76830768585205,10.4409977721803,10.76830768585205,375200,0.0,0.0
2007-09-06 00:00:00-04:00,10.980419445834311,11.428413390238665,10.973105093856159,11.347957611083984,664700,0.0,0.0
2007-09-07 00:00:00-04:00,11.062703132629395,11.11938830888437,10.861563354686469,11.062703132629395,476700,0.0,0.0
2007-09-10 00:00:00-04:00,11.410128692429126,11.51984118662103,11.154131942601314,11.208988189697266,587300,0.0,0.0
2007-09-11 00:00:00-04:00,10.87984913649589,11.11755998652578,10.87984913649589,10.99870491027832,491500,0.0,0.0
2007-09-12 00:00:00-04:00,11.007847833847995,11.044418895927555,10.422712933180012,10.543396949768066,751200,0.0,0.0
2007-09-13 00:00:00-04:00,10.898131629071058,10.916417503813555,10.64396389919612,10.874361038208008,333700,0.0,0.0
2007-09-14 00:00:00-04:00,10.859736011683893,11.113903827530256,10.848765180662346,11.05356216430664,309800,0.0,0.0
2007-09-17 00:00:00-04:00,11.21447430268138,11.347958093044372,11.157789118745715,11.208988189697266,261000,0.0,0.0
2007-09-18 00:00:00-04:00,11.245558420640739,11.781322479248047,11.154131116407887,11.781322479248047,433900,0.0,0.0
2007-09-19 00:00:00-04:00,11.82337695957994,12.205542334579802,11.82337695957994,12.099486351013184,563000,0.0,0.0
2007-09-20 00:00:00-04:00,12.10680515350047,12.415829931479117,12.05012066336527,12.161662101745605,378600,0.0,0.0
2007-09-21 00:00:00-04:00,12.315258255987576,12.324401544925015,12.223830946893282,12.26954460144043,309900,0.0,0.0
2007-09-24 00:00:00-04:00,12.450570682461942,13.16553293216157,12.450570682461942,12.872965812683105,532900,0.0,0.0
2007-09-25 00:00:00-04:00,12.87296301269141,12.949761603274446,12.580395956849056,12.799820899963379,433400,0.0,0.0
2007-09-26 00:00:00-04:00,12.763252626713417,12.907706544241815,12.635253559756238,12.836393356323242,341200,0.0,0.0
2007-09-27 00:00:00-04:00,12.973533548313164,13.046675668659583,12.87296435352301,12.989991188049316,325700,0.0,0.0
2007-09-28 00:00:00-04:00,13.220390879174985,13.220390879174985,12.231146618429202,12.768739700317383,750900,0.0,0.0
2007-10-01 00:00:00-04:00,12.827250266934097,12.876620394325574,12.604167435237352,12.61696720123291,608200,0.0,0.0
2007-10-02 00:00:00-04:00,12.891250803468116,12.891250803468116,12.086690190620637,12.271373748779297,967800,0.0,0.0
2007-10-03 00:00:00-04:00,12.196402022594969,12.196402022594969,11.523497694361751,11.633210182189941,1037600,0.0,0.0
2007-10-04 00:00:00-04:00,11.664296223366161,11.792293897649964,11.408299479728536,11.752065658569336,486400,0.0,0.0
2007-10-05 00:00:00-04:00,12.251256867005937,12.671822959274333,12.159829576953655,12.662679672241211,584000,0.0,0.0
2007-10-08 00:00:00-04:00,12.432286292981725,12.671826814441873,12.289659900319895,12.397544860839844,435400,0.0,0.0
2007-10-09 00:00:00-04:00,12.450570596550396,12.58222614817477,12.214689360805124,12.32440185546875,312500,0.0,0.0
2007-10-10 00:00:00-04:00,12.253088497989786,12.324401688307395,11.933092912436917,12.06657600402832,483500,0.0,0.0
2007-10-11 00:00:00-04:00,12.333540996401632,12.602337455120743,11.794120537593843,11.922118186950684,727800,0.0,0.0
2007-10-12 00:00:00-04:00,12.331716518419226,12.331716518419226,12.0501202248116,12.205546379089355,562200,0.0,0.0
2007-10-15 00:00:00-04:00,12.446913804294566,12.446913804294566,12.068404800446984,12.26954460144043,409000,0.0,0.0
2007-10-16 00:00:00-04:00,12.245772479325229,12.245772479325229,12.068403298544535,12.1470308303833,202800,0.0,0.0
2007-10-17 00:00:00-04:00,12.38108462579583,12.488969563726481,11.788636120683867,12.104973793029785,824900,0.0,0.0
2007-10-18 00:00:00-04:00,11.688066878399983,11.790466413396183,11.338814585005325,11.56555461883545,701000,0.0,0.0
2007-10-19 00:00:00-04:00,11.35709955002721,11.35709955002721,10.6823656157965,10.916419982910156,961700,0.0,0.0
2007-10-22 00:00:00-04:00,10.58545571610739,11.135848610465473,10.422715187072754,10.97127914428711,661400,0.0,0.0
2007-10-23 00:00:00-04:00,11.320526741029102,11.49423872725686,11.154129105229531,11.336983680725098,507200,0.0,0.0
2007-10-24 00:00:00-04:00,11.336986277054766,11.347957805209681,11.044419168273809,11.199845314025879,257600,0.0,0.0
2007-10-25 00:00:00-04:00,10.788421613106184,11.007847276947539,10.744536201323932,10.940191268920898,394100,0.0,0.0
2007-10-26 00:00:00-04:00,11.309558038295512,11.355271693579704,10.971277268206487,11.154131889343262,386100,0.0,0.0
2007-10-29 00:00:00-04:00,11.390015039997524,11.519841659545898,11.316872909176862,11.428414344787598,280000,0.0,0.0
2007-10-30 00:00:00-04:00,11.437557016453665,11.51984173981651,11.289445211935606,11.35527229309082,294300,0.0,0.0
2007-10-31 00:00:00-04:00,11.43572798718099,11.726466160422952,11.399156924041838,11.69355297088623,417000,0.0,0.0
2007-11-01 00:00:00-04:00,11.592984593550545,11.613098018261422,11.170590118990283,11.218132019042969,385600,0.0,0.0
2007-11-02 00:00:00-04:00,11.329674095592054,11.329674095592054,10.879851818084717,10.97127914428711,311600,0.0,0.0
2007-11-05 00:00:00-05:00,10.256314684105915,10.514139645779277,10.058831378551023,10.166715621948242,677300,0.0,0.0
2007-11-06 00:00:00-05:00,10.294714734902625,10.523283004760742,10.166716364275079,10.523283004760742,458300,0.0,0.0
2007-11-07 00:00:00-05:00,10.223402052052341,10.386142556636305,9.983862242278676,10.014947891235352,402600,0.0,0.0
2007-11-08 00:00:00-05:00,9.874149922503156,10.121003391551714,8.95987678153064,9.683980941772461,1081900,0.0,0.0
2007-11-09 00:00:00-05:00,9.371300546046683,9.572440376313638,9.18296048511298,9.3438720703125,534100,0.0,0.0
2007-11-12 00:00:00-05:00,8.961705265026657,9.142731658786051,8.594167759258887,8.64902400970459,810700,0.0,0.0
2007-11-13 00:00:00-05:00,8.970846861835277,9.435297012329102,8.870276274539135,9.435297012329102,593100,0.0,0.0
2007-11-14 00:00:00-05:00,9.965577266614051,10.126489535219651,9.746151572612787,9.78637981414795,530800,0.0,0.0
2007-11-15 00:00:00-05:00,9.612666075947809,9.85586302395134,9.382269591423082,9.534038543701172,262900,0.0,0.0
2007-11-16 00:00:00-05:00,9.409697292597043,9.583409297378127,8.996446214755078,9.398726463317871,470700,0.0,0.0
2007-11-19 00:00:00-05:00,9.182958104191224,9.182958104191224,8.888562090785996,8.963532447814941,319700,0.0,0.0
2007-11-20 00:00:00-05:00,9.14273188664363,9.362157591430094,8.745937657580138,8.914163589477539,597300,0.0,0.0
2007-11-21 00:00:00-05:00,8.64719413297941,8.747764022676568,8.41313977250782,8.49725341796875,410500,0.0,0.0
2007-11-23 00:00:00-05:00,8.44056943900693,8.795307159423828,8.44056943900693,8.795307159423828,209000,0.0,0.0
2007-11-26 00:00:00-05:00,8.959875579311609,8.959875579311609,8.612451553344727,8.612451553344727,512900,0.0,0.0
2007-11-27 00:00:00-05:00,8.685593537409277,8.791649540682839,8.502738936621714,8.758735656738281,552400,0.0,0.0
2007-11-28 00:00:00-05:00,8.804451055958783,9.252444358855215,8.804451055958783,9.248787879943848,914300,0.0,0.0
2007-11-29 00:00:00-05:00,9.188443795792763,9.462725700144786,9.142730145067425,9.413354873657227,370100,0.0,0.0
2007-11-30 00:00:00-05:00,9.545011987572863,9.614496943462472,9.221359203273318,9.453584671020508,474400,0.0,0.0
2007-12-03 00:00:00-05:00,9.44444173891683,9.599867892447195,9.382271137997675,9.470041275024414,276900,0.0,0.0
2007-12-04 00:00:00-05:00,9.566953727007954,9.566953727007954,9.407870401846711,9.437127113342285,149600,0.0,0.0
2007-12-05 00:00:00-05:00,9.673010517996934,10.06614756665572,9.673010517996934,10.055176734924316,455600,0.0,0.0
2007-12-06 00:00:00-05:00,10.057004074529896,10.150259623578311,9.958262412571562,10.110032081604004,225300,0.0,0.0
2007-12-07 00:00:00-05:00,10.102716663672664,10.1959722028835,9.983860894497832,10.185001373291016,204700,0.0,0.0
2007-12-10 00:00:00-05:00,10.111858596804913,10.331284242343978,10.111858596804913,10.170372009277344,221200,0.0,0.0
2007-12-11 00:00:00-05:00,10.206943159320922,10.312999156351431,9.521238446731996,9.654722213745117,386800,0.0,0.0
2007-12-12 00:00:00-05:00,9.936320308388511,10.102717988533543,9.693123323349981,9.855864524841309,195100,0.0,0.0
2007-12-13 00:00:00-05:00,9.669350840206823,9.691293195528436,9.252441903886774,9.519410133361816,223000,0.0,0.0
2007-12-14 00:00:00-05:00,9.409697292597043,9.55963800471505,9.33655587310785,9.398726463317871,124100,0.0,0.0
2007-12-17 00:00:00-05:00,9.276215017167972,9.276215017167972,8.777021975987868,8.795307159423828,307900,0.0,0.0
2007-12-18 00:00:00-05:00,9.023876610155634,9.09519050888709,8.703880975787914,9.084218978881836,295700,0.0,0.0
2007-12-19 00:00:00-05:00,9.142730712890625,9.22684366804082,9.0110751674138,9.142730712890625,180100,0.0,0.0
2007-12-20 00:00:00-05:00,9.239644368334401,9.321929092567231,9.15370316527795,9.270730018615723,119100,0.0,0.0
2007-12-21 00:00:00-05:00,9.4572405407252,9.782721519470215,9.407869712904052,9.782721519470215,189000,0.0,0.0
2007-12-24 00:00:00-05:00,10.044205979337166,10.131976127624512,9.996663379722062,10.131976127624512,243000,0.0,0.0
2007-12-26 00:00:00-05:00,10.148430372987475,10.276428733415026,10.133801670065493,10.23985767364502,340900,0.0,0.0
2007-12-27 00:00:00-05:00,10.46261178968526,10.691243102302577,10.377691659052696,10.545354843139648,551600,8.973,0.0
2007-12-28 00:00:00-05:00,10.669468052498964,11.037455529160978,10.649871037136586,10.959068298339844,286400,0.0,0.0
2007-12-31 00:00:00-05:00,10.965600313341541,11.10495649726948,10.919874221233007,10.998261451721191,200300,0.0,0.0
2008-01-02 00:00:00-05:00,11.006972524797582,11.13761958330431,10.593258916097422,10.691243171691895,266200,0.0,0.0
2008-01-03 00:00:00-05:00,10.61067678940031,10.880680014356656,10.61067678940031,10.765275001525879,180400,0.0,0.0
2008-01-04 00:00:00-05:00,10.739149002511638,10.743503988265319,10.297128331370521,10.351564407348633,325300,0.0,0.0
2008-01-07 00:00:00-05:00,10.638984344942605,11.355363137367886,10.31019005743737,11.213829040527344,462300,0.0,0.0
2008-01-08 00:00:00-05:00,11.268265389479124,11.910611118869802,11.170280306923184,11.322701454162598,544100,0.0,0.0
2008-01-09 00:00:00-05:00,11.475120699671846,11.906254160839362,11.411974675753155,11.823511123657227,521400,0.0,0.0
2008-01-10 00:00:00-05:00,11.801737850895734,12.063031102293065,11.653671702791524,11.975933074951172,267000,0.0,0.0
2008-01-11 00:00:00-05:00,12.008595312625985,12.171903494589376,11.655849041532639,11.747302055358887,233600,0.0,0.0
2008-01-14 00:00:00-05:00,11.834399852707532,11.86270683825579,11.649317569370762,11.705930709838867,165200,0.0,0.0
2008-01-15 00:00:00-05:00,11.544801071039222,11.544801071039222,11.000440406602982,11.133264541625977,428800,0.0,0.0
2008-01-16 00:00:00-05:00,10.702128210683274,10.7805154282401,10.10115372834993,10.30583381652832,983800,0.0,0.0
2008-01-17 00:00:00-05:00,10.29930209554402,10.397287166907558,9.145257822201412,9.221467971801758,854600,0.0,0.0
2008-01-18 00:00:00-05:00,9.646071835809035,10.094625370139726,9.556796710551259,10.035834312438965,543800,0.0,0.0
2008-01-22 00:00:00-05:00,9.01025656598737,9.665666339794823,8.796867317988937,9.624295234680176,637700,0.0,0.0
2008-01-23 00:00:00-05:00,9.254129998596456,10.103332848366055,9.149612865346532,10.048896789550781,521700,0.0,0.0
2008-01-24 00:00:00-05:00,9.950910550691829,10.310187998365961,9.950910550691829,10.038007736206055,373900,0.0,0.0
2008-01-25 00:00:00-05:00,10.408173838636408,10.540997949421975,9.911717269063876,10.016234397888184,243100,0.0,0.0
2008-01-28 00:00:00-05:00,9.667844491872174,9.905185744331243,9.430503239413106,9.84857177734375,337700,0.0,0.0
2008-01-29 00:00:00-05:00,9.820263006800417,9.896473974549133,9.511066644050656,9.772359848022461,165400,0.0,0.0
2008-01-30 00:00:00-05:00,9.606874252539642,9.781069453324521,9.30856491928127,9.37388801574707,358300,0.0,0.0
2008-01-31 00:00:00-05:00,9.156144646727798,9.360824753218912,8.85348030186694,9.22800064086914,608700,0.0,0.0
2008-02-01 00:00:00-05:00,9.086468358648014,9.28679352054505,8.881789042269904,9.140904426574707,540600,0.0,0.0
2008-02-04 00:00:00-05:00,9.641715026015527,9.794136165589073,9.580746902437463,9.670022010803223,432600,0.0,0.0
2008-02-05 00:00:00-05:00,9.456632404557356,9.639537599283985,9.31074333190918,9.31074333190918,357600,0.0,0.0
2008-02-06 00:00:00-05:00,9.2867906647233,9.506711946041648,9.230176706337199,9.295499801635742,206900,0.0,0.0
2008-02-07 00:00:00-05:00,9.188805146272129,9.602518616195654,9.119127070692837,9.482759475708008,210900,0.0,0.0
2008-02-08 00:00:00-05:00,9.48276155929376,9.484939466862501,9.22364621071379,9.349937438964844,128000,0.0,0.0
2008-02-11 00:00:00-05:00,9.330338481742086,9.330338481742086,8.992835143510904,9.167030334472656,275900,0.0,0.0
2008-02-12 00:00:00-05:00,9.275904645817466,9.456632770617617,9.169210429296742,9.352115631103516,232200,0.0,0.0
2008-02-13 00:00:00-05:00,9.44356740863309,9.554617435625332,9.232356061724774,9.550262451171875,252500,0.0,0.0
2008-02-14 00:00:00-05:00,9.602520765604904,9.711392886895792,9.3630024310163,9.369534492492676,248400,0.0,0.0
2008-02-15 00:00:00-05:00,9.376067499368746,9.46751968367093,9.265017469140805,9.428325653076172,257600,0.0,0.0
2008-02-19 00:00:00-05:00,9.74405556162912,10.031477916214609,9.665667495718816,9.983573913574219,616600,0.0,0.0
2008-02-20 00:00:00-05:00,9.689618065603646,9.859458296233393,9.54155192534191,9.805022239685059,173600,0.0,0.0
2008-02-21 00:00:00-05:00,9.820263902475771,9.831151777881635,9.452276472972265,9.493647575378418,176300,0.0,0.0
2008-02-22 00:00:00-05:00,9.363002212698127,9.613408418079764,9.190984065718684,9.558972358703613,247400,0.0,0.0
2008-02-25 00:00:00-05:00,9.382597989143056,9.539374085258803,9.27590296136912,9.508889198303223,247000,0.0,0.0
2008-02-26 00:00:00-05:00,9.363003049995099,9.58074730697173,9.286792892304648,9.423971176147461,223900,0.0,0.0
2008-02-27 00:00:00-05:00,9.367357860112245,10.01623563412586,9.367357860112245,9.894298553466797,411100,0.0,0.0
2008-02-28 00:00:00-05:00,9.794136876312736,10.135995303688636,9.670022712520387,9.811556816101074,596600,0.0,0.0
2008-02-29 00:00:00-05:00,9.765828157742668,9.798490123739787,9.598165835467135,9.602519989013672,223600,0.0,0.0
2008-03-03 00:00:00-05:00,9.689618528559446,9.852926706007079,9.535020319926492,9.781070709228516,176700,0.0,0.0
2008-03-04 00:00:00-05:00,9.552439028971222,9.589455979577291,9.175741615027368,9.343404769897461,465500,0.0,0.0
2008-03-05 00:00:00-05:00,9.395664958938504,9.556795242888525,9.367357973141937,9.4326810836792,215000,0.0,0.0
2008-03-06 00:00:00-05:00,9.3956651343031,9.428326274867123,9.145258903503418,9.145258903503418,122300,0.0,0.0
2008-03-07 00:00:00-05:00,8.927513657894053,9.090821834562847,8.711946499214777,8.836061477661133,248200,0.0,0.0
2008-03-10 00:00:00-04:00,9.088644321421693,9.088644321421693,8.023874362923145,8.063068389892578,406300,0.0,0.0
2008-03-11 00:00:00-04:00,8.339603520339072,8.696703910827637,8.339603520339072,8.696703910827637,301600,0.0,0.0
2008-03-12 00:00:00-04:00,8.50073523531305,8.50073523531305,8.052181806827772,8.115327835083008,289600,0.0,0.0
2008-03-13 00:00:00-04:00,7.888873889052417,8.272104225034033,7.43814336878818,8.252507209777832,435700,0.0,0.0
2008-03-14 00:00:00-04:00,8.198072166696708,8.252508234654513,7.762583623034274,7.834438800811768,196000,0.0,0.0
2008-03-17 00:00:00-04:00,7.403304276773842,7.786533779742124,7.379352277095506,7.453385353088379,330600,0.0,0.0
2008-03-18 00:00:00-04:00,7.597095632372253,7.860565936775553,7.512175520261129,7.838791847229004,348200,0.0,0.0
2008-03-19 00:00:00-04:00,7.762582154043527,7.9106482973190015,7.29660880277758,7.314028739929199,290500,0.0,0.0
2008-03-20 00:00:00-04:00,7.403304150502846,7.729920510083854,7.316206122363235,7.71250057220459,269200,0.0,0.0
2008-03-24 00:00:00-04:00,7.544839235294681,8.2525081078745,7.470806150784269,8.137103080749512,385500,0.0,0.0
2008-03-25 00:00:00-04:00,8.163231272993995,8.600896795063834,8.163231272993995,8.581299781799316,349300,0.0,0.0
2008-03-26 00:00:00-04:00,8.478959490836727,8.666219649912959,8.274280226368525,8.539928436279297,306700,0.0,0.0
2008-03-27 00:00:00-04:00,8.372265776053581,8.598719973696316,8.27428070682083,8.352668762207031,243300,0.0,0.0
2008-03-28 00:00:00-04:00,8.618315597876235,8.860010955506924,8.60960563076481,8.829526901245117,354700,0.0,0.0
2008-03-31 00:00:00-04:00,8.709770401647841,8.709770401647841,8.474606202101702,8.624850273132324,161400,0.0,0.0
2008-04-01 00:00:00-04:00,8.622671938013228,8.836062033230338,8.557348829364177,8.775093078613281,397300,0.0,0.0
2008-04-02 00:00:00-04:00,8.775092455692326,8.775092455692326,8.35049103367224,8.402750015258789,245700,0.0,0.0
2008-04-03 00:00:00-04:00,8.498557498972225,8.881787830022162,8.478960483968212,8.666220664978027,478600,0.0,0.0
2008-04-04 00:00:00-04:00,8.711944937039291,8.711944937039291,8.487668680431137,8.618315696716309,217700,0.0,0.0
2008-04-07 00:00:00-04:00,8.840414392198184,8.9601743694704,8.79033332471536,8.833882331848145,271900,0.0,0.0
2008-04-08 00:00:00-04:00,8.83388285977151,8.920980879242162,8.683639648344323,8.877431869506836,151400,0.0,0.0
2008-04-09 00:00:00-04:00,8.709768471660539,8.709768471660539,8.39186212179571,8.489847183227539,219800,0.0,0.0
2008-04-10 00:00:00-04:00,8.415816043617708,8.65315732200169,8.415816043617708,8.616140365600586,230800,0.0,0.0
2008-04-11 00:00:00-04:00,8.557348644096502,8.60089765912916,8.38968547612921,8.494202613830566,271800,0.0,0.0
2008-04-14 00:00:00-04:00,8.324362018856101,8.400572999615685,8.176295872348252,8.39404010772705,201000,0.0,0.0
2008-04-15 00:00:00-04:00,8.350493517602327,8.474607701332397,8.2350893051656,8.28299331665039,131200,0.0,0.0
2008-04-16 00:00:00-04:00,8.30694357884978,8.633559958139363,8.274281608669458,8.622672080993652,207400,0.0,0.0
2008-04-17 00:00:00-04:00,8.513799963121958,8.518154947858939,8.359201742786968,8.439766883850098,157300,0.0,0.0
2008-04-18 00:00:00-04:00,8.492027086899194,8.542108172608048,8.300411884157276,8.470252990722656,288700,0.0,0.0
2008-04-21 00:00:00-04:00,8.448476056325408,8.5355740815917,8.333071878881652,8.51815414428711,183500,0.0,0.0
2008-04-22 00:00:00-04:00,8.559528967465049,8.794692386006599,8.52033492593669,8.740256309509277,405200,0.0,0.0
2008-04-23 00:00:00-04:00,9.184452384897542,9.839862201462928,9.145258354072674,9.785426139831543,782900,0.0,0.0
2008-04-24 00:00:00-04:00,10.24922115499059,10.290592260937272,9.942201814469566,10.223092079162598,749800,0.0,0.0
2008-04-25 00:00:00-04:00,10.227448323734924,10.227448323734924,9.90736399054692,9.918251037597656,293800,0.0,0.0
2008-04-28 00:00:00-04:00,9.689618496087778,10.233979085755632,9.643892405906481,10.203495025634766,295200,0.0,0.0
2008-04-29 00:00:00-04:00,10.299301349984143,10.36462444928836,10.048895997546598,10.186074256896973,184900,0.0,0.0
2008-04-30 00:00:00-04:00,10.408174274906212,10.5605954056495,10.321077079216003,10.366803169250488,413800,0.0,0.0
2008-05-01 00:00:00-04:00,10.440835304911738,10.643337491884857,10.260107207248911,10.549707412719727,198800,0.0,0.0
2008-05-02 00:00:00-04:00,10.669469182443747,11.065763685627095,10.649872165005956,11.02874755859375,476800,0.0,0.0
2008-05-05 00:00:00-04:00,11.01785959829,11.01785959829,10.77834123639918,10.941649436950684,437800,0.0,0.0
2008-05-06 00:00:00-04:00,10.861082121981466,10.874146243814888,10.525755817785356,10.669466972351074,267600,0.0,0.0
2008-05-07 00:00:00-04:00,10.408175690914563,10.410353598714412,10.016236180415305,10.033656120300293,524100,0.0,0.0
2008-05-08 00:00:00-04:00,10.190429181119638,10.41252838195294,10.175187152392397,10.329785346984863,256600,0.0,0.0
2008-05-09 00:00:00-04:00,10.125107528582204,10.379867899954583,9.907363280655705,10.373335838317871,316300,0.0,0.0
2008-05-12 00:00:00-04:00,10.229623287806955,10.364624470732084,10.038008142906977,10.098977088928223,248200,0.0,0.0
2008-05-13 00:00:00-04:00,10.151234312502835,10.223090296787296,10.016233141862326,10.042362213134766,176700,0.0,0.0
2008-05-14 00:00:00-04:00,10.260106701017849,10.36244674310897,10.260106701017849,10.342849731445312,122900,0.0,0.0
2008-05-15 00:00:00-04:00,10.351561144307688,10.353738221183965,10.255753149184704,10.290592193603516,95400,0.0,0.0
2008-05-16 00:00:00-04:00,10.303656354967623,10.329785428616773,10.159945203954889,10.233978271484375,116100,0.0,0.0
2008-05-19 00:00:00-04:00,10.116397411633349,10.233979503147987,10.038009350623591,10.112042427062988,187300,0.0,0.0
2008-05-20 00:00:00-04:00,10.018412211762469,10.031477165312356,9.567681697145913,9.5807466506958,376500,0.0,0.0
2008-05-21 00:00:00-04:00,9.774539411320323,9.852927475517806,9.530666079861362,9.57639217376709,177400,0.0,0.0
2008-05-22 00:00:00-04:00,9.539376332643092,9.72663569857443,9.47187531299551,9.578570365905762,112900,0.0,0.0
2008-05-23 00:00:00-04:00,9.471873548193093,9.471873548193093,9.18880622897045,9.214935302734375,167500,0.0,0.0
2008-05-27 00:00:00-04:00,9.254128648091891,9.380420684814453,9.103885446713733,9.380420684814453,86400,0.0,0.0
2008-05-28 00:00:00-04:00,9.513246438103735,9.641715584968303,9.384777291239168,9.395665168762207,104800,0.0,0.0
2008-05-29 00:00:00-04:00,9.402197775090029,9.58074801250924,9.395665712700795,9.410907745361328,110300,0.0,0.0
2008-05-30 00:00:00-04:00,9.558970441929732,9.558970441929732,9.43703339435188,9.482759475708008,47700,0.0,0.0
2008-06-02 00:00:00-04:00,9.471874661669512,9.471874661669512,9.208404324454342,9.32163143157959,97800,0.0,0.0
2008-06-03 00:00:00-04:00,9.258484373702755,9.33687242613879,9.036385168676752,9.206225395202637,78300,0.0,0.0
2008-06-04 00:00:00-04:00,9.036386688065694,9.29767996324388,9.029854626140477,9.288969993591309,103000,0.0,0.0
2008-06-05 00:00:00-04:00,9.282435216074587,9.491469442812464,9.275902325432154,9.482759475708008,100800,0.0,0.0
2008-06-06 00:00:00-04:00,9.341229210140588,9.341229210140588,9.008079923094819,9.069048881530762,159200,0.0,0.0
2008-06-09 00:00:00-04:00,9.071225839289387,9.071225839289387,8.709770400878083,8.731544494628906,147100,0.0,0.0
2008-06-10 00:00:00-04:00,8.385330796402425,8.550816893416911,8.274281593129032,8.468073844909668,403600,0.0,0.0
2008-06-11 00:00:00-04:00,8.444121515174537,8.53557452956673,8.330894408637159,8.339604377746582,154500,0.0,0.0
2008-06-12 00:00:00-04:00,8.341781412090542,8.58565470722624,8.309119446663566,8.455008506774902,123200,0.0,0.0
2008-06-13 00:00:00-04:00,8.37226611045812,8.481138229370117,8.274281037311656,8.481138229370117,95800,0.0,0.0
2008-06-16 00:00:00-04:00,8.40492656337989,8.583476757406768,8.40492656337989,8.570412635803223,81600,0.0,0.0
2008-06-17 00:00:00-04:00,8.457187508844237,8.537752656442802,8.352670358563497,8.378799438476562,119800,0.0,0.0
2008-06-18 00:00:00-04:00,8.537750080099075,8.87089927863089,8.537750080099075,8.833882331848145,215500,0.0,0.0
2008-06-19 00:00:00-04:00,8.600895450534669,8.766380668410337,8.428877342173216,8.568233489990234,326100,0.0,0.0
2008-06-20 00:00:00-04:00,8.448476749666728,8.557348874870238,8.296055608256134,8.322185516357422,148900,0.0,0.0
2008-06-23 00:00:00-04:00,8.361379418630841,8.404927603536361,8.16540926404247,8.215490341186523,153800,0.0,0.0
2008-06-24 00:00:00-04:00,8.171942224090186,8.492026568232365,8.113151171250085,8.426703453063965,146200,0.0,0.0
2008-06-25 00:00:00-04:00,8.59218579508236,8.764203909678999,8.566056724076601,8.618315696716309,153100,0.0,0.0
2008-06-26 00:00:00-04:00,8.600897031477354,8.600897031477354,8.27428068850986,8.304764747619629,106000,0.0,0.0
2008-06-27 00:00:00-04:00,8.158877119791747,8.274281303753545,8.012988043825127,8.069602012634277,135200,0.0,0.0
2008-06-30 00:00:00-04:00,8.143635990832403,8.161055100421281,7.9193588289906485,7.930245876312256,170000,0.0,0.0
2008-07-01 00:00:00-04:00,7.727742461923204,7.891050621188774,7.62757949296285,7.875807762145996,205900,0.0,0.0
2008-07-02 00:00:00-04:00,7.782178377721413,7.982502650851571,7.782178377721413,7.921534538269043,135600,0.0,0.0
2008-07-03 00:00:00-04:00,7.947664620561861,7.982503665125491,7.784356443427028,7.88887357711792,80800,0.0,0.0
2008-07-07 00:00:00-04:00,8.139280748681337,8.34178297885494,8.015166585752798,8.32654094696045,386200,0.0,0.0
2008-07-08 00:00:00-04:00,8.372267113464927,8.483316322582505,8.289524060603163,8.472429275512695,225100,0.0,0.0
2008-07-09 00:00:00-04:00,8.816590345714603,9.307210646226224,8.816590345714603,8.925887107849121,455100,4.027,0.0
2008-07-10 00:00:00-04:00,8.969609036698847,9.42622627011941,8.969609036698847,9.210061073303223,224900,0.0,0.0
2008-07-11 00:00:00-04:00,9.278066654007533,9.443226026524805,9.132337305394152,9.38736343383789,296300,0.0,0.0
2008-07-14 00:00:00-04:00,9.591383643003883,9.712824301845814,9.205202310825797,9.21734619140625,334000,0.0,0.0
2008-07-15 00:00:00-04:00,8.930744466247837,9.042469628798546,8.69757866791979,8.894311904907227,254100,0.0,0.0
2008-07-16 00:00:00-04:00,8.906454374110048,9.146907202575802,8.81901790845906,9.144478797912598,248100,0.0,0.0
2008-07-17 00:00:00-04:00,9.095903859557144,9.263491604387907,8.93803066149273,9.078902244567871,158100,0.0,0.0
2008-07-18 00:00:00-04:00,9.336357186102976,9.37036134764481,9.224632006307237,9.253777503967285,135200,0.0,0.0
2008-07-21 00:00:00-04:00,9.472371077330891,9.593811732168467,9.302353975254553,9.36307430267334,164100,0.0,0.0
2008-07-22 00:00:00-04:00,9.236774374330652,9.530661414316647,9.229488232738099,9.360644340515137,147800,0.0,0.0
2008-07-23 00:00:00-04:00,9.363074977105533,9.438368522075026,9.285353026532585,9.358217239379883,201100,0.0,0.0
2008-07-24 00:00:00-04:00,9.450511333852651,9.467512950709416,8.991465825682722,9.071616172790527,180100,0.0,0.0
2008-07-25 00:00:00-04:00,9.10804790570068,9.183341435267815,9.035183707758783,9.132335662841797,80500,0.0,0.0
2008-07-28 00:00:00-04:00,9.265921144205032,9.321783727070708,8.831163433380825,8.865166664123535,145800,0.0,0.0
2008-07-29 00:00:00-04:00,9.035184585302801,9.22948944085927,8.957462643080214,9.214916229248047,127800,0.0,0.0
2008-07-30 00:00:00-04:00,9.273206780508993,9.319353887355566,9.134764533450774,9.265920639038086,128600,0.0,0.0
2008-07-31 00:00:00-04:00,9.129907952859416,9.144481164164773,9.00360956776882,9.052186012268066,106800,0.0,0.0
2008-08-01 00:00:00-04:00,9.108049675233008,9.156626125471329,9.035185463134889,9.037613868713379,83600,0.0,0.0
2008-08-04 00:00:00-04:00,8.904027664185982,8.981749599458904,8.714580562773051,8.748583793640137,139300,0.0,0.0
2008-08-05 00:00:00-04:00,8.857880270085138,8.998750925797221,8.74372577596851,8.894311904907227,117200,0.0,0.0
2008-08-06 00:00:00-04:00,8.86516496922202,8.887024317165768,8.751010493680406,8.87730884552002,76300,0.0,0.0
2008-08-07 00:00:00-04:00,8.683005388437925,8.836020847715302,8.410978625903656,8.44983959197998,171600,0.0,0.0
2008-08-08 00:00:00-04:00,8.257964422379334,8.862739283333559,8.20938797576749,8.857881546020508,361200,0.0,0.0
2008-08-11 00:00:00-04:00,8.546992276606364,8.583424840777967,8.3794045197579,8.512989044189453,312200,0.0,0.0
2008-08-12 00:00:00-04:00,8.355114409047099,8.478983424623342,8.236102202575674,8.379402160644531,142300,0.0,0.0
2008-08-13 00:00:00-04:00,8.274966168882564,8.335686496465511,8.056372618976486,8.282252311706543,143500,0.0,0.0
2008-08-14 00:00:00-04:00,8.25796363616289,8.403692035605395,8.25796363616289,8.391548156738281,126100,0.0,0.0
2008-08-15 00:00:00-04:00,8.500845131883793,8.515418342799428,8.355116728801793,8.403692245483398,101200,0.0,0.0
2008-08-18 00:00:00-04:00,8.160809686239311,8.257962557523436,8.01508130583157,8.180240631103516,222700,0.0,0.0
2008-08-19 00:00:00-04:00,8.053942481679512,8.134093741582815,7.845064451466816,8.000508308410645,125100,0.0,0.0
2008-08-20 00:00:00-04:00,8.40612234580289,8.561566237040928,8.389120728106146,8.500845909118652,220400,0.0,0.0
2008-08-21 00:00:00-04:00,8.318684994668308,8.362403705258133,8.14866788976551,8.342972755432129,164200,0.0,0.0
2008-08-22 00:00:00-04:00,8.391551355689682,8.42798393269809,8.279826145091647,8.355119705200195,103100,0.0,0.0
2008-08-25 00:00:00-04:00,8.355116688874524,8.39883539489392,8.163240248735907,8.185099601745605,100000,0.0,0.0
2008-08-26 00:00:00-04:00,8.185100369366541,8.245820697141488,8.029656478505666,8.20695972442627,216500,0.0,0.0
2008-08-27 00:00:00-04:00,8.257963842401399,8.573709333424793,8.211816730946436,8.403692245483398,220000,0.0,0.0
2008-08-28 00:00:00-04:00,8.39640602601242,8.432838589706924,8.158382475692443,8.301682472229004,190000,0.0,0.0
2008-08-29 00:00:00-04:00,8.369690485783368,8.415838531876325,8.219104319234978,8.270109176635742,99300,0.0,0.0
2008-09-02 00:00:00-04:00,8.257963602042043,8.260392007198005,7.888783941592054,7.964077472686768,229800,0.0,0.0
2008-09-03 00:00:00-04:00,7.925217997963967,7.966507379025705,7.723626050844929,7.789204120635986,175300,0.0,0.0
2008-09-04 00:00:00-04:00,7.713910182288221,7.772201638989524,7.3131561279296875,7.3131561279296875,247400,0.0,0.0
2008-09-05 00:00:00-04:00,7.291296301996363,7.500173892513031,7.118850348394071,7.480743408203125,189400,0.0,0.0
2008-09-08 00:00:00-04:00,7.655618683227222,7.687193048376811,7.0581304446410496,7.1868577003479,275000,0.0,0.0
2008-09-09 00:00:00-04:00,7.096991024712979,7.167426820162005,6.8006760219581475,6.820106506347656,267600,0.0,0.0
2008-09-10 00:00:00-04:00,6.9221167124619285,7.009554124441264,6.710809787931634,6.946404933929443,215200,0.0,0.0
2008-09-11 00:00:00-04:00,6.76667458570334,6.846825412986385,6.572369226987884,6.7763895988464355,282100,0.0,0.0
2008-09-12 00:00:00-04:00,6.691379773128341,6.9464054215504945,6.606371686913616,6.87111234664917,208200,0.0,0.0
2008-09-15 00:00:00-04:00,6.582083440360213,6.722954578349059,6.317342781565072,6.351346015930176,241200,0.0,0.0
2008-09-16 00:00:00-04:00,6.3634893183976615,6.436353512480534,6.035599518506237,6.3246283531188965,368700,0.0,0.0
2008-09-17 00:00:00-04:00,6.098749375467394,6.098749375467394,5.294811967364234,5.416252613067627,527100,0.0,0.0
2008-09-18 00:00:00-04:00,5.753856398774337,6.715665835569265,5.586268222390066,6.424208641052246,804000,0.0,0.0
2008-09-19 00:00:00-04:00,7.286438288504959,8.221530831589012,7.286438288504959,7.609470367431641,914400,0.0,0.0
2008-09-22 00:00:00-04:00,7.563323139502655,7.711480873022598,6.997409758532471,7.079989433288574,293700,0.0,0.0
2008-09-23 00:00:00-04:00,6.948832424093746,7.0435559594433155,6.722952796790127,6.805532455444336,224900,0.0,0.0
2008-09-24 00:00:00-04:00,6.970693411343584,7.206288102732555,6.875969390468175,7.177142143249512,165200,0.0,0.0
2008-09-25 00:00:00-04:00,7.298582801640889,7.643474262482788,7.28643892207449,7.587611675262451,154100,0.0,0.0
2008-09-26 00:00:00-04:00,7.177143081589454,7.529321193695068,7.15042645043465,7.529321193695068,209000,0.0,0.0
2008-09-29 00:00:00-04:00,6.936689452552303,7.274294757741878,6.072032197360736,6.477643966674805,323400,0.0,0.0
2008-09-30 00:00:00-04:00,6.613658204023918,7.036271643418426,6.613658204023918,7.028985500335693,173000,0.0,0.0
2008-10-01 00:00:00-04:00,7.036272220583178,7.164999496963012,6.824965715182747,7.072704792022705,128000,0.0,0.0
2008-10-02 00:00:00-04:00,7.0071269133074106,7.130996455156227,6.812821558869119,6.849254131317139,129400,0.0,0.0
2008-10-03 00:00:00-04:00,6.866255164229039,7.247578770096344,6.849253545612183,6.897829532623291,176800,0.0,0.0
2008-10-06 00:00:00-04:00,6.560224171032159,6.560224171032159,5.887442838088658,6.4533562660217285,349500,0.0,0.0
2008-10-07 00:00:00-04:00,6.43635442920814,6.800676378031242,6.074461348968309,6.181329250335693,193200,0.0,0.0
2008-10-08 00:00:00-04:00,6.011311806509933,6.370775997292743,5.8340085795607575,6.317342281341553,336900,0.0,0.0
2008-10-09 00:00:00-04:00,6.438782772952774,6.470357135442985,5.999167786919441,6.1643266677856445,210200,0.0,0.0
2008-10-10 00:00:00-04:00,6.045313684997201,6.072030768622077,4.2018451065828035,5.29238224029541,1349700,0.0,0.0
2008-10-13 00:00:00-04:00,5.792719118703929,6.3999223709106445,5.525549595081111,6.3999223709106445,185100,0.0,0.0
2008-10-14 00:00:00-04:00,6.191044141119192,6.412066082050067,5.889871391534915,6.120608806610107,404500,0.0,0.0
2008-10-15 00:00:00-04:00,5.768430418828213,5.768430418828213,5.367676398172004,5.370105266571045,180000,0.0,0.0
2008-10-16 00:00:00-04:00,5.209804187056003,5.29724114199914,4.857626108859928,5.2875261306762695,328100,0.0,0.0
2008-10-17 00:00:00-04:00,5.102936031723987,5.53526490090174,4.988781990559095,5.224376678466797,182500,0.0,0.0
2008-10-20 00:00:00-04:00,5.462400774635563,5.8170077390578125,5.391965433459916,5.812150001525879,130700,0.0,0.0
2008-10-21 00:00:00-04:00,5.668850340329178,5.671279209246468,5.343389317562357,5.549838542938232,111400,0.0,0.0
2008-10-22 00:00:00-04:00,5.221947850024538,5.343388497699527,5.100507202349549,5.107793807983398,145900,0.0,0.0
2008-10-23 00:00:00-04:00,5.136939316352107,5.32881576250443,4.962064950052983,5.124795436859131,101400,0.0,0.0
2008-10-24 00:00:00-04:00,4.748329384827578,4.879485513477014,4.738614373405025,4.760473728179932,139200,0.0,0.0
2008-10-27 00:00:00-04:00,4.612316557569192,4.61474542654271,4.376721826250654,4.544309616088867,237200,0.0,0.0
2008-10-28 00:00:00-04:00,4.86005520784112,5.50126173635675,4.738614549364109,5.442970275878906,240300,0.0,0.0
2008-10-29 00:00:00-04:00,5.3409604930517895,5.430826790701192,5.081077539112903,5.323958873748779,159400,0.0,0.0
2008-10-30 00:00:00-04:00,5.800004451515386,5.804862188037095,5.586269140411956,5.615415096282959,159700,0.0,0.0
2008-10-31 00:00:00-04:00,5.372534025526278,5.372534025526278,5.221947430668277,5.25109338760376,174700,0.0,0.0
2008-11-03 00:00:00-05:00,5.523120685088577,5.532836159415544,5.0276430758960595,5.042215824127197,124400,0.0,0.0
2008-11-04 00:00:00-05:00,5.180657888223414,5.246235947592401,4.8624835285854555,5.0470733642578125,376100,0.0,0.0
2008-11-05 00:00:00-05:00,5.124795662722527,5.124795662722527,4.64146191810319,4.651176929473877,242300,0.0,0.0
2008-11-06 00:00:00-05:00,4.566167849916083,4.614744290913621,4.298998814207452,4.432583332061768,284300,0.0,0.0
2008-11-07 00:00:00-05:00,4.549165889237651,4.779903271572787,4.541879747922572,4.777474403381348,201700,0.0,0.0
2008-11-10 00:00:00-05:00,5.246235510835159,5.428396462855412,5.136938754319304,5.248664379119873,400800,0.0,0.0
2008-11-11 00:00:00-05:00,5.100506641278304,5.100506641278304,4.736184738329855,4.889199733734131,100300,0.0,0.0
2008-11-12 00:00:00-05:00,4.937776681452552,4.99606813633836,4.721612478343595,4.755615711212158,70200,0.0,0.0
2008-11-13 00:00:00-05:00,4.979066425021633,5.251093672564222,4.813907074362843,5.197659492492676,214200,0.0,0.0
2008-11-14 00:00:00-05:00,5.217088725217884,5.404107384073648,5.102934713541096,5.29238224029541,235800,0.0,0.0
2008-11-17 00:00:00-05:00,5.343388417236211,5.768430677698182,5.343388417236211,5.6591339111328125,209600,0.0,0.0
2008-11-18 00:00:00-05:00,5.408966008797151,5.408966008797151,5.12722377189142,5.282667636871338,181300,0.0,0.0
2008-11-19 00:00:00-05:00,5.5352648743409,5.586269723363669,5.027642936331023,5.0397868156433105,192600,0.0,0.0
2008-11-20 00:00:00-05:00,5.039787593501227,5.076219700320446,4.66332171760368,4.784762382507324,281300,0.0,0.0
2008-11-21 00:00:00-05:00,4.9669224579814815,5.095649242401123,4.733756183748234,5.095649242401123,137800,0.0,0.0
2008-11-24 00:00:00-05:00,5.0276431090531,5.401680071181156,4.98635326940981,5.33610200881958,167600,0.0,0.0
2008-11-25 00:00:00-05:00,5.258379788749815,5.314242373767233,4.998496884899025,5.163656234741211,126100,0.0,0.0
2008-11-26 00:00:00-05:00,5.331245360189694,5.817008018493652,5.319101015776472,5.817008018493652,291000,0.0,0.0
2008-11-28 00:00:00-05:00,5.428396505078817,5.508547306060791,5.183086365525682,5.508547306060791,161500,0.0,0.0
2008-12-01 00:00:00-05:00,5.4526855639235565,5.4526855639235565,5.115080229919168,5.204946517944336,117900,0.0,0.0
2008-12-02 00:00:00-05:00,5.319100452309787,5.464829327015394,5.2923838239496055,5.404109001159668,116000,0.0,0.0
2008-12-03 00:00:00-05:00,5.382248732719901,5.646989345550537,5.382248732719901,5.646989345550537,146200,0.0,0.0
2008-12-04 00:00:00-05:00,5.744143234332847,5.950592452901717,5.62270257202873,5.865583896636963,479800,0.0,0.0
2008-12-05 00:00:00-05:00,5.865583671145727,6.096321105957031,5.829151566506928,6.096321105957031,275500,0.0,0.0
2008-12-08 00:00:00-05:00,6.497074389561938,6.606371153381648,6.3780626152134134,6.560223579406738,272300,0.0,0.0
2008-12-09 00:00:00-05:00,6.365917960678768,6.509217949208242,6.314913115571293,6.504360675811768,174600,0.0,0.0
2008-12-10 00:00:00-05:00,6.773959254795045,6.773959254795045,6.421781650556113,6.55779504776001,268100,0.0,0.0
2008-12-11 00:00:00-05:00,6.363489361735993,6.482501126620143,6.3294856694410555,6.375633239746094,139700,0.0,0.0
2008-12-12 00:00:00-05:00,6.040458075078576,6.378062930495823,5.950591791133484,6.297912120819092,105100,0.0,0.0
2008-12-15 00:00:00-05:00,6.29305394313945,6.307626690262515,6.076889751653428,6.123036861419678,203400,0.0,0.0
2008-12-16 00:00:00-05:00,6.10846489137219,6.509218962682139,6.10846489137219,6.404780387878418,201900,0.0,0.0
2008-12-17 00:00:00-05:00,6.322199515092275,6.446069016232469,6.198330013952081,6.433924674987793,153300,0.0,0.0
2008-12-18 00:00:00-05:00,6.528649919477584,6.528649919477584,6.263909697074652,6.2954840660095215,94800,0.0,0.0
2008-12-19 00:00:00-05:00,6.412066712382274,6.412066712382274,6.195902487273737,6.198331356048584,114500,0.0,0.0
2008-12-22 00:00:00-05:00,6.132752863125367,6.215332542699484,5.68342236268016,5.838866710662842,237100,0.0,0.0
2008-12-23 00:00:00-05:00,5.6931386880883394,5.707711438644591,5.421111385901786,5.425969123840332,215800,0.0,0.0
2008-12-24 00:00:00-05:00,5.404108076816659,5.464828392286508,5.391964199026385,5.438111305236816,106700,0.0,0.0
2008-12-26 00:00:00-05:00,5.467257099256213,5.484258712964881,5.260807940095468,5.343387603759766,183200,0.0,0.0
2008-12-29 00:00:00-05:00,5.436380188533451,5.621831447092767,5.351602412584574,5.380744457244873,178100,1.831,0.0
2008-12-30 00:00:00-05:00,5.436379046032335,5.436379046032335,5.301264304516044,5.322458744049072,135400,0.0,0.0
2008-12-31 00:00:00-05:00,5.425782358911669,5.4284317274011675,5.250928081127737,5.417834758758545,211400,0.0,0.0
2009-01-02 00:00:00-05:00,5.510560618132779,5.960943194991647,5.510560618132779,5.918554306030273,216700,0.0,0.0
2009-01-05 00:00:00-05:00,5.998033224826237,6.278860240142675,5.907956711281781,6.119901657104492,318700,0.0,0.0
2009-01-06 00:00:00-05:00,6.244417369153223,6.488153666582779,6.106653265102762,6.125198841094971,246100,0.0,0.0
2009-01-07 00:00:00-05:00,6.000682859198371,6.000682859198371,5.696012522985488,5.738401412963867,214300,0.0,0.0
2009-01-08 00:00:00-05:00,5.696011581309995,5.942397279398511,5.6536226983394275,5.825827598571777,126600,0.0,0.0
2009-01-09 00:00:00-05:00,5.934449597645198,6.029824843789646,5.748998347749793,5.828477382659912,159700,0.0,0.0
2009-01-12 00:00:00-05:00,5.6112332439796635,5.823177637250307,5.404587081554317,5.4787678718566895,155200,0.0,0.0
2009-01-13 00:00:00-05:00,5.364848400348039,5.680116176227166,5.354250926388566,5.592689037322998,123400,0.0,0.0
2009-01-14 00:00:00-05:00,5.72250417183526,5.741049243066019,5.433729620431254,5.5450005531311035,183300,0.0,0.0
2009-01-15 00:00:00-05:00,5.5450012641706525,5.711907431965279,5.383393327896144,5.688063621520996,127100,0.0,0.0
2009-01-16 00:00:00-05:00,5.823177917603772,5.960942032519908,5.788737141532397,5.905306816101074,183300,0.0,0.0
2009-01-20 00:00:00-05:00,5.860268131240393,6.011278570646456,5.478767728051464,5.529104709625244,142800,0.0,0.0
2009-01-21 00:00:00-05:00,5.775489424988557,5.857618311035968,5.568843789255016,5.836423873901367,111400,0.0,0.0
2009-01-22 00:00:00-05:00,5.698660176067299,5.83377491168742,5.5238059312213235,5.796684265136719,52100,0.0,0.0
2009-01-23 00:00:00-05:00,5.698660849381232,6.114602072032737,5.698660849381232,6.09340763092041,217800,0.0,0.0
2009-01-26 00:00:00-05:00,5.987436309332195,6.25236711500782,5.987436309332195,6.204679489135742,164500,0.0,0.0
2009-01-27 00:00:00-05:00,6.199379796054549,6.445765488200702,6.093407591183981,6.358338356018066,111700,0.0,0.0
2009-01-28 00:00:00-05:00,6.557036611383337,6.557036611383337,6.300053944285071,6.504050254821777,140700,0.0,0.0
2009-01-29 00:00:00-05:00,6.384832282926004,6.384832282926004,6.104005780730716,6.106654644012451,63000,0.0,0.0
2009-01-30 00:00:00-05:00,6.35833740234375,6.35833740234375,6.127847449170076,6.225872039794922,81500,0.0,0.0
2009-02-02 00:00:00-05:00,6.220573505542613,6.294754292886653,6.066913700220531,6.239118576049805,79200,0.0,0.0
2009-02-03 00:00:00-05:00,6.38483120686234,6.51729658250133,6.260313430359894,6.461660861968994,81200,0.0,0.0
2009-02-04 00:00:00-05:00,6.557035345510635,6.7769278237535335,6.41397251360272,6.583528518676758,175400,0.0,0.0
2009-02-05 00:00:00-05:00,6.437818146092121,6.835214340426583,6.413974334006822,6.803422927856445,144000,0.0,0.0
2009-02-06 00:00:00-05:00,6.861706817187967,7.105443144921467,6.861706817187967,6.967679023742676,265800,0.0,0.0
2009-02-09 00:00:00-05:00,7.094847396213558,7.20346898976379,6.967680221178165,6.999472141265869,180900,0.0,0.0
2009-02-10 00:00:00-05:00,6.9544328008121035,7.123988334064325,6.6285680708497345,6.742488384246826,181200,0.0,0.0
2009-02-11 00:00:00-05:00,6.848460630414848,6.980926017829776,6.443116363011642,6.543790340423584,219400,0.0,0.0
2009-02-12 00:00:00-05:00,6.493452623425364,6.668306874776549,6.281507724143571,6.578230381011963,188400,0.0,0.0
2009-02-13 00:00:00-05:00,6.782228662515462,6.967679921553432,6.689502780338774,6.882902145385742,281400,0.0,0.0
2009-02-17 00:00:00-05:00,6.713345709770546,6.713345709770546,6.360987808111444,6.464310646057129,223500,0.0,0.0
2009-02-18 00:00:00-05:00,6.443116004991712,6.610022666836737,6.308001256698466,6.604723930358887,129300,0.0,0.0
2009-02-19 00:00:00-05:00,6.67625461976231,6.848459493757333,6.496101641928033,6.5066986083984375,189500,0.0,0.0
2009-02-20 00:00:00-05:00,6.323897349436038,6.6285676168757774,6.289456068280884,6.61002254486084,192000,0.0,0.0
2009-02-23 00:00:00-05:00,6.859057527506432,7.277648127183645,6.737189614900001,6.7451372146606445,645500,0.0,0.0
2009-02-24 00:00:00-05:00,6.702748044824394,7.094845954772608,6.570282664449877,7.086897850036621,247000,0.0,0.0
2009-02-25 00:00:00-05:00,7.007419114171087,7.227311634487672,6.768981015369078,7.094846248626709,191100,0.0,0.0
2009-02-26 00:00:00-05:00,6.941186017890694,6.951782985379805,6.68950159725402,6.718644142150879,192300,0.0,0.0
2009-02-27 00:00:00-05:00,6.583530240644428,6.633867232294523,6.435169139550619,6.549088954925537,166100,0.0,0.0
2009-03-02 00:00:00-05:00,6.424571047226588,6.49080373843511,6.284157559951003,6.358338356018066,345800,0.0,0.0
2009-03-03 00:00:00-05:00,6.5437907735692535,6.5437907735692535,6.0934082244207,6.350390911102295,260500,0.0,0.0
2009-03-04 00:00:00-05:00,6.843161952700261,7.314738917880724,6.702748458915118,7.2855963706970215,667400,0.0,0.0
2009-03-05 00:00:00-05:00,6.859055949412326,7.126636028289796,6.859055949412326,7.126636028289795,373700,0.0,0.0
2009-03-06 00:00:00-05:00,7.0868988571292135,7.27235061813352,7.023315526151697,7.259103775024414,216100,0.0,0.0
2009-03-09 00:00:00-04:00,7.007420009931684,7.298843491826277,6.835214582047084,7.076301574707031,421000,0.0,0.0
2009-03-10 00:00:00-04:00,7.351828413941056,7.616759167596589,7.351828413941056,7.53463077545166,431200,0.0,0.0
2009-03-11 00:00:00-04:00,7.423359661506566,7.675043568282388,7.320036326432846,7.3677239418029785,272900,0.0,0.0
2009-03-12 00:00:00-04:00,7.648551195881547,7.66709626806705,7.0868977673110525,7.595564842224121,353800,0.0,0.0
2009-03-13 00:00:00-04:00,7.6300051164930345,7.733328448797063,7.404814391549905,7.6406025886535645,201300,0.0,0.0
2009-03-16 00:00:00-04:00,7.714785281064555,7.812809396155526,7.0736527113287115,7.076301574707031,387400,0.0,0.0
2009-03-17 00:00:00-04:00,7.330633955291421,7.330633955291421,7.020664954087041,7.139883995056152,304900,0.0,0.0
2009-03-18 00:00:00-04:00,7.089546782738168,7.418060845246985,6.999470289192089,7.349178791046143,127500,0.0,0.0
2009-03-19 00:00:00-04:00,7.6088109965315756,7.6088109965315756,7.21141486952365,7.383620262145996,134800,0.0,0.0
2009-03-20 00:00:00-04:00,7.007419869732834,7.365076045868756,7.007419869732834,7.147832870483398,108600,0.0,0.0
2009-03-23 00:00:00-04:00,7.52403360253043,7.860495794354129,7.431307733993501,7.828703880310059,461700,0.0,0.0
2009-03-24 00:00:00-04:00,7.762469962741926,7.916129761492574,7.603511933583859,7.796911239624023,349100,0.0,0.0
2009-03-25 00:00:00-04:00,7.796911933160185,7.918779833730232,7.4604497645711145,7.611460208892822,269000,0.0,0.0
2009-03-26 00:00:00-04:00,7.894937458980193,7.934677482332032,7.643253507872411,7.7227325439453125,279200,0.0,0.0
2009-03-27 00:00:00-04:00,7.709483998231463,7.741275401428817,7.5107859596446485,7.669744491577148,224100,0.0,0.0
2009-03-30 00:00:00-04:00,7.521384599829983,7.7094857143265125,7.206117338922211,7.701537609100342,258800,0.0,0.0
2009-03-31 00:00:00-04:00,7.815457561234228,8.154569122075877,7.712134724667971,7.849898338317871,253100,0.0,0.0
2009-04-01 00:00:00-04:00,7.942624203234532,8.610249851453698,7.749224866308328,8.55196475982666,505000,0.0,0.0
2009-04-02 00:00:00-04:00,8.83544033518848,8.994399395649753,8.424797864267136,8.47513484954834,603700,0.0,0.0
2009-04-03 00:00:00-04:00,8.56256141913808,8.710922997073796,8.234047362820908,8.631443977355957,386800,0.0,0.0
2009-04-06 00:00:00-04:00,8.663235970624624,8.846037829435637,8.51752425615521,8.803648948669434,262000,0.0,0.0
2009-04-07 00:00:00-04:00,8.798349303736416,8.798349303736416,8.522821101891523,8.581106185913086,157400,0.0,0.0
2009-04-08 00:00:00-04:00,8.477785507524699,8.578459493403175,8.398306470517811,8.504278182983398,180100,0.0,0.0
2009-04-09 00:00:00-04:00,8.779805744921866,8.975854963615697,8.769208271342588,8.928167343139648,194200,0.0,0.0
2009-04-13 00:00:00-04:00,9.007646057311423,9.669972973290204,8.954659701906985,9.64348030090332,446400,0.0,0.0
2009-04-14 00:00:00-04:00,9.540157505952713,9.669974040488874,8.912271803286629,8.986452102661133,361200,0.0,0.0
2009-04-15 00:00:00-04:00,8.75861108376474,9.397094159947194,8.75861108376474,9.182499885559082,220900,0.0,0.0
2009-04-16 00:00:00-04:00,9.21958847867436,9.272574822644133,8.875178758816526,9.16660213470459,193300,0.0,0.0
2009-04-17 00:00:00-04:00,9.047386613540924,9.179852004599324,8.933466296380244,9.05003547668457,153200,0.0,0.0
2009-04-20 00:00:00-04:00,9.087123538812355,9.087123538812355,8.47778308192509,8.483081817626953,312700,0.0,0.0
2009-04-21 00:00:00-04:00,8.477783969209458,9.267277480066417,8.3718117706574,9.211642265319824,483000,0.0,0.0
2009-04-22 00:00:00-04:00,8.848687972357673,9.108320001283888,8.702975242821463,8.901673316955566,254500,0.0,0.0
2009-04-23 00:00:00-04:00,8.795703808133023,9.089777192805885,8.74536630334305,8.994401931762695,163100,0.0,0.0
2009-04-24 00:00:00-04:00,9.246083645108918,9.246083645108918,8.981152893221907,9.031489372253418,185000,0.0,0.0
2009-04-27 00:00:00-04:00,8.75861009516693,8.867231651530862,8.557262179068099,8.766557693481445,288900,0.0,0.0
2009-04-28 00:00:00-04:00,8.742715731227136,8.967906489748879,8.565212593907997,8.856636047363281,216000,0.0,0.0
2009-04-29 00:00:00-04:00,9.309666907387651,9.309666907387651,8.76391017905404,9.100371360778809,165400,0.0,0.0
2009-04-30 00:00:00-04:00,9.275225619653712,9.799789422672673,9.264629157153946,9.40769100189209,575700,0.0,0.0
2009-05-01 00:00:00-04:00,9.532208205023526,9.669972315450826,9.285822528190357,9.47657299041748,178500,0.0,0.0
2009-05-04 00:00:00-04:00,9.709712036100242,10.491256911468954,9.709712036100242,10.281962394714355,532500,0.0,0.0
2009-05-05 00:00:00-04:00,10.313754526065214,10.332299598339988,9.858073297300722,10.31640338897705,226200,0.0,0.0
2009-05-06 00:00:00-04:00,10.46476436085941,10.46476436085941,10.202482480302187,10.342896461486816,309400,0.0,0.0
2009-05-07 00:00:00-04:00,10.334948505158147,10.499206304047744,9.672621605014875,9.6779203414917,542100,0.0,0.0
2009-05-08 00:00:00-04:00,9.932255603179707,10.18658891496714,9.868671769917476,10.093862533569336,288500,0.0,0.0
2009-05-11 00:00:00-04:00,9.932255542215843,10.141550093609817,9.603740925200428,10.009084701538086,248400,0.0,0.0
2009-05-12 00:00:00-04:00,10.07531659725259,10.279313406114486,9.842178253379556,10.197185516357422,268600,0.0,0.0
2009-05-13 00:00:00-04:00,10.04882116212184,10.04882116212184,9.738851728998801,10.017029762268066,321500,0.0,0.0
2009-05-14 00:00:00-04:00,9.603739931103748,9.842178016404095,9.346756773683445,9.683218955993652,433800,0.0,0.0
2009-05-15 00:00:00-04:00,9.685868003849206,9.855423511995536,9.431533730999167,9.47922134399414,150100,0.0,0.0
2009-05-18 00:00:00-04:00,9.418289571385788,9.93490482437969,9.418289571385788,9.87926959991455,243800,0.0,0.0
2009-05-19 00:00:00-04:00,9.881918059886553,9.889866670650587,9.67262249757673,9.767997741699219,161500,0.0,0.0
2009-05-20 00:00:00-04:00,9.881916667792494,10.120354744509257,9.444781541319223,9.50041675567627,273400,0.0,0.0
2009-05-21 00:00:00-04:00,9.407690946020251,9.423587155621487,8.891076766863256,8.949360847473145,362800,0.0,0.0
2009-05-22 00:00:00-04:00,9.07917694868145,9.097722020381875,8.337370543457363,8.395655632019043,687700,0.0,0.0
2009-05-26 00:00:00-04:00,8.38505926601848,8.941414017030095,8.371812928860141,8.869882583618164,303000,0.0,0.0
2009-05-27 00:00:00-04:00,9.055334118301996,9.193098244828553,8.917569991775437,8.922868728637695,226800,0.0,0.0
2009-05-28 00:00:00-04:00,9.073878831136888,9.17455280625456,8.748014106798019,9.113618850708008,169300,0.0,0.0
2009-05-29 00:00:00-04:00,9.280522048791076,9.537505149841309,9.179849110974425,9.537505149841309,196300,0.0,0.0
2009-06-01 00:00:00-04:00,9.741504728727273,10.173342175428267,9.715011044819747,10.06736946105957,352900,0.0,0.0
2009-06-02 00:00:00-04:00,10.054121633096232,10.067367967769817,9.770645826433157,9.828929901123047,227800,0.0,0.0
2009-06-03 00:00:00-04:00,9.70176419568144,9.773295622507026,9.169253810154048,9.346756935119629,261300,0.0,0.0
2009-06-04 00:00:00-04:00,9.550753739592599,10.001136235780361,9.487170922854709,9.961396217346191,236200,0.0,0.0
2009-06-05 00:00:00-04:00,9.987890323736949,10.038226806676636,9.643480521669611,9.765348434448242,139600,0.0,0.0
2009-06-08 00:00:00-04:00,9.762697422574156,9.762697422574156,9.405041325707916,9.487170219421387,249400,0.0,0.0
2009-06-09 00:00:00-04:00,9.487169750276713,9.619635114510862,9.3017180382228,9.532207489013672,107600,0.0,0.0
2009-06-10 00:00:00-04:00,9.786542525536003,9.802438735961916,9.619636863902112,9.802438735961914,222500,0.0,0.0
2009-06-11 00:00:00-04:00,9.844826777132546,9.92165693833545,9.537507142951554,9.863371849060059,162000,0.0,0.0
2009-06-12 00:00:00-04:00,9.56664915924354,9.699114528913196,9.458027596539642,9.46862506866455,166400,0.0,0.0
2009-06-15 00:00:00-04:00,9.30701846677966,9.30701846677966,8.891077228285658,8.970556259155273,324100,0.0,0.0
2009-06-16 00:00:00-04:00,8.7718570649249,9.047385280274577,8.687079307991242,8.692378044128418,281800,0.0,0.0
2009-06-17 00:00:00-04:00,8.78245394123951,8.79570027536829,8.530769550270634,8.544015884399414,252300,0.0,0.0
2009-06-18 00:00:00-04:00,8.668533648597077,8.82219294362585,8.583755897416268,8.742713928222656,199100,0.0,0.0
2009-06-19 00:00:00-04:00,8.991752057494319,9.261981626906383,8.875182855458709,8.994401931762695,253100,0.0,0.0
2009-06-22 00:00:00-04:00,8.9202190841389,8.941414032132638,8.398306122677397,8.453941345214844,288400,0.0,0.0
2009-06-23 00:00:00-04:00,8.517523803068247,8.59170408780545,8.287033834011948,8.55991268157959,219800,0.0,0.0
2009-06-24 00:00:00-04:00,8.66323515164598,9.161305211536824,8.66323515164598,8.798349380493164,255000,0.0,0.0
2009-06-25 00:00:00-04:00,8.846036309245301,8.938762664794922,8.721518551242035,8.938762664794922,161400,0.0,0.0
2009-06-26 00:00:00-04:00,8.74271493267106,8.782454950253635,8.636742226204614,8.65263843536377,293300,0.0,0.0
2009-06-29 00:00:00-04:00,8.74801500538261,8.822195304862346,8.620848344575588,8.636743545532227,190800,0.0,0.0
2009-06-30 00:00:00-04:00,8.575809279888722,8.610250565125835,8.268489607835615,8.38770866394043,280000,0.0,0.0
2009-07-01 00:00:00-04:00,8.50957515606956,8.557262770513667,8.292332028326676,8.517523765563965,384000,0.0,0.0
2009-07-02 00:00:00-04:00,8.40890303045604,8.491031432075458,8.371812882366372,8.45659065246582,163100,0.0,0.0
2009-07-06 00:00:00-04:00,8.644692017245745,8.710924715179159,8.443344554890322,8.708274841308594,316500,0.0,0.0
2009-07-07 00:00:00-04:00,8.61024961406968,8.663235967667005,8.435395354639951,8.496329307556152,150600,0.0,0.0
2009-07-08 00:00:00-04:00,8.612898205125934,8.612898205125934,8.292332241394224,8.332072257995605,214000,0.0,0.0
2009-07-09 00:00:00-04:00,8.716221903539495,8.716221903539495,8.411551142929195,8.5360689163208,152100,0.0,0.0
2009-07-10 00:00:00-04:00,8.557264158917466,8.557264158917466,8.347969101395872,8.411552429199219,109100,0.0,0.0
2009-07-13 00:00:00-04:00,8.44334518948428,8.634095191955566,8.212855161013817,8.634095191955566,169800,0.0,0.0
2009-07-14 00:00:00-04:00,8.742716186396759,8.967906956642548,8.639393338622085,8.793052673339844,161500,0.0,0.0
2009-07-15 00:00:00-04:00,8.952011626545254,9.169254793249541,8.86723385469142,9.148059844970703,299600,0.0,0.0
2009-07-16 00:00:00-04:00,9.057980584350263,9.18779707654468,8.957307642501194,9.16660213470459,148200,0.0,0.0
2009-07-17 00:00:00-04:00,9.187798135354935,9.25403082029225,9.116266714346965,9.203694343566895,174500,0.0,0.0
2009-07-20 00:00:00-04:00,9.389144732339888,9.656725336304515,9.25932924024779,9.550752639770508,330200,0.0,0.0
2009-07-21 00:00:00-04:00,9.415636849225196,9.672618928132554,9.261976565814493,9.378546714782715,279900,0.0,0.0
2009-07-22 00:00:00-04:00,9.37855111779831,9.548106675212331,9.304369803456545,9.30966854095459,155500,0.0,0.0
2009-07-23 00:00:00-04:00,9.473923423421427,9.685868837476246,9.43153454273659,9.616986274719238,260500,0.0,0.0
2009-07-24 00:00:00-04:00,9.558702559537299,9.7971396434857,9.550753949297548,9.75210189819336,202800,0.0,0.0
2009-07-27 00:00:00-04:00,9.903115134359881,9.919010338039831,9.643483031067497,9.757403373718262,238400,0.0,0.0
2009-07-28 00:00:00-04:00,9.669972885199934,9.736205576194456,9.473923675178664,9.691167831420898,195200,0.0,0.0
2009-07-29 00:00:00-04:00,9.28317503605847,9.312317584382843,8.95995915192379,9.129514694213867,616500,0.0,0.0
2009-07-30 00:00:00-04:00,9.378550172002939,9.47127554229055,9.232837432078492,9.24343490600586,372800,0.0,0.0
2009-07-31 00:00:00-04:00,9.31496643132913,9.420939150390923,9.261980071798236,9.370601654052734,205200,0.0,0.0
2009-08-03 00:00:00-04:00,9.569298988910667,9.741504391134328,9.569298988910667,9.709712982177734,246200,0.0,0.0
2009-08-04 00:00:00-04:00,9.550754715771351,9.627584886927178,9.338810287264547,9.521612167358398,292700,0.0,0.0
2009-08-05 00:00:00-04:00,9.293771678681331,9.428885923534203,9.097722468802925,9.29906940460205,197800,0.0,0.0
2009-08-06 00:00:00-04:00,9.299070297950351,9.309667772071194,9.012945571102879,9.214292526245117,170000,0.0,0.0
2009-08-07 00:00:00-04:00,9.193098341579017,9.203695815415065,9.0341392659305,9.05003547668457,270400,0.0,0.0
2009-08-10 00:00:00-04:00,9.010295607700398,9.092424515374487,8.808948654559426,8.912271499633789,286500,0.0,0.0
2009-08-11 00:00:00-04:00,8.822194883006249,8.84868856771842,8.623496795503266,8.676483154296875,301500,0.0,0.0
2009-08-12 00:00:00-04:00,8.522821669521008,8.843388642359189,8.493680136199899,8.795701026916504,297200,0.0,0.0
2009-08-13 00:00:00-04:00,8.875181744471725,8.875181744471725,8.687081120199982,8.740067481994629,185600,0.0,0.0
2009-08-14 00:00:00-04:00,8.671184017949896,8.671184017949896,8.533419895684379,8.64999008178711,158700,0.0,0.0
2009-08-17 00:00:00-04:00,8.212852357798836,8.363862788043406,8.133373343559139,8.284383773803711,397700,0.0,0.0
2009-08-18 00:00:00-04:00,8.443344376533346,8.461889450712496,8.26054199261033,8.453941345214844,237200,0.0,0.0
2009-08-19 00:00:00-04:00,8.316178236867435,8.408904124470787,8.173115857540765,8.38506031036377,351800,0.0,0.0
2009-08-20 00:00:00-04:00,8.498979439152128,8.742715258217908,8.477784492817365,8.6605863571167,247900,0.0,0.0
2009-08-21 00:00:00-04:00,8.81954520147602,8.81954520147602,8.6791312121075,8.779805183410645,235900,0.0,0.0
2009-08-24 00:00:00-04:00,9.00499706295304,9.007645925900817,8.350617756110788,8.46718692779541,279800,0.0,0.0
2009-08-25 00:00:00-04:00,8.448640520396602,8.581105880730522,8.41419974904849,8.46188735961914,140900,0.0,0.0
2009-08-26 00:00:00-04:00,8.544017003592035,8.610249693542361,8.42479795955532,8.514874458312988,113000,0.0,0.0
2009-08-27 00:00:00-04:00,8.530770100547198,8.546665298274847,8.273786957224033,8.517523765563965,187000,0.0,0.0
2009-08-28 00:00:00-04:00,8.610248773886143,8.610248773886143,8.294981061907883,8.358564376831055,126000,0.0,0.0
2009-08-31 00:00:00-04:00,8.067140231413118,8.067140231413118,7.844598397076535,7.884337902069092,620100,0.0,0.0
2009-09-01 00:00:00-04:00,7.86579328807297,8.098932101402651,7.794261871762689,7.796911239624023,427300,0.0,0.0
2009-09-02 00:00:00-04:00,7.839300097532557,8.146619694357911,7.815456292148241,8.040647506713867,249800,0.0,0.0
2009-09-03 00:00:00-04:00,8.329422902005293,8.345318605479827,8.109530400232247,8.199606895446777,308800,0.0,0.0
2009-09-04 00:00:00-04:00,8.6076007511736,8.6076007511736,8.271138062740498,8.496329307556152,259000,0.0,0.0
2009-09-08 00:00:00-04:00,8.612898924898529,8.716222774570683,8.55991357917622,8.64999008178711,192400,0.0,0.0
2009-09-09 00:00:00-04:00,8.636744336831779,8.755963408083348,8.42744925157567,8.46983814239502,185000,0.0,0.0
2009-09-10 00:00:00-04:00,8.554615058369818,8.787753415197594,8.4486423429894,8.771858215332031,259700,0.0,0.0
2009-09-11 00:00:00-04:00,8.875180720271572,8.888427056533903,8.71887152686246,8.830142974853516,163300,0.0,0.0
2009-09-14 00:00:00-04:00,8.840737686206916,8.840737686206916,8.692377132448755,8.734766006469727,152700,0.0,0.0
2009-09-15 00:00:00-04:00,8.753313819785593,8.87253288116585,8.716223669718579,8.740067481994629,239800,0.0,0.0
2009-09-16 00:00:00-04:00,8.779804609130473,8.91491985321045,8.634092903472723,8.91491985321045,189700,0.0,0.0
2009-09-17 00:00:00-04:00,8.97585468423728,9.002347356730171,8.877829572626098,8.89637565612793,210400,0.0,0.0
2009-09-18 00:00:00-04:00,8.782454691655891,8.838089906128825,8.68442958734004,8.795701026916504,148300,0.0,0.0
2009-09-21 00:00:00-04:00,8.692378086287276,8.718870756471068,8.610249191708583,8.668534278869629,76400,0.0,0.0
2009-09-22 00:00:00-04:00,8.69502782777721,8.702975427509418,8.612898924898529,8.64999008178711,178000,0.0,0.0
2009-09-23 00:00:00-04:00,8.634093795046867,8.634093795046867,8.464538264726977,8.480433464050293,215100,0.0,0.0
2009-09-24 00:00:00-04:00,8.347968051974583,8.464537724284455,8.257891555914496,8.438044548034668,197200,0.0,0.0
2009-09-25 00:00:00-04:00,8.408901474435469,8.514873667450212,8.36651259722957,8.48573112487793,105000,0.0,0.0
2009-09-28 00:00:00-04:00,8.451293065825984,8.649991686350413,8.34532083877761,8.46983814239502,176900,0.0,0.0
2009-09-29 00:00:00-04:00,8.530770658860284,8.530770658860284,8.350617661532217,8.427447319030762,79100,0.0,0.0
2009-09-30 00:00:00-04:00,8.506926107509432,8.565211192919241,8.350616932608126,8.528120040893555,212400,0.0,0.0
2009-10-01 00:00:00-04:00,8.53341961042179,8.53341961042179,8.371812189046654,8.379759788513184,104300,0.0,0.0
2009-10-02 00:00:00-04:00,8.358566224115643,8.358566224115643,8.130726088282623,8.273788452148438,113700,0.0,0.0
2009-10-05 00:00:00-04:00,8.090985469927954,8.443343352544774,8.090985469927954,8.369162559509277,98800,0.0,0.0
2009-10-06 00:00:00-04:00,8.480434034827562,8.583757890536738,8.43804565470997,8.562562942504883,161800,0.0,0.0
2009-10-07 00:00:00-04:00,8.610250887993171,8.636743563396221,8.56521313768183,8.570510864257812,107500,0.0,0.0
2009-10-08 00:00:00-04:00,8.65793736310542,8.771857671353963,8.604951008701107,8.732117652893066,241100,0.0,0.0
2009-10-09 00:00:00-04:00,8.766559541828439,8.880479857964584,8.766559541828439,8.856636047363281,141900,0.0,0.0
2009-10-12 00:00:00-04:00,8.856635230672078,8.888426638332014,8.716222253762618,8.718871116638184,165100,0.0,0.0
2009-10-13 00:00:00-04:00,8.769206838228143,8.8301417960353,8.718870362898906,8.798349380493164,118200,0.0,0.0
2009-10-14 00:00:00-04:00,8.877830243976081,9.187799790862613,8.877830243976081,9.129514694213867,290100,0.0,0.0
2009-10-15 00:00:00-04:00,9.140110853854353,9.187798469594476,8.970555335947516,9.079176902770996,123600,0.0,0.0
2009-10-16 00:00:00-04:00,8.970556489451829,9.0447367854171,8.875181245707486,9.026191711425781,139200,0.0,0.0
2009-10-19 00:00:00-04:00,9.08977615213508,9.272578041118615,9.060633602304922,9.259331703186035,237800,0.0,0.0
2009-10-20 00:00:00-04:00,9.259331285943324,9.272577623279,9.169254777177668,9.214292526245117,151000,0.0,0.0
2009-10-21 00:00:00-04:00,9.174552938426048,9.38914621743569,9.17190306474677,9.283174514770508,222900,0.0,0.0
2009-10-22 00:00:00-04:00,9.219591434496637,9.299070470617231,9.193098759333365,9.269928932189941,197000,0.0,0.0
2009-10-23 00:00:00-04:00,9.352055824183893,9.391795843278837,9.087125058566045,9.142760276794434,225200,0.0,0.0
2009-10-26 00:00:00-04:00,9.158656496780255,9.216941588683046,9.047386060199294,9.07652759552002,184900,0.0,0.0
2009-10-27 00:00:00-04:00,9.007645434746573,9.04738545121093,8.620846785099975,8.663235664367676,352400,0.0,0.0
2009-10-28 00:00:00-04:00,8.642041173019692,8.734767546093323,8.355916475602323,8.445992469787598,452100,0.0,0.0
2009-10-29 00:00:00-04:00,8.464538253119212,8.769208030422872,8.456590148153113,8.697677612304688,257100,0.0,0.0
2009-10-30 00:00:00-04:00,8.644690051958237,8.671182720856441,8.305578533719379,8.358564376831055,196900,0.0,0.0
2009-11-02 00:00:00-05:00,8.599652632899593,8.954659908478988,8.506927266775781,8.62614631652832,282200,0.0,0.0
2009-11-03 00:00:00-05:00,8.644691247679566,8.89107694290862,8.549316009445004,8.853985786437988,171000,0.0,0.0
2009-11-04 00:00:00-05:00,8.959957548403422,9.211641953598464,8.954658812326302,9.004996299743652,241800,0.0,0.0
2009-11-05 00:00:00-05:00,9.084474525951698,9.193096079466233,9.010293237983626,9.174551010131836,128400,0.0,0.0
2009-11-06 00:00:00-05:00,9.179849478669873,9.251379880804043,9.07387679073033,9.16660213470459,163200,0.0,0.0
2009-11-09 00:00:00-05:00,9.251382431912853,9.40504277073465,9.230188494858895,9.399744033813477,226200,0.0,0.0
2009-11-10 00:00:00-05:00,9.370601364091476,9.444782669391584,9.330862353646038,9.40504264831543,199700,0.0,0.0
2009-11-11 00:00:00-05:00,9.508365614120676,9.516313214187068,9.399744033813477,9.399744033813477,241700,0.0,0.0
2009-11-12 00:00:00-05:00,9.349407006391221,9.389146015047558,9.118916511535645,9.118916511535645,158400,0.0,0.0
2009-11-13 00:00:00-05:00,9.14011156743544,9.330862045288086,9.129514094081252,9.330862045288086,120200,0.0,0.0
2009-11-16 00:00:00-05:00,9.458027288276153,9.56929771006938,9.458027288276153,9.550752639770508,265600,0.0,0.0
2009-11-17 00:00:00-05:00,9.460680291708051,9.526913003373268,9.407693920249683,9.511017799377441,102200,0.0,0.0
2009-11-18 00:00:00-05:00,9.471274411911457,9.6567261409841,9.428885531891764,9.513663291931152,197500,0.0,0.0
2009-11-19 00:00:00-05:00,9.418288752158245,9.426237362555288,9.25403195632594,9.349407196044922,124100,0.0,0.0
2009-11-20 00:00:00-05:00,9.227539195834446,9.312316961307108,8.936114742720322,9.156007766723633,186900,0.0,0.0
2009-11-23 00:00:00-05:00,9.307019328247968,9.452731066767956,9.219591678757492,9.259331703186035,114700,0.0,0.0
2009-11-24 00:00:00-05:00,8.906971397155475,9.10037072045138,8.755960952792499,9.018242835998535,292000,0.0,0.0
2009-11-25 00:00:00-05:00,9.232836162866372,9.246083508769875,9.06063178305744,9.1692533493042,125300,0.0,0.0
2009-11-27 00:00:00-05:00,8.808948030326787,9.020892442464154,8.771857884531583,8.920218467712402,175400,0.0,0.0
2009-11-30 00:00:00-05:00,9.020892186844947,9.034138522734928,8.92286808850231,8.997048377990723,147200,0.0,0.0
2009-12-01 00:00:00-05:00,9.113617508192142,9.25403047156619,9.073877494475076,9.177200317382812,146000,0.0,0.0
2009-12-02 00:00:00-05:00,9.15335734094248,9.248732574003862,9.065930717723294,9.182499885559082,76800,0.0,0.0
2009-12-03 00:00:00-05:00,9.156008147814287,9.23283730616307,9.063281768160518,9.07387924194336,111500,0.0,0.0
2009-12-04 00:00:00-05:00,9.317612151381233,9.317612151381233,9.174550342727297,9.206341743469238,223900,0.0,0.0
2009-12-07 00:00:00-05:00,9.227539250754472,9.307018280029297,9.201045567242405,9.307018280029297,145000,0.0,0.0
2009-12-08 00:00:00-05:00,9.145410660101122,9.235487165856613,9.097723038781702,9.140111923217773,47600,0.0,0.0
2009-12-09 00:00:00-05:00,8.89637537372867,9.124214977574939,8.883128027272063,9.020892143249512,68100,0.0,0.0
2009-12-10 00:00:00-05:00,8.99439803563033,9.113617060291828,8.959956759476901,8.975852966308594,93900,0.0,0.0
2009-12-11 00:00:00-05:00,9.020891698780959,9.113618066255276,8.975853957065606,9.018242835998535,104600,0.0,0.0
2009-12-14 00:00:00-05:00,9.095074112219104,9.124215648928184,9.036789017539512,9.055334091186523,100400,0.0,0.0
2009-12-15 00:00:00-05:00,9.03149028069312,9.063281691140753,8.98380265970631,9.055334091186523,69600,0.0,0.0
2009-12-16 00:00:00-05:00,9.06328118131151,9.06328118131151,9.02089229955556,9.057982444763184,57600,0.0,0.0
2009-12-17 00:00:00-05:00,8.928168692003737,9.002348997004406,8.867234725663065,8.95466136932373,144100,0.0,0.0
2009-12-18 00:00:00-05:00,8.928165309842486,8.928165309842486,8.742713606962639,8.80099868774414,129500,0.0,0.0
2009-12-21 00:00:00-05:00,8.944060078367079,9.007643891691703,8.88842487335205,8.88842487335205,174900,0.0,0.0
2009-12-22 00:00:00-05:00,8.830141716471646,8.901672124220578,8.665883936208939,8.713571548461914,379500,0.0,0.0
2009-12-23 00:00:00-05:00,8.808947054040821,8.84338833301814,8.71622169982946,8.811595916748047,247500,0.0,0.0
2009-12-24 00:00:00-05:00,8.928166116347333,9.134811769595181,8.928166116347333,9.052682876586914,151400,0.0,0.0
2009-12-28 00:00:00-05:00,9.140112016656422,9.405042799747912,9.126865679627993,9.267278671264648,405900,0.0,0.0
2009-12-29 00:00:00-05:00,8.448642721861214,9.267278902462266,8.382410024435986,9.148059844970703,485100,0.0,0.0
2009-12-30 00:00:00-05:00,9.41494168382349,9.51468261722339,9.24870698698606,9.484457969665527,623600,4.263,0.0
2009-12-31 00:00:00-05:00,9.575130698798501,9.656737063915873,9.466322211975342,9.48143482208252,174600,0.0,0.0
2010-01-04 00:00:00-05:00,9.550951531222236,9.641624890019065,9.51165931965303,9.623490333557129,208600,0.0,0.0
2010-01-05 00:00:00-05:00,9.674871382737624,9.816927040296767,9.641624792308866,9.69300651550293,195900,0.0,0.0
2010-01-06 00:00:00-05:00,9.677894866801775,9.759501238034403,9.550951814824522,9.5751314163208,192100,0.0,0.0
2010-01-07 00:00:00-05:00,9.514683015581612,9.520728060643718,9.321246185492065,9.366582870483398,298200,0.0,0.0
2010-01-08 00:00:00-05:00,9.408896325739645,9.816927612967115,9.399829335315221,9.810882568359375,655800,0.0,0.0
2010-01-11 00:00:00-05:00,9.747411105487267,9.77763517485718,9.411918631799251,9.529794692993164,575100,0.0,0.0
2010-01-12 00:00:00-05:00,9.414943003349096,9.44214513231489,9.369606313901865,9.375651359558105,204500,0.0,0.0
2010-01-13 00:00:00-05:00,9.254750593322383,9.330311912228881,9.142919587686434,9.18825626373291,314900,0.0,0.0
2010-01-14 00:00:00-05:00,9.215460373611872,9.324268880797023,9.118741956774958,9.127809524536133,196300,0.0,0.0
2010-01-15 00:00:00-05:00,9.124786799430531,9.127809321950508,8.852766113992214,8.943439483642578,309100,0.0,0.0
2010-01-19 00:00:00-05:00,9.00691062755941,9.082471960262046,8.97668655566813,9.067359924316406,319900,0.0,0.0
2010-01-20 00:00:00-05:00,8.882989924242969,8.901125058827985,8.465891629070118,8.604924201965332,749500,0.0,0.0
2010-01-21 00:00:00-05:00,8.595856075363837,8.66234983059459,8.323835433890775,8.423576354980469,583800,0.0,0.0
2010-01-22 00:00:00-05:00,8.520295217879799,8.632125656696205,8.335925399333574,8.341970443725586,391600,0.0,0.0
2010-01-25 00:00:00-05:00,8.420555589690311,8.462869753984311,8.260365347525912,8.393353462219238,225200,0.0,0.0
2010-01-26 00:00:00-05:00,8.245253632135638,8.426600387029401,8.212006458044385,8.33592700958252,241500,0.0,0.0
2010-01-27 00:00:00-05:00,8.257342000895601,8.260364523256031,8.103196819436826,8.205960273742676,257000,0.0,0.0
2010-01-28 00:00:00-05:00,8.281521831468819,8.299656389643859,7.912782740644548,7.949051856994629,536200,0.0,0.0
2010-01-29 00:00:00-05:00,8.072971514309625,8.094129169108122,7.87348966667811,7.970208644866943,385300,0.0,0.0
2010-02-01 00:00:00-05:00,8.075994371549431,8.251296626029959,8.075994371549431,8.208982467651367,291200,0.0,0.0
2010-02-02 00:00:00-05:00,8.190849118428984,8.196894163799305,8.060883525403327,8.115287780761719,449600,0.0,0.0
2010-02-03 00:00:00-05:00,8.23316122461673,8.363126785148792,8.208981625668004,8.354059219360352,372700,0.0,0.0
2010-02-04 00:00:00-05:00,8.205960499837738,8.293611921243652,7.861401012075926,7.949051856994629,478600,0.0,0.0
2010-02-05 00:00:00-05:00,7.915805563848273,8.05786066517667,7.634717307262793,8.009501457214355,415700,0.0,0.0
2010-02-08 00:00:00-05:00,8.103196084953119,8.106218607039585,7.906736761230026,8.00345516204834,265700,0.0,0.0
2010-02-09 00:00:00-05:00,8.205960098991712,8.311746073405214,8.079017044992945,8.23920726776123,402700,0.0,0.0
2010-02-10 00:00:00-05:00,8.341971132736079,8.378240249109496,8.163646343853015,8.326858520507812,244100,0.0,0.0
2010-02-11 00:00:00-05:00,8.35708192857366,8.402418605557633,8.21502685362731,8.375216484069824,154800,0.0,0.0
2010-02-12 00:00:00-05:00,8.251295855901137,8.293610586817485,8.124352816126331,8.230138778686523,251200,0.0,0.0
2010-02-16 00:00:00-05:00,8.221072438321162,8.357082478218453,8.221072438321162,8.341970443725586,115200,0.0,0.0
2010-02-17 00:00:00-05:00,8.462868721970686,8.511227925691543,8.402419429076023,8.453801155090332,190200,0.0,0.0
2010-02-18 00:00:00-05:00,8.311747403830866,8.36917418367377,8.266410715107424,8.33592700958252,121500,0.0,0.0
2010-02-19 00:00:00-05:00,8.251298101208095,8.33592700958252,8.133422595229694,8.33592700958252,273600,0.0,0.0
2010-02-22 00:00:00-05:00,8.351036422771589,8.351036422771589,8.163644681203925,8.178756713867188,95800,0.0,0.0
2010-02-23 00:00:00-05:00,8.103197650195927,8.139467345752351,7.991367193830857,8.015546798706055,284900,0.0,0.0
2010-02-24 00:00:00-05:00,8.106219106398973,8.18480295602656,8.0336803013167,8.085062026977539,253000,0.0,0.0
2010-02-25 00:00:00-05:00,8.024611989533527,8.184802196190098,7.949050669193336,8.160622596740723,118800,0.0,0.0
2010-02-26 00:00:00-05:00,8.139467385755752,8.160624468064626,8.097153221138006,8.115287780761719,112900,0.0,0.0
2010-03-01 00:00:00-05:00,8.208983027563391,8.375217726663843,8.208983027563391,8.326858520507812,247200,0.0,0.0
2010-03-02 00:00:00-05:00,8.302678853880538,8.372195716624054,8.296634385522708,8.344993591308594,166600,0.0,0.0
2010-03-03 00:00:00-05:00,8.348016380774832,8.514251083920573,8.344993858255625,8.511228561401367,154900,0.0,0.0
2010-03-04 00:00:00-05:00,8.360105019615268,8.366150064021163,8.24525205833907,8.278498649597168,171400,0.0,0.0
2010-03-05 00:00:00-05:00,8.366149510199106,8.441710830809305,8.275475579574593,8.429620742797852,193300,0.0,0.0
2010-03-08 00:00:00-05:00,8.444734133284653,8.505182849467278,8.338948159356082,8.462868690490723,112200,0.0,0.0
2010-03-09 00:00:00-05:00,8.43566780690567,8.459847412231776,8.348016953781263,8.360106468200684,143600,0.0,0.0
2010-03-10 00:00:00-05:00,8.296633297089956,8.46286797310976,8.266408653317137,8.369172096252441,262300,0.0,0.0
2010-03-11 00:00:00-05:00,8.305699874698314,8.601900100708008,8.239206122886067,8.601900100708008,719700,0.0,0.0
2010-03-12 00:00:00-05:00,8.583765607758124,8.644214892740681,8.523316899262673,8.541451454162598,258300,0.0,0.0
2010-03-15 00:00:00-04:00,8.459845653694714,8.462868175793098,8.341970174293483,8.444733619689941,193100,0.0,0.0
2010-03-16 00:00:00-04:00,8.450777351654237,8.493092080860437,8.381261078905107,8.456822395324707,208000,0.0,0.0
2010-03-17 00:00:00-04:00,8.613991995186787,8.680485760947564,8.508206013281784,8.574700355529785,287900,0.0,0.0
2010-03-18 00:00:00-04:00,8.390329109734886,8.52936166294383,8.381261543726296,8.429620742797852,121500,0.0,0.0
2010-03-19 00:00:00-04:00,8.502161026000977,8.595857494989064,8.305701673407347,8.502161026000977,343500,0.0,0.0
2010-03-22 00:00:00-04:00,8.429623306384263,8.53843182562928,8.40544369949507,8.532386779785156,194100,0.0,0.0
2010-03-23 00:00:00-04:00,8.505182519569725,8.532384642567308,8.459845840069471,8.465890884399414,158600,0.0,0.0
2010-03-24 00:00:00-04:00,8.405444149006582,8.43264628027257,8.31779328552855,8.35103988647461,204100,0.0,0.0
2010-03-25 00:00:00-04:00,8.375216421225334,8.375216421225334,8.239206391293981,8.27547550201416,115300,0.0,0.0
2010-03-26 00:00:00-04:00,8.366150001081277,8.375216991134742,8.281521109496905,8.29663372039795,56500,0.0,0.0
2010-03-29 00:00:00-04:00,8.493094663305353,8.613992691040039,8.447757974965754,8.613992691040039,189100,0.0,0.0
2010-03-30 00:00:00-04:00,8.626080760365758,8.750001281811512,8.626080760365758,8.746978759765625,170300,0.0,0.0
2010-03-31 00:00:00-04:00,8.698619124671715,8.783247431772718,8.692574080882471,8.76511287689209,215900,0.0,0.0
2010-04-01 00:00:00-04:00,8.876945447059898,9.133853512066752,8.795339070969925,9.100606918334961,326000,0.0,0.0
2010-04-05 00:00:00-04:00,9.13989791537731,9.257773399353027,8.991797785731949,9.257773399353027,117600,0.0,0.0
2010-04-06 00:00:00-04:00,9.25475187531114,9.257773821177345,9.091539127150694,9.130830764770508,163300,0.0,0.0
2010-04-07 00:00:00-04:00,9.09153952071704,9.094562043201284,8.96761898129917,9.012955665588379,234900,0.0,0.0
2010-04-08 00:00:00-04:00,9.0129559566874,9.046203128600665,8.870900854263216,8.96459674835205,112100,0.0,0.0
2010-04-09 00:00:00-04:00,9.034112231870104,9.061314356191525,8.982730505539328,8.994820594787598,83500,0.0,0.0
2010-04-12 00:00:00-04:00,8.943439170483336,9.00086594337759,8.816496111525469,8.828585624694824,82300,0.0,0.0
2010-04-13 00:00:00-04:00,8.849742667570704,8.855787135492395,8.635148202953625,8.665372848510742,311200,0.0,0.0
2010-04-14 00:00:00-04:00,8.734890906658478,8.852766990661621,8.704666254952869,8.852766990661621,161400,0.0,0.0
2010-04-15 00:00:00-04:00,8.78022580905137,8.88903430245231,8.768136296721913,8.879966735839844,90200,0.0,0.0
2010-04-16 00:00:00-04:00,8.762092658212595,8.777205271658227,8.493094480240154,8.538431167602539,237300,0.0,0.0
2010-04-19 00:00:00-04:00,8.257340810404347,8.441710612398955,8.190847057523115,8.41753101348877,345800,0.0,0.0
2010-04-20 00:00:00-04:00,8.423576354980469,8.547496875834721,8.40241870076024,8.423576354980469,238000,0.0,0.0
2010-04-21 00:00:00-04:00,8.508204997451106,8.517272563898825,8.405441550325579,8.420554161071777,151800,0.0,0.0
2010-04-22 00:00:00-04:00,8.420555223622669,8.553542756047364,8.31476924099926,8.502161026000977,196000,0.0,0.0
2010-04-23 00:00:00-04:00,8.487048989835015,8.553542756047364,8.456824341015867,8.502161026000977,76300,0.0,0.0
2010-04-26 00:00:00-04:00,8.547498267751173,8.659328718690597,8.508206051430772,8.620037078857422,143900,0.0,0.0
2010-04-27 00:00:00-04:00,8.453800058065708,8.453800058065708,8.281520345105482,8.317790031433105,212400,0.0,0.0
2010-04-28 00:00:00-04:00,8.311746780614088,8.351038420831701,8.263387572736766,8.332903861999512,101200,0.0,0.0
2010-04-29 00:00:00-04:00,8.317792340387893,8.459847450256348,8.266410606778065,8.459847450256348,147700,0.0,0.0
2010-04-30 00:00:00-04:00,8.444733134323618,8.508204365280188,8.384283848804598,8.41753101348877,94800,0.0,0.0
2010-05-03 00:00:00-04:00,8.405441176586232,8.405441176586232,8.25129601275185,8.260363578796387,96700,0.0,0.0
2010-05-04 00:00:00-04:00,8.239208208224474,8.239208208224474,7.870469093322754,7.870469093322754,247000,0.0,0.0
2010-05-05 00:00:00-04:00,7.864422282638726,8.082038675560046,7.810018040286616,8.006477355957031,147000,0.0,0.0
2010-05-06 00:00:00-04:00,7.77072674613179,7.900692323388162,7.6316941784073276,7.683075904846191,282800,0.0,0.0
2010-05-07 00:00:00-04:00,7.586358876322795,7.816065425914786,7.5712462619821626,7.692144870758057,161900,0.0,0.0
2010-05-10 00:00:00-04:00,7.936963185867652,8.079018296871608,7.891626497375945,8.072973251342773,118000,0.0,0.0
2010-05-11 00:00:00-04:00,7.846288940696469,7.873491068077657,7.758638089736056,7.806997299194336,247500,0.0,0.0
2010-05-12 00:00:00-04:00,7.797929583259103,7.967187389638375,7.797929583259103,7.803974628448486,172800,0.0,0.0
2010-05-13 00:00:00-04:00,7.936961669673184,7.9913659160653205,7.82815317688891,7.873489856719971,199900,0.0,0.0
2010-05-14 00:00:00-04:00,7.849312691734208,7.85233521485927,7.655875823629003,7.740504741668701,163300,0.0,0.0
2010-05-17 00:00:00-04:00,7.562178357342171,7.707255978582077,7.55613331233537,7.628672122955322,193200,0.0,0.0
2010-05-18 00:00:00-04:00,7.737480106316688,7.797928822854216,7.559155326029691,7.610537052154541,188900,0.0,0.0
2010-05-19 00:00:00-04:00,7.574267828695884,7.610537522047526,7.5047515409663905,7.556133270263672,328400,0.0,0.0
2010-05-20 00:00:00-04:00,7.462436217256872,7.510795416538246,7.199482566738169,7.23877477645874,253500,0.0,0.0
2010-05-21 00:00:00-04:00,7.190416227964081,7.522885608992716,7.105787333318563,7.474526405334473,220900,0.0,0.0
2010-05-24 00:00:00-04:00,7.562177991167215,7.737480252465439,7.562177991167215,7.586357593536377,274600,0.0,0.0
2010-05-25 00:00:00-04:00,7.268999944594662,7.574267796598136,7.193438612212234,7.5652008056640625,169900,0.0,0.0
2010-05-26 00:00:00-04:00,7.616582106992668,7.903714808028052,7.616582106992668,7.664941310882568,331800,0.0,0.0
2010-05-27 00:00:00-04:00,7.806995572603292,7.918826580047607,7.767703939790875,7.918826580047607,154700,0.0,0.0
2010-05-28 00:00:00-04:00,7.873489723936482,7.885579812480689,7.677030396990327,7.7374796867370605,79600,0.0,0.0
2010-06-01 00:00:00-04:00,7.6075145563181,7.683075884618246,7.531953228017955,7.574267387390137,141500,0.0,0.0
2010-06-02 00:00:00-04:00,7.631695486601024,7.7797956466674805,7.571246182844914,7.7797956466674805,89300,0.0,0.0
2010-06-03 00:00:00-04:00,7.7646836420555525,7.770728111267089,7.6528526025764485,7.77072811126709,123300,0.0,0.0
2010-06-04 00:00:00-04:00,7.595424100335217,7.74352480396126,7.5410204308352,7.559154987335205,137000,0.0,0.0
2010-06-07 00:00:00-04:00,7.522885753598019,7.586357569924012,7.44127995616059,7.450346946716309,52500,0.0,0.0
2010-06-08 00:00:00-04:00,7.465458718799427,7.661918037402122,7.459413674784051,7.622625827789307,158500,0.0,0.0
2010-06-09 00:00:00-04:00,7.737479575978049,7.855355055160969,7.701209887351766,7.752591609954834,246500,0.0,0.0
2010-06-10 00:00:00-04:00,7.843266374760508,7.870468499992198,7.776772034644287,7.8583784103393555,117000,0.0,0.0
2010-06-11 00:00:00-04:00,7.803973050619702,7.918826580047607,7.752591329872929,7.918826580047607,72300,0.0,0.0
2010-06-14 00:00:00-04:00,7.994389412364856,8.009501448654216,7.8946484739882745,7.9278950691223145,62400,0.0,0.0
2010-06-15 00:00:00-04:00,7.876514492939063,8.085063967920565,7.8583799314368115,8.075996398925781,84100,0.0,0.0
2010-06-16 00:00:00-04:00,8.015546980730182,8.066928714317706,8.015546980730182,8.036704063415527,38800,0.0,0.0
2010-06-17 00:00:00-04:00,8.042748194902268,8.082039833068848,7.912782614333487,8.082039833068848,103200,0.0,0.0
2010-06-18 00:00:00-04:00,8.00648009942772,8.091109013917087,8.000435053431197,8.075996398925781,78800,0.0,0.0
2010-06-21 00:00:00-04:00,8.196892589084133,8.417531514328388,8.196892589084133,8.381261825561523,242800,0.0,0.0
2010-06-22 00:00:00-04:00,8.447756591193253,8.453801059224428,8.281521325861624,8.308723449707031,82200,0.0,0.0
2010-06-23 00:00:00-04:00,8.287566961953457,8.381262852727305,8.269432403591118,8.32081413269043,73400,0.0,0.0
2010-06-24 00:00:00-04:00,8.308725958127422,8.332905567013526,8.205962476239645,8.212007522583008,71000,0.0,0.0
2010-06-25 00:00:00-04:00,8.148532415298336,8.26036342177331,8.07297109582493,8.230138778686523,67200,0.0,0.0
2010-06-28 00:00:00-04:00,8.299656202102488,8.31174629160413,8.166668676507603,8.251296997070312,44500,0.0,0.0
2010-06-29 00:00:00-04:00,8.00647841541092,8.00647841541092,7.622626722677681,7.667963981628418,257600,0.0,0.0
2010-06-30 00:00:00-04:00,7.791885071694992,7.791885071694992,7.677031519677476,7.704233646392822,128000,0.0,0.0
2010-07-01 00:00:00-04:00,7.737481774620923,7.779795942969409,7.559156955884718,7.758638858795166,104300,0.0,0.0
2010-07-02 00:00:00-04:00,7.75863700503049,7.767704571718934,7.350605727845216,7.471503734588623,506000,0.0,0.0
2010-07-06 00:00:00-04:00,7.646806621021154,7.779794727683071,7.33851682244597,7.4201226234436035,333800,0.0,0.0
2010-07-07 00:00:00-04:00,7.498706722982308,7.704233646392822,7.426167910570462,7.704233646392822,178900,0.0,0.0
2010-07-08 00:00:00-04:00,7.737481951517882,7.834200382232666,7.592404305445706,7.834200382232666,102400,0.0,0.0
2010-07-09 00:00:00-04:00,8.069950583999024,8.169691520363632,7.924872386706416,8.097152709960938,274600,0.0,0.0
2010-07-12 00:00:00-04:00,8.121331717762265,8.199914990902675,8.024612734498724,8.085062026977539,64200,0.0,0.0
2010-07-13 00:00:00-04:00,8.097153187181924,8.32988166809082,8.085063096491979,8.32988166809082,160800,0.0,0.0
2010-07-14 00:00:00-04:00,8.36010527716787,8.381262356753133,8.196893108590702,8.23920726776123,77200,0.0,0.0
2010-07-15 00:00:00-04:00,8.075995485593692,8.199916032071378,7.964165029741755,8.175736427307129,115700,0.0,0.0
2010-07-16 00:00:00-04:00,8.157599980898375,8.212004223155352,8.012522385871183,8.06994915008545,112800,0.0,0.0
2010-07-19 00:00:00-04:00,7.982299954731428,8.160624764216626,7.982299954731428,8.06692886352539,74000,0.0,0.0
2010-07-20 00:00:00-04:00,8.12737719348001,8.366151294239453,8.085063029390893,8.293612480163574,189600,0.0,0.0
2010-07-21 00:00:00-04:00,8.326857485080849,8.529361851860942,8.293610895287229,8.450778007507324,302200,0.0,0.0
2010-07-22 00:00:00-04:00,8.493094382880187,8.810451767266137,8.493094382880187,8.771160125732422,463900,0.0,0.0
2010-07-23 00:00:00-04:00,8.816496420239732,8.961574042275206,8.728844996622119,8.943439483642578,292900,0.0,0.0
2010-07-26 00:00:00-04:00,8.892058882928472,8.943440619318274,8.798362978860231,8.855789184570312,128300,0.0,0.0
2010-07-27 00:00:00-04:00,8.804405154235482,8.84067484314375,8.701642284717543,8.70466423034668,130300,0.0,0.0
2010-07-28 00:00:00-04:00,8.810449321383976,8.913212757158917,8.810449321383976,8.858808517456055,241400,0.0,0.0
2010-07-29 00:00:00-04:00,8.892058189978552,8.913215272169019,8.819519375402415,8.870901107788086,142000,0.0,0.0
2010-07-30 00:00:00-04:00,8.886010983297881,8.9343701812529,8.855786340454216,8.91019058227539,234300,0.0,0.0
2010-08-02 00:00:00-04:00,8.958551413846441,9.055269827393342,8.958551413846441,9.012955665588379,154700,0.0,0.0
2010-08-03 00:00:00-04:00,8.9162367441354,9.006910107548682,8.9162367441354,8.994820594787598,73200,0.0,0.0
2010-08-04 00:00:00-04:00,8.988774956028772,9.058291235149923,8.964595355617627,8.9827299118042,84100,0.0,0.0
2010-08-05 00:00:00-04:00,8.870899291560823,8.961572647094727,8.813472525596213,8.961572647094727,154100,0.0,0.0
2010-08-06 00:00:00-04:00,8.816497622061535,8.85578926720281,8.692577064286422,8.795340538024902,132200,0.0,0.0
2010-08-09 00:00:00-04:00,8.798361961575756,8.892057854810686,8.795339439021438,8.81951904296875,38400,0.0,0.0
2010-08-10 00:00:00-04:00,8.610968306381622,8.659327507019043,8.493092826888802,8.659327507019043,260200,0.0,0.0
2010-08-11 00:00:00-04:00,8.595856265686248,8.595856265686248,8.338947652195099,8.444733619689941,243100,0.0,0.0
2010-08-12 00:00:00-04:00,8.360104590535204,8.502159667859832,8.35405954643957,8.468913078308105,159700,0.0,0.0
2010-08-13 00:00:00-04:00,8.477979586224624,8.701641593157031,8.477979586224624,8.601900100708008,128500,0.0,0.0
2010-08-16 00:00:00-04:00,8.49007153632152,8.76511474602612,8.399398166095452,8.719778060913086,226500,0.0,0.0
2010-08-17 00:00:00-04:00,8.837652873422606,8.946461370461307,8.825563360688962,8.886012077331543,191700,0.0,0.0
2010-08-18 00:00:00-04:00,8.855787614759336,8.937393989233861,8.819518499317677,8.907169342041016,84100,0.0,0.0
2010-08-19 00:00:00-04:00,8.90717055367835,8.90717055367835,8.704666139373076,8.75907039642334,115400,0.0,0.0
2010-08-20 00:00:00-04:00,8.704664701852696,8.704664701852696,8.589811737648372,8.677462577819824,106000,0.0,0.0
2010-08-23 00:00:00-04:00,8.659326181177363,8.746977579216724,8.553540229797363,8.553540229797363,52300,0.0,0.0
2010-08-24 00:00:00-04:00,8.46286768938448,8.538429008039698,8.40241840386546,8.41753101348877,200800,0.0,0.0
2010-08-25 00:00:00-04:00,8.357081727969751,8.477979722520677,8.254318288479684,8.41753101348877,171900,0.0,0.0
2010-08-26 00:00:00-04:00,8.601900796470822,8.601900796470822,8.375216825814165,8.42659854888916,141800,0.0,0.0
2010-08-27 00:00:00-04:00,8.435666141999503,8.550519676995869,8.432643619869372,8.535407066345215,92900,0.0,0.0
2010-08-30 00:00:00-04:00,8.535406706949555,8.535406706949555,8.36010446619338,8.429620742797852,94200,0.0,0.0
2010-08-31 00:00:00-04:00,8.341972498267165,8.462870533447525,8.329882406505476,8.372197151184082,95600,0.0,0.0
2010-09-01 00:00:00-04:00,8.456824315306138,8.565632820129395,8.43566723414322,8.565632820129395,146300,0.0,0.0
2010-09-02 00:00:00-04:00,8.499138322916115,8.583766640286987,8.490070756131875,8.57772159576416,124900,0.0,0.0
2010-09-03 00:00:00-04:00,8.64119463967573,8.647239685058594,8.523319137146157,8.647239685058594,136400,0.0,0.0
2010-09-07 00:00:00-04:00,8.635148022076407,8.647238110640872,8.511227496726395,8.526339530944824,130800,0.0,0.0
2010-09-08 00:00:00-04:00,8.526339499954823,8.538429588475346,8.496115431627816,8.535407066345215,137800,0.0,0.0
2010-09-09 00:00:00-04:00,8.502159667859832,8.53842935594651,8.456822990116835,8.468913078308105,271000,0.0,0.0
2010-09-10 00:00:00-04:00,8.462868690490723,8.487048292261209,8.402419397820918,8.462868690490723,87400,0.0,0.0
2010-09-13 00:00:00-04:00,8.577722588522283,8.607947238147345,8.462869611731739,8.47193717956543,376900,0.0,0.0
2010-09-14 00:00:00-04:00,8.514248601478135,8.57469788126301,8.474956973158907,8.553540229797363,118800,0.0,0.0
2010-09-15 00:00:00-04:00,8.40241943936673,8.50820541381836,8.372195369369564,8.50820541381836,164800,0.0,0.0
2010-09-16 00:00:00-04:00,8.444733539854845,8.508204773859418,8.393351817642369,8.450778007507324,104300,0.0,0.0
2010-09-17 00:00:00-04:00,8.450778977582862,8.559587478637695,8.402419771888981,8.559587478637695,129000,0.0,0.0
2010-09-20 00:00:00-04:00,8.52331758529086,8.54749718593264,8.387306971376383,8.526339530944824,204700,0.0,0.0
2010-09-21 00:00:00-04:00,8.523316855536034,8.825562125924021,8.523316855536034,8.656304359436035,384700,0.0,0.0
2010-09-22 00:00:00-04:00,8.644216138390062,8.819518398316369,8.532385118003381,8.707687377929688,194400,0.0,0.0
2010-09-23 00:00:00-04:00,8.556562721942692,8.765112102345919,8.54145069029209,8.562607765197754,581200,0.0,0.0
2010-09-24 00:00:00-04:00,8.62608215613181,8.789294337608826,8.58981246219957,8.610969543457031,639400,0.0,0.0
2010-09-27 00:00:00-04:00,8.677462751040162,8.725822531998437,8.547497749328613,8.547497749328613,487600,0.0,0.0
2010-09-28 00:00:00-04:00,8.700395821007941,8.745177073598954,8.572448339149947,8.709991455078125,154700,1.558,0.0
2010-09-29 00:00:00-04:00,8.719585992290869,8.85393033386331,8.674804748466283,8.7451753616333,152800,0.0,0.0
2010-09-30 00:00:00-04:00,8.83793699277531,8.844334487922287,8.73238076324505,8.83154010772705,155700,0.0,0.0
2010-10-01 00:00:00-04:00,8.860327790608174,8.914705276489258,8.834738421375823,8.914705276489258,62400,0.0,0.0
2010-10-04 00:00:00-04:00,8.930700053423775,9.010666923311131,8.924302557409076,8.937097549438477,123700,0.0,0.0
2010-10-05 00:00:00-04:00,9.017062056222501,9.055445802053868,8.937095207292074,9.036253929138184,152100,0.0,0.0
2010-10-06 00:00:00-04:00,9.065042043561029,9.084233916476713,9.029856434800077,9.036253929138184,123200,0.0,0.0
2010-10-07 00:00:00-04:00,9.036257039386784,9.071442660258507,8.940297031680624,9.02985954284668,151100,0.0,0.0
2010-10-08 00:00:00-04:00,9.103427256787247,9.154606609643144,9.103427256787247,9.135414123535156,200100,0.0,0.0
2010-10-11 00:00:00-04:00,9.256962588554856,9.413697539001843,9.256962588554856,9.349723815917969,282100,0.0,0.0
2010-10-12 00:00:00-04:00,9.349726287627876,9.49366689756966,9.29854753967053,9.487269401550293,252900,0.0,0.0
2010-10-13 00:00:00-04:00,9.608818292332337,9.6663939196599,9.535248316677224,9.618413925170898,186700,0.0,0.0
2010-10-14 00:00:00-04:00,9.755958255132038,9.755958255132038,9.548044512698166,9.596024513244629,186400,0.0,0.0
2010-10-15 00:00:00-04:00,9.698378770139966,9.752756248617738,9.612014431951986,9.733564376831055,219200,0.0,0.0
2010-10-18 00:00:00-04:00,9.618414382282987,9.720771871417023,9.618414382282987,9.631209373474121,245400,0.0,0.0
2010-10-19 00:00:00-04:00,9.589626532598327,9.589626532598327,9.247368439868781,9.256964683532715,215300,0.0,0.0
2010-10-20 00:00:00-04:00,9.439288149600328,9.631208734033933,9.436089402014916,9.551241874694824,163000,0.0,0.0
2010-10-21 00:00:00-04:00,9.557638370331643,9.634407089056046,9.487267756616085,9.59282398223877,169600,0.0,0.0
2010-10-22 00:00:00-04:00,9.580029548424944,9.653598909180177,9.560837063802863,9.650400161743164,84900,0.0,0.0
2010-10-25 00:00:00-04:00,9.752756786750796,9.979862954135687,9.663193696640063,9.960670471191406,310700,0.0,0.0
2010-10-26 00:00:00-04:00,9.890301265587508,9.976665620779622,9.835923776403442,9.973466873168945,109000,0.0,0.0
2010-10-27 00:00:00-04:00,9.723969459533691,9.787943187662334,9.659996341503737,9.723969459533691,309000,0.0,0.0
2010-10-28 00:00:00-04:00,9.733565382407843,9.739962877030532,9.631207908839487,9.675989151000977,113700,0.0,0.0
2010-10-29 00:00:00-04:00,9.644001837249778,9.70477681312752,9.59602185001941,9.647200584411621,62800,0.0,0.0
2010-11-01 00:00:00-04:00,9.861512132775358,9.947876479083513,9.858313385493723,9.919088363647461,206900,0.0,0.0
2010-11-02 00:00:00-04:00,9.93188547029354,9.963872341795861,9.890302964409704,9.93828296661377,101600,0.0,0.0
2010-11-03 00:00:00-04:00,9.9318832000654,10.075823783874512,9.899896945973321,10.075823783874512,248600,0.0,0.0
2010-11-04 00:00:00-04:00,10.15579110209337,10.28053920701348,10.146194859369242,10.21656608581543,185500,0.0,0.0
2010-11-05 00:00:00-04:00,10.315724629774031,10.386095854920933,10.235757772178884,10.293334007263184,140800,0.0,0.0
2010-11-08 00:00:00-05:00,10.270942723533937,10.3860951862893,10.20696899753681,10.245352745056152,153100,0.0,0.0
2010-11-09 00:00:00-05:00,10.226160307497281,10.235756548897381,9.88070354837594,9.906292915344238,333700,0.0,0.0
2010-11-10 00:00:00-05:00,9.928685740442926,9.995857610739705,9.867910755341983,9.986261367797852,163700,0.0,0.0
2010-11-11 00:00:00-05:00,9.98625983835181,9.98625983835181,9.915889231185359,9.960670471191406,79700,0.0,0.0
2010-11-12 00:00:00-05:00,9.589625234783695,9.675989585774627,9.519254621068137,9.59282398223877,295900,0.0,0.0
2010-11-15 00:00:00-05:00,9.560837554900216,9.596023168416,9.464877567255545,9.509658813476562,120700,0.0,0.0
2010-11-16 00:00:00-05:00,9.269758165742287,9.308142526575644,9.058645706405617,9.071440696716309,291800,0.0,0.0
2010-11-17 00:00:00-05:00,9.033056572961065,9.138612805399788,8.956288459378243,9.081036567687988,215200,0.0,0.0
2010-11-18 00:00:00-05:00,9.416896980559308,9.416896980559308,9.18979079595373,9.244168281555176,175900,0.0,0.0
2010-11-19 00:00:00-05:00,9.173797163480126,9.196187783946996,9.065042198270774,9.129015922546387,117300,0.0,0.0
2010-11-22 00:00:00-05:00,9.119420690183967,9.119420690183967,8.975480099682274,9.071440696716309,92600,0.0,0.0
2010-11-23 00:00:00-05:00,8.937096784555106,8.99147427582855,8.674805571388639,8.748374938964844,305000,0.0,0.0
2010-11-24 00:00:00-05:00,8.876321234890789,9.113023061276031,8.831539989658062,9.090632438659668,194600,0.0,0.0
2010-11-26 00:00:00-05:00,8.908306031311046,9.071438456901278,8.90510728452317,9.039451599121094,32100,0.0,0.0
2010-11-29 00:00:00-05:00,8.962684154553212,9.164200335971408,8.946690419457413,9.11941909790039,97500,0.0,0.0
2010-11-30 00:00:00-05:00,8.956288012382043,9.052247997046655,8.908308020049738,8.924301147460938,144400,0.0,0.0
2010-12-01 00:00:00-05:00,9.039452456907723,9.20898239216102,9.039452456907723,9.1546049118042,123000,0.0,0.0
2010-12-02 00:00:00-05:00,9.154606159759126,9.196188657418805,9.055446816703714,9.1066255569458,227000,0.0,0.0
2010-12-03 00:00:00-05:00,9.036256154522084,9.199388639727081,8.959488033854813,9.180196762084961,87100,0.0,0.0
2010-12-06 00:00:00-05:00,9.100227677020994,9.202585146313968,9.026657712130358,9.148207664489746,136300,0.0,0.0
2010-12-07 00:00:00-05:00,9.272958012437533,9.343328637191167,9.151408640572384,9.180196762084961,146200,0.0,0.0
2010-12-08 00:00:00-05:00,9.122620642622875,9.176998138427734,9.052249406817294,9.176998138427734,80900,0.0,0.0
2010-12-09 00:00:00-05:00,9.119420024538954,9.125817519227333,8.972280697199587,9.023459434509277,149700,0.0,0.0
2010-12-10 00:00:00-05:00,9.039451599121094,9.084232833954212,9.029855358757468,9.039451599121094,84300,0.0,0.0
2010-12-13 00:00:00-05:00,9.276155128443065,9.30814199228502,9.116221419331978,9.132214546203613,162400,0.0,0.0
2010-12-14 00:00:00-05:00,9.180194782230124,9.224976023770216,9.087432941784325,9.12581729888916,67500,0.0,0.0
2010-12-15 00:00:00-05:00,9.03625494790869,9.03625494790869,8.956288089962595,8.962685585021973,139100,0.0,0.0
2010-12-16 00:00:00-05:00,8.930698002731905,8.969082359907384,8.828340530395508,8.828340530395508,145300,0.0,0.0
2010-12-17 00:00:00-05:00,8.895514303189387,8.949891798308293,8.81234868653113,8.844335556030273,102200,0.0,0.0
2010-12-20 00:00:00-05:00,8.796355052607137,8.873123168945312,8.789957557054267,8.873123168945312,83900,0.0,0.0
2010-12-21 00:00:00-05:00,8.956288271471081,9.192990102576683,8.911507025345315,9.157804489135742,177400,0.0,0.0
2010-12-22 00:00:00-05:00,9.145009491114589,9.183393239458518,9.119420122185744,9.173797607421875,73000,0.0,0.0
2010-12-23 00:00:00-05:00,9.090633649590416,9.186593647899807,9.058646780121022,9.180196762084961,134500,0.0,0.0
2010-12-27 00:00:00-05:00,9.02026126155633,9.0682412513319,8.972280661682092,9.049049377441406,68700,0.0,0.0
2010-12-28 00:00:00-05:00,8.992744140245232,8.992744140245232,8.841524082713411,8.880133628845215,133900,0.165,0.0
2010-12-29 00:00:00-05:00,8.918744575415248,9.07961659555124,8.745003112780967,8.75143814086914,338000,0.0,0.0
2010-12-30 00:00:00-05:00,8.777175775875289,8.777175775875289,8.532650283547614,8.69030475616455,390700,0.0,0.0
2010-12-31 00:00:00-05:00,8.754654250778792,8.912309356314097,8.738567295688902,8.799698829650879,155100,0.0,0.0
2011-01-03 00:00:00-05:00,8.941267380662456,9.037790349506777,8.928397324188243,8.999180793762207,129900,0.0,0.0
2011-01-04 00:00:00-05:00,9.057092120454712,9.07317968625148,8.92839466247,9.024917602539062,101700,0.0,0.0
2011-01-05 00:00:00-05:00,9.031353616209804,9.031353616209804,8.7739586721007,8.934830665588379,249200,0.0,0.0
2011-01-06 00:00:00-05:00,8.912307785086426,8.931612250526541,8.84795874871552,8.851176261901855,96400,0.0,0.0
2011-01-07 00:00:00-05:00,8.91552640038022,8.941266510824557,8.799698971770749,8.893004417419434,62400,0.0,0.0
2011-01-10 00:00:00-05:00,8.80935001373291,8.841524534875187,8.767523565822513,8.80935001373291,75800,0.0,0.0
2011-01-11 00:00:00-05:00,8.84795874871552,8.921959710967538,8.799697278276287,8.851176261901855,44200,0.0,0.0
2011-01-12 00:00:00-05:00,8.954133564843781,9.076395988464355,8.921959049045363,9.076395988464355,126800,0.0,0.0
2011-01-13 00:00:00-05:00,9.031352996826172,9.076396955536595,8.995960964309177,9.031352996826172,77100,0.0,0.0
2011-01-14 00:00:00-05:00,8.983090404586152,9.031351870568558,8.925176399936127,8.96056842803955,75600,0.0,0.0
2011-01-18 00:00:00-05:00,8.770740006118231,8.809348935822424,8.63882503788614,8.677433967590332,353400,0.0,0.0
2011-01-19 00:00:00-05:00,8.75465244067659,8.819001475087408,8.661347015826564,8.677433967590332,144500,0.0,0.0
2011-01-20 00:00:00-05:00,8.555171966552734,8.606650951185218,8.494040442172448,8.555171966552734,270300,0.0,0.0
2011-01-21 00:00:00-05:00,8.555173958468165,8.616305497081811,8.445780937234503,8.44899845123291,203900,0.0,0.0
2011-01-24 00:00:00-05:00,8.4168234553916,8.44899797990276,8.30099541262263,8.333169937133789,252200,0.0,0.0
2011-01-25 00:00:00-05:00,8.333168084828118,8.333168084828118,8.140121594349754,8.2269926071167,250100,0.0,0.0
2011-01-26 00:00:00-05:00,8.278472533044463,8.294560100396833,8.22699354487277,8.272037506103516,131200,0.0,0.0
2011-01-27 00:00:00-05:00,8.310646729327603,8.445779221417398,8.30099418929336,8.429692268371582,121000,0.0,0.0
2011-01-28 00:00:00-05:00,8.461867002623805,8.474737057262384,8.300995001709452,8.365344047546387,247900,0.0,0.0
2011-01-31 00:00:00-05:00,8.548736572265625,8.564824137819837,8.484388151082406,8.548736572265625,167300,0.0,0.0
2011-02-01 00:00:00-05:00,8.561608275378221,8.658131232601512,8.526216238013282,8.65169620513916,156800,0.0,0.0
2011-02-02 00:00:00-05:00,8.587347241476252,8.658130698158864,8.558390233361102,8.596999168395996,60900,0.0,0.0
2011-02-03 00:00:00-05:00,8.545518071362807,8.596997047829982,8.526213608607065,8.587345123291016,69500,0.0,0.0
2011-02-04 00:00:00-05:00,8.548736927309497,8.625955404143102,8.5262149482761,8.600215911865234,37900,0.0,0.0
2011-02-07 00:00:00-05:00,8.542303394378612,8.64847889529855,8.542303394378612,8.609869956970215,209800,0.0,0.0
2011-02-08 00:00:00-05:00,8.529433771136864,8.60665225982666,8.506911788645423,8.60665225982666,153800,0.0,0.0
2011-02-09 00:00:00-05:00,8.510129065735633,8.548738002167902,8.400736056380907,8.432909965515137,117700,0.0,0.0
2011-02-10 00:00:00-05:00,8.474737148307918,8.5455206085466,8.461867093531074,8.519781112670898,175800,0.0,0.0
2011-02-11 00:00:00-05:00,8.519779887991145,8.632390396389333,8.510127961973922,8.616303443908691,173500,0.0,0.0
2011-02-14 00:00:00-05:00,8.767522935884466,8.893002884277994,8.738565930304743,8.87691593170166,263700,0.0,0.0
2011-02-15 00:00:00-05:00,8.905875244371959,8.938049771537425,8.796482220216213,8.889787673950195,235100,0.0,0.0
2011-02-16 00:00:00-05:00,8.938047174225572,9.047440166592752,8.938047174225572,9.01848316192627,264500,0.0,0.0
2011-02-17 00:00:00-05:00,9.018482793675147,9.073179287625319,8.979873251137084,9.01204776763916,225500,0.0,0.0
2011-02-18 00:00:00-05:00,9.008832645365663,9.008832645365663,8.831873678160047,8.896222114562988,283600,0.0,0.0
2011-02-22 00:00:00-05:00,8.545520204459619,8.719262253663455,8.519780709801047,8.529433250427246,213300,0.0,0.0
2011-02-23 00:00:00-05:00,8.510128416204294,8.625955830338608,8.426474908748553,8.522997856140137,215000,0.0,0.0
2011-02-24 00:00:00-05:00,8.555172840818761,8.683870315551758,8.555172840818761,8.683870315551758,160200,0.0,0.0
2011-02-25 00:00:00-05:00,8.687087609960974,8.777176146840187,8.687087609960974,8.69674015045166,217900,0.0,0.0
2011-02-28 00:00:00-05:00,8.812568152806456,8.854395217364045,8.658131176773804,8.712827682495117,178200,0.0,0.0
2011-03-01 00:00:00-05:00,8.754653790893597,8.793263340230354,8.625956315901016,8.638826370239258,98500,0.0,0.0
2011-03-02 00:00:00-05:00,8.703173723719928,8.851176261901855,8.687086771466147,8.851176261901855,207100,0.0,0.0
2011-03-03 00:00:00-05:00,8.828654595409722,8.970221498546142,8.77717560996413,8.941265106201172,212500,0.0,0.0
2011-03-04 00:00:00-05:00,8.976658120325181,8.983093148068882,8.854395661584977,8.896222114562988,106500,0.0,0.0
2011-03-07 00:00:00-05:00,9.008833336117867,9.057094820540026,8.94448428110294,8.999180793762207,264500,0.0,0.0
2011-03-08 00:00:00-05:00,9.073180303702499,9.250139243764206,9.015266290248723,9.227617263793945,269500,0.0,0.0
2011-03-09 00:00:00-05:00,9.234053784043558,9.282315265168087,9.15361777761,9.259793281555176,176500,0.0,0.0
2011-03-10 00:00:00-05:00,9.066747362895686,9.092486862166044,8.960571851695706,8.999180793762207,220700,0.0,0.0
2011-03-11 00:00:00-05:00,8.928394270204906,9.04743979715923,8.912307318792799,9.01204776763916,87900,0.0,0.0
2011-03-14 00:00:00-04:00,9.034570147819124,9.066744665755436,8.889785123944664,9.002395629882812,121600,0.0,0.0
2011-03-15 00:00:00-04:00,8.674217045628643,8.995961012253051,8.671000145998963,8.970221519470215,214100,0.0,0.0
2011-03-16 00:00:00-04:00,9.041004590697986,9.073179106557976,8.822218619263463,8.986308097839355,394100,0.0,0.0
2011-03-17 00:00:00-04:00,9.063528297566599,9.082832765295915,8.96378783167417,9.005614280700684,113700,0.0,0.0
2011-03-18 00:00:00-04:00,9.041006369920025,9.041006369920025,8.864046804704296,8.944482803344727,128800,0.0,0.0
2011-03-21 00:00:00-04:00,9.041003778351733,9.082830215637067,8.989524803072342,9.0731782913208,114400,0.0,0.0
2011-03-22 00:00:00-04:00,9.024919087602914,9.079615592956543,9.0088321328369,9.079615592956543,62300,0.0,0.0
2011-03-23 00:00:00-04:00,9.089265962708794,9.217963411126624,9.089265962708794,9.17613697052002,134500,0.0,0.0
2011-03-24 00:00:00-04:00,9.201877953634144,9.269443894890015,9.156833379118956,9.2308349609375,155000,0.0,0.0
2011-03-25 00:00:00-04:00,9.291964625405862,9.439967155456543,9.263008235675496,9.439967155456543,257900,0.0,0.0
2011-03-28 00:00:00-04:00,9.333792312373141,9.369184344195105,9.301617793778437,9.349879264831543,61800,0.0,0.0
2011-03-29 00:00:00-04:00,9.263009233659442,9.333792686462402,9.182573240787837,9.333792686462402,100700,0.0,0.0
2011-03-30 00:00:00-04:00,9.346661928715195,9.378836447919577,9.298400456747578,9.375618934631348,96000,0.0,0.0
2011-03-31 00:00:00-04:00,9.30161803825185,9.324140017756715,9.237268999371164,9.24692153930664,120700,0.0,0.0
2011-04-01 00:00:00-04:00,9.401358242835906,9.427097734958906,9.340227332592468,9.372401237487793,118500,0.0,0.0
2011-04-04 00:00:00-04:00,9.414228799377165,9.459272759582694,9.37883676568543,9.443185806274414,94600,0.0,0.0
2011-04-05 00:00:00-04:00,9.349878674561236,9.394923243221257,9.30161720655494,9.378835678100586,173700,0.0,0.0
2011-04-06 00:00:00-04:00,9.430314607016745,9.507533078135662,9.40135760363742,9.485011100769043,126900,0.0,0.0
2011-04-07 00:00:00-04:00,9.443187163771702,9.51718814151243,9.388490655511596,9.433534622192383,109400,0.0,0.0
2011-04-08 00:00:00-04:00,9.459272022340578,9.513968518474869,9.394923600444749,9.430315017700195,66900,0.0,0.0
2011-04-11 00:00:00-04:00,9.45283832885096,9.456055842451088,9.346662834758634,9.414229393005371,66900,0.0,0.0
2011-04-12 00:00:00-04:00,9.30161835726101,9.362749884926442,9.227617389584818,9.314488410949707,101800,0.0,0.0
2011-04-13 00:00:00-04:00,9.394924610068005,9.430316031126782,9.237269517337833,9.346662521362305,101000,0.0,0.0
2011-04-14 00:00:00-04:00,9.311271057117484,9.385272026062012,9.23726947449501,9.385272026062012,50200,0.0,0.0
2011-04-15 00:00:00-04:00,9.330575880435967,9.436751374528292,9.320923339635586,9.414229393005371,74200,0.0,0.0
2011-04-18 00:00:00-04:00,9.327357666921673,9.398141119779057,9.15361624129794,9.311270713806152,148700,0.0,0.0
2011-04-19 00:00:00-04:00,9.25657565565099,9.446404677631476,9.224401130731275,9.433534622192383,169500,0.0,0.0
2011-04-20 00:00:00-04:00,9.491447508023551,9.494665021498134,9.314488562667172,9.407793998718262,167100,0.0,0.0
2011-04-21 00:00:00-04:00,9.42709829968357,9.636232376098633,9.388489366025173,9.636232376098633,153700,0.0,0.0
2011-04-25 00:00:00-04:00,9.536492610993049,9.539710124852823,9.394925683231142,9.433534622192383,84600,0.0,0.0
2011-04-26 00:00:00-04:00,9.41744727356698,9.42066478729248,9.346663198961934,9.42066478729248,69000,0.0,0.0
2011-04-27 00:00:00-04:00,9.375617033633397,9.375617033633397,9.266224058725738,9.308051109313965,72200,0.0,0.0
2011-04-28 00:00:00-04:00,9.230835213675523,9.266226635154679,9.073180732750673,9.127877235412598,158000,0.0,0.0
2011-04-29 00:00:00-04:00,9.131093209146949,9.179355293530941,9.111788743600089,9.134310722351074,96000,0.0,0.0
2011-05-02 00:00:00-04:00,9.131093535230395,9.227617093767469,9.131093535230395,9.17935562133789,46000,0.0,0.0
2011-05-03 00:00:00-04:00,9.121441295445086,9.195442258205537,9.024917740225549,9.089266777038574,145000,0.0,0.0
2011-05-04 00:00:00-04:00,8.99274428957704,9.005613729382738,8.905873269596356,8.99596118927002,163000,0.0,0.0
2011-05-05 00:00:00-04:00,8.883350352767199,9.053874247694889,8.883350352767199,8.973438262939453,85900,0.0,0.0
2011-05-06 00:00:00-04:00,9.08605010186069,9.115007109729543,8.970222070385278,8.979874610900879,103200,0.0,0.0
2011-05-09 00:00:00-04:00,9.05065891207501,9.10213851928711,8.870482434705696,9.10213851928711,164000,0.0,0.0
2011-05-10 00:00:00-04:00,9.160049758576118,9.269442747362305,9.150397833121838,9.250138282775879,246100,0.0,0.0
2011-05-11 00:00:00-04:00,9.246921422568292,9.246921422568292,9.063527461854896,9.115006446838379,75000,0.0,0.0
2011-05-12 00:00:00-04:00,8.93161333557751,9.018484361128332,8.912308867792204,8.938048362731934,170000,0.0,0.0
2011-05-13 00:00:00-04:00,8.99274515237134,9.00883210709138,8.819003095740573,8.841525077819824,189900,0.0,0.0
2011-05-16 00:00:00-04:00,8.770740267376238,8.928394731333208,8.770740267376238,8.873698234558105,132400,0.0,0.0
2011-05-17 00:00:00-04:00,8.912308552434625,8.921960479146767,8.790045495538655,8.870481491088867,71000,0.0,0.0
2011-05-18 00:00:00-04:00,8.944481221617014,9.024917206033274,8.938046809258887,9.01204776763916,52600,0.0,0.0
2011-05-19 00:00:00-04:00,9.012048792961432,9.021701333113606,8.864046245684424,8.88335132598877,79900,0.0,0.0
2011-05-20 00:00:00-04:00,8.876916518015591,8.92839550607349,8.864046464162143,8.870481491088867,50800,0.0,0.0
2011-05-23 00:00:00-04:00,8.802915693868753,8.802915693868753,8.622738619031027,8.635608673095703,184100,0.0,0.0
2011-05-24 00:00:00-04:00,8.687087350034172,8.732131310287041,8.545519828796387,8.545519828796387,116500,0.0,0.0
2011-05-25 00:00:00-04:00,8.526217008428622,8.584131033466814,8.371780017445477,8.387866973876953,284100,0.0,0.0
2011-05-26 00:00:00-04:00,8.423258472197467,8.57447793942404,8.423258472197467,8.564826011657715,71400,0.0,0.0
2011-05-27 00:00:00-04:00,8.545519680392891,8.551954707082386,8.420039728337338,8.429692268371582,135600,0.0,0.0
2011-05-31 00:00:00-04:00,8.539086219081936,8.757871627807617,8.539086219081936,8.757871627807617,217800,0.0,0.0
2011-06-01 00:00:00-04:00,8.66456416977244,8.72891258783817,8.577693161021962,8.625954627990723,98300,0.0,0.0
2011-06-02 00:00:00-04:00,8.590563568916963,8.696739046120301,8.50047504347739,8.677433967590332,118200,0.0,0.0
2011-06-03 00:00:00-04:00,8.625954996093297,8.699956569859697,8.529432058036774,8.632390022277832,89300,0.0,0.0
2011-06-06 00:00:00-04:00,8.571260242073812,8.638826803381367,8.539086331970974,8.56160831451416,40200,0.0,0.0
2011-06-07 00:00:00-04:00,8.616305005338166,8.648478916129939,8.561608497842935,8.564826011657715,36600,0.0,0.0
2011-06-08 00:00:00-04:00,8.526214292120303,8.555171295414185,8.368559837341309,8.368559837341309,251600,0.0,0.0
2011-06-09 00:00:00-04:00,8.368561333061217,8.448997331325538,8.36534381948929,8.400735855102539,153000,0.0,0.0
2011-06-10 00:00:00-04:00,8.358909824458474,8.362127338427683,8.243082389957122,8.294561386108398,132300,0.0,0.0
2011-06-13 00:00:00-04:00,8.326732244456458,8.362124271459024,8.24951377855089,8.268818855285645,68900,0.0,0.0
2011-06-14 00:00:00-04:00,8.413604855134777,8.522997856140137,8.349256428099698,8.522997856140137,83500,0.0,0.0
2011-06-15 00:00:00-04:00,8.374996282011727,8.413605217158468,8.223776213932778,8.27525520324707,172700,0.0,0.0
2011-06-16 00:00:00-04:00,8.210906254236244,8.262385240295325,7.985685229969328,8.175514221191406,442900,0.0,0.0
2011-06-17 00:00:00-04:00,8.204471049602736,8.226993028805337,8.069338560709221,8.149774551391602,199000,0.0,0.0
2011-06-20 00:00:00-04:00,8.136903432306724,8.140120331233401,7.998553458703933,8.024292945861816,128000,0.0,0.0
2011-06-21 00:00:00-04:00,8.101514210084359,8.172297670836892,8.046817704241674,8.152993202209473,116600,0.0,0.0
2011-06-22 00:00:00-04:00,8.15299377820656,8.191602718189063,8.114384224546018,8.16908073425293,91900,0.0,0.0
2011-06-23 00:00:00-04:00,8.140122874625982,8.300994873046875,8.101513938664633,8.300994873046875,109400,0.0,0.0
2011-06-24 00:00:00-04:00,8.46830158132677,8.56160763147955,8.44577960058036,8.487606048583984,127100,0.0,0.0
2011-06-27 00:00:00-04:00,8.46186722942577,8.600217252108765,8.46186722942577,8.56160831451416,127700,0.0,0.0
2011-06-28 00:00:00-04:00,8.55839155916222,8.606653042271121,8.535869574623272,8.580913543701172,73900,0.0,0.0
2011-06-29 00:00:00-04:00,8.613087621982785,8.683871085946034,8.439345555421143,8.68065357208252,129300,0.0,0.0
2011-06-30 00:00:00-04:00,8.754652386321492,8.815783907264436,8.677433913714662,8.783609390258789,120700,0.0,0.0
2011-07-01 00:00:00-04:00,8.712826666142446,8.841524131157078,8.68708717313952,8.819002151489258,76300,0.0,0.0
2011-07-05 00:00:00-04:00,8.75143814086914,8.80935155262853,8.706393557929985,8.75143814086914,183600,0.0,0.0
2011-07-06 00:00:00-04:00,8.687088843590148,8.690306357543953,8.519781800060498,8.622739791870117,174300,0.0,0.0
2011-07-07 00:00:00-04:00,8.757872337695726,8.867265357764646,8.703175827661266,8.815786361694336,166200,0.0,0.0
2011-07-08 00:00:00-04:00,8.728913140535159,8.738565680011229,8.600215682576989,8.658129692077637,73000,0.0,0.0
2011-07-11 00:00:00-04:00,8.600216301564853,8.622738281618783,8.442561827509412,8.539085388183594,69500,0.0,0.0
2011-07-12 00:00:00-04:00,8.374996086545332,8.613086559986566,8.323517098432522,8.571259498596191,78000,0.0,0.0
2011-07-13 00:00:00-04:00,8.761088124952936,8.976656608640628,8.71926167901857,8.864046096801758,398200,0.0,0.0
2011-07-14 00:00:00-04:00,8.92517874063331,8.92517874063331,8.777176790982224,8.860830307006836,93200,0.0,0.0
2011-07-15 00:00:00-04:00,8.970222907718417,8.970222907718417,8.812568413314908,8.893004417419434,41600,0.0,0.0
2011-07-18 00:00:00-04:00,8.909089315561646,8.909089315561646,8.709607815167319,8.828653335571289,68200,0.0,0.0
2011-07-19 00:00:00-04:00,8.838308345765341,8.860830943514388,8.73213283966057,8.815786361694336,81600,0.0,0.0
2011-07-20 00:00:00-04:00,8.796481372878471,8.796481372878471,8.709610342003149,8.738567352294922,38200,0.0,0.0
2011-07-21 00:00:00-04:00,8.687087609960974,8.74178411205229,8.629173594372762,8.69674015045166,42200,0.0,0.0
2011-07-22 00:00:00-04:00,8.735349305444956,8.735349305444956,8.603434317133889,8.683870315551758,53300,0.0,0.0
2011-07-25 00:00:00-04:00,8.584127127902223,8.603431589572551,8.400733207839659,8.410385131835938,160400,0.0,0.0
2011-07-26 00:00:00-04:00,8.465082909966492,8.497257426779589,8.384646924772685,8.45543098449707,109000,0.0,0.0
2011-07-27 00:00:00-04:00,8.50690945687208,8.545518383795137,8.31064546836674,8.33960247039795,106400,0.0,0.0
2011-07-28 00:00:00-04:00,8.368562354845054,8.423258864890238,8.317083358764648,8.317083358764648,73100,0.0,0.0
2011-07-29 00:00:00-04:00,8.304211616516113,8.35890811545373,8.223775624765379,8.304211616516113,105800,0.0,0.0
2011-08-01 00:00:00-04:00,8.371779868809833,8.44899836293044,8.288126346759666,8.317083358764648,127400,0.0,0.0
2011-08-02 00:00:00-04:00,8.268821972457316,8.329952897462325,8.178733421433758,8.188385963439941,79000,0.0,0.0
2011-08-03 00:00:00-04:00,8.220558490731078,8.288125046031572,8.124035541648022,8.265603065490723,152200,0.0,0.0
2011-08-04 00:00:00-04:00,8.210906080481312,8.210906080481312,7.792638560505045,7.805508613586426,265700,0.0,0.0
2011-08-05 00:00:00-04:00,7.805508008903009,7.943858000420507,7.593157058934059,7.902030944824219,292700,0.0,0.0
2011-08-08 00:00:00-04:00,7.454807524241815,7.583504984582536,7.281065492523418,7.351849555969238,313200,0.0,0.0
2011-08-09 00:00:00-04:00,7.474112738959379,7.750812766682353,7.438721317367295,7.692898750305176,239100,0.0,0.0
2011-08-10 00:00:00-04:00,7.680029317987336,7.680029317987336,7.400111776425964,7.41619873046875,258300,0.0,0.0
2011-08-11 00:00:00-04:00,7.564200997495646,7.892380002384959,7.560983484073836,7.811944007873535,127600,0.0,0.0
2011-08-12 00:00:00-04:00,7.908466139608762,7.911683652698502,7.6896801589294155,7.7668986320495605,220800,0.0,0.0
2011-08-15 00:00:00-04:00,7.972816423171947,8.085426330566406,7.94385941450538,8.085426330566406,62300,0.0,0.0
2011-08-16 00:00:00-04:00,7.995338679049738,7.995338679049738,7.885945667816793,7.937424659729004,90200,0.0,0.0
2011-08-17 00:00:00-04:00,7.985684946594316,8.053251496947935,7.934205962361987,7.99533748626709,98600,0.0,0.0
2011-08-18 00:00:00-04:00,7.47411269942134,7.686463682562346,7.425851223921649,7.59315824508667,166200,0.0,0.0
2011-08-19 00:00:00-04:00,7.441938156311336,7.657506652351789,7.438721256474901,7.522374153137207,104900,0.0,0.0
2011-08-22 00:00:00-04:00,7.593157353535113,7.657505775419904,7.4033283736708935,7.4644598960876465,86100,0.0,0.0
2011-08-23 00:00:00-04:00,7.538460866102566,7.818377759663833,7.538460866102566,7.808725833892822,68100,0.0,0.0
2011-08-24 00:00:00-04:00,7.686463431660161,7.834465980529785,7.686463431660161,7.834465980529785,101500,0.0,0.0
2011-08-25 00:00:00-04:00,7.937424725688794,7.959946708127795,7.7990747036457995,7.853771209716797,253700,0.0,0.0
2011-08-26 00:00:00-04:00,7.7604639386136425,8.027511378616039,7.737941347800795,7.95350980758667,149200,0.0,0.0
2011-08-29 00:00:00-04:00,8.014640992409971,8.069337483318211,7.992119016214429,8.017858505249023,212700,0.0,0.0
2011-08-30 00:00:00-04:00,7.882728699974377,7.985686690928414,7.882728699974377,7.947077751159668,52500,0.0,0.0
2011-08-31 00:00:00-04:00,8.04681584277777,8.056468381697561,7.921335905209732,7.95350980758667,50600,0.0,0.0
2011-09-01 00:00:00-04:00,7.953511281358295,7.953511281358295,7.834466347677968,7.8409013748168945,49400,0.0,0.0
2011-09-02 00:00:00-04:00,7.673593923532156,7.696115903585019,7.606027369695638,7.663941383361816,91600,0.0,0.0
2011-09-06 00:00:00-04:00,7.48054767767246,7.593158195555808,7.387241627127472,7.515939712524414,120300,0.0,0.0
2011-09-07 00:00:00-04:00,7.618897788296486,7.670376777648926,7.564201285399775,7.670376777648926,68100,0.0,0.0
2011-09-08 00:00:00-04:00,7.615681575942907,7.692900073164869,7.593159590962927,7.606029033660889,62800,0.0,0.0
2011-09-09 00:00:00-04:00,7.506286035675273,7.57706948098566,7.451589541765201,7.512721061706543,131300,0.0,0.0
2011-09-12 00:00:00-04:00,7.400111326208085,7.503069298645121,7.329327873577103,7.486982345581055,159500,0.0,0.0
2011-09-13 00:00:00-04:00,7.445155743021998,7.599593324841254,7.429068788969849,7.532026767730713,59900,0.0,0.0
2011-09-14 00:00:00-04:00,7.564200178731244,7.6639406292994785,7.441937136648235,7.599592208862305,46000,0.0,0.0
2011-09-15 00:00:00-04:00,7.602811359097164,7.663942898236877,7.519158449130886,7.651073455810547,107800,0.0,0.0
2011-09-16 00:00:00-04:00,7.6961162765100735,7.6961162765100735,7.519157327224584,7.532026767730713,112000,0.0,0.0
2011-09-19 00:00:00-04:00,7.332544744670364,7.4708941244659535,7.31645717933748,7.461242198944092,70500,0.0,0.0
2011-09-20 00:00:00-04:00,7.448373694347028,7.519157769163933,7.425851711879102,7.432286739349365,52000,0.0,0.0
2011-09-21 00:00:00-04:00,7.367936312753459,7.480546817690833,7.345414334501561,7.393675804138184,231900,0.0,0.0
2011-09-22 00:00:00-04:00,7.2295868636654275,7.2295868636654275,7.071932390290809,7.081584930419922,239200,0.0,0.0
2011-09-23 00:00:00-04:00,7.065497573100238,7.229587078094482,7.0622806733063825,7.229587078094482,165400,0.0,0.0
2011-09-26 00:00:00-04:00,7.165238183544631,7.22315219491348,7.094454119125857,7.207064628601074,262700,0.0,0.0
2011-09-27 00:00:00-04:00,7.3550667394144655,7.416197646786746,7.293935218364315,7.306804656982422,260000,0.0,0.0
2011-09-28 00:00:00-04:00,7.266580861640796,7.2763919517466045,7.15539100214043,7.158661365509033,60600,0.367,0.0
2011-09-29 00:00:00-04:00,7.322176426392514,7.322176426392514,7.099796688106331,7.178284168243408,294200,0.0,0.0
2011-09-30 00:00:00-04:00,6.965714610614494,6.965714610614494,6.8381735522149185,6.929741859436035,290900,0.0,0.0
2011-10-03 00:00:00-04:00,6.808741553049433,6.883958049848717,6.749876251638473,6.8643364906311035,296000,0.0,0.0
2011-10-04 00:00:00-04:00,6.736794774606056,6.743335501637947,6.6386857404018835,6.700821399688721,463000,0.0,0.0
2011-10-05 00:00:00-04:00,6.674659677662652,6.991877480338364,6.655038118671916,6.968985557556152,188400,0.0,0.0
2011-10-06 00:00:00-04:00,6.942822760842187,7.135769844055176,6.926471566844368,7.135769844055176,174000,0.0,0.0
2011-10-07 00:00:00-04:00,7.083445446199595,7.171743392944336,6.978796305061273,7.171743392944336,193300,0.0,0.0
2011-10-10 00:00:00-04:00,7.276391847737375,7.318905323405456,7.204445725930613,7.302554130554199,405100,0.0,0.0
2011-10-11 00:00:00-04:00,7.260040925841987,7.260040925841987,7.161931893798797,7.250229835510254,112900,0.0,0.0
2011-10-12 00:00:00-04:00,7.390851888645712,7.5805285903794,7.367959969709268,7.42355489730835,208200,0.0,0.0
2011-10-13 00:00:00-04:00,7.423554581130324,7.472608780155999,7.276391360295316,7.469338417053223,76000,0.0,0.0
2011-10-14 00:00:00-04:00,7.665556766071428,7.665556766071428,7.4202851174552,7.462798595428467,109800,0.0,0.0
2011-10-17 00:00:00-04:00,7.436636912161609,7.436636912161609,7.276392830300351,7.364690780639648,52300,0.0,0.0
2011-10-18 00:00:00-04:00,7.286203921590753,7.390853066989281,7.158662229847952,7.364690780639648,101800,0.0,0.0
2011-10-19 00:00:00-04:00,7.2862036405756205,7.400663249091951,7.233879069894416,7.24368953704834,96800,0.0,0.0
2011-10-20 00:00:00-04:00,7.217528141350588,7.217528141350588,6.939553435494329,7.047472953796387,117400,0.0,0.0
2011-10-21 00:00:00-04:00,7.122688594593664,7.14231015098836,7.040931381898063,7.086715221405029,86600,0.0,0.0
2011-10-24 00:00:00-04:00,7.246959239497316,7.292743078726684,7.145580471021704,7.263310432434082,171000,0.0,0.0
2011-10-25 00:00:00-04:00,7.230609063283364,7.315636650778254,7.197906049053311,7.2600417137146,71400,0.0,0.0
2011-10-26 00:00:00-04:00,7.387582394345647,7.4987722626221816,7.387582394345647,7.482420444488525,151500,0.0,0.0
2011-10-27 00:00:00-04:00,7.789825784101723,7.894474898525852,7.587068280844453,7.760393142700195,372200,0.0,0.0
2011-10-28 00:00:00-04:00,7.740773337981726,7.799638634079833,7.685178405417743,7.714611053466797,95800,0.0,0.0
2011-10-31 00:00:00-04:00,7.665557699545712,7.665557699545712,7.5020432472229,7.5020432472229,133300,0.0,0.0
2011-11-01 00:00:00-04:00,7.3548791358227765,7.4039333410667645,7.273121919163442,7.341798305511475,65500,0.0,0.0
2011-11-02 00:00:00-04:00,7.502040651113169,7.616500852881376,7.466067284448267,7.560905933380127,66400,0.0,0.0
2011-11-03 00:00:00-04:00,7.560908434244452,7.717882156372071,7.538015887312482,7.71788215637207,184800,0.0,0.0
2011-11-04 00:00:00-04:00,7.714611712484299,7.832342314737601,7.593610746417503,7.822531223297119,102000,0.0,0.0
2011-11-07 00:00:00-05:00,7.7080691134080395,7.78001585232065,7.590338539738653,7.655744552612305,222500,0.0,0.0
2011-11-08 00:00:00-05:00,7.636124840922865,7.750585079193115,7.603421826594491,7.750585079193115,61800,0.0,0.0
2011-11-09 00:00:00-05:00,7.521665003034831,7.67863873165708,7.485691622982926,7.554368019104004,112300,0.0,0.0
2011-11-10 00:00:00-05:00,7.688447754875356,7.688447754875356,7.443176135988997,7.469338417053223,68800,0.0,0.0
2011-11-11 00:00:00-05:00,7.502042894042699,7.573989025124738,7.495502166555758,7.53147554397583,36400,0.0,0.0
2011-11-14 00:00:00-05:00,7.560907756138923,7.560907756138923,7.439906799668782,7.492231369018555,73900,0.0,0.0
2011-11-15 00:00:00-05:00,7.449716548768275,7.567446496725136,7.449716548768275,7.515121936798096,50300,0.0,0.0
2011-11-16 00:00:00-05:00,7.361418066886902,7.475878267036644,7.3516069787284986,7.381039619445801,61900,0.0,0.0
2011-11-17 00:00:00-05:00,7.325446313501095,7.400662801334794,7.2960136663039,7.3058247566223145,65900,0.0,0.0
2011-11-18 00:00:00-05:00,7.269850654910381,7.358148587664268,7.139039249214614,7.19136381149292,118400,0.0,0.0
2011-11-21 00:00:00-05:00,7.080175336892384,7.132499909341068,6.998418114471553,7.129229545593262,55700,0.0,0.0
2011-11-22 00:00:00-05:00,7.119418883472949,7.184824285366658,7.0147697414365435,7.122689247131348,72100,0.0,0.0
2011-11-23 00:00:00-05:00,7.021309325883249,7.060553063124507,6.906849725092167,6.933012008666992,162800,0.0,0.0
2011-11-25 00:00:00-05:00,6.9330126952027005,6.998418098737456,6.883957862854004,6.883957862854004,20300,0.0,0.0
2011-11-28 00:00:00-05:00,7.086716425599111,7.086716425599111,6.926472336337586,6.972256183624268,142600,0.0,0.0
2011-11-29 00:00:00-05:00,7.011498408223012,7.027849600495863,6.936281301997095,6.949362754821777,81000,0.0,0.0
2011-11-30 00:00:00-05:00,7.145581107659756,7.224067963513497,7.083445446199595,7.171743392944336,306000,0.0,0.0
2011-12-01 00:00:00-05:00,7.178284577393864,7.224068423618357,7.145581562765744,7.181554317474365,76100,0.0,0.0
2011-12-02 00:00:00-05:00,7.188094118899561,7.194634845733977,7.103066541326285,7.116147994995117,93300,0.0,0.0
2011-12-05 00:00:00-05:00,7.116148423761715,7.145581072531938,7.063823853449783,7.109607696533203,732500,0.0,0.0
2011-12-06 00:00:00-05:00,7.044203213514103,7.076905606402236,6.98206754426196,7.047472953796387,42500,0.0,0.0
2011-12-07 00:00:00-05:00,7.040932393094824,7.047472496993638,6.98860781935559,7.037662029266357,43500,0.0,0.0
2011-12-08 00:00:00-05:00,6.995147465206887,6.995147465206887,6.749875807955503,6.753146171569824,249200,0.0,0.0
2011-12-09 00:00:00-05:00,6.812011532861424,6.897039116355269,6.805470805571571,6.8316330909729,53900,0.0,0.0
2011-12-12 00:00:00-05:00,6.79565964391996,6.79565964391996,6.54384728281704,6.651766777038574,276100,0.0,0.0
2011-12-13 00:00:00-05:00,6.661578051300616,6.694280437796625,6.524225907240045,6.530766010284424,143900,0.0,0.0
2011-12-14 00:00:00-05:00,6.504604060236513,6.507874423805349,6.380333363411087,6.42938756942749,110700,0.0,0.0
2011-12-15 00:00:00-05:00,6.458820778511853,6.458820778511853,6.311657523928587,6.3247389793396,266600,0.0,0.0
2011-12-16 00:00:00-05:00,6.380333852791944,6.449009621730825,6.37052276133291,6.373793125152588,137100,0.0,0.0
2011-12-19 00:00:00-05:00,6.354170010107712,6.406494570894107,6.321467003676723,6.344358921051025,113600,0.0,0.0
2011-12-20 00:00:00-05:00,6.393414028933441,6.48825269870798,6.360711641605172,6.4391984939575195,430400,0.0,0.0
2011-12-21 00:00:00-05:00,6.377062137929198,6.409765145439407,6.347629493545809,6.396683692932129,152800,0.0,0.0
2011-12-22 00:00:00-05:00,6.3803336098042855,6.40976625930236,6.337819505525691,6.360712051391602,291100,0.0,0.0
2011-12-23 00:00:00-05:00,6.383603973499416,6.383603973499416,6.341089869220822,6.360712051391602,112300,0.0,0.0
2011-12-27 00:00:00-05:00,6.3280083975902155,6.337818863924359,6.262602377825105,6.269143104553223,189500,0.0,0.0
2011-12-28 00:00:00-05:00,6.269142953672927,6.295305236197714,6.148142007147027,6.167764186859131,186300,0.0,0.0
2011-12-29 00:00:00-05:00,6.157953849037788,6.213548784162194,6.095818186543899,6.115440368652344,445100,0.0,0.0
2011-12-30 00:00:00-05:00,6.197198164667746,6.331279969395983,6.1644951485432165,6.328009605407715,305200,0.0,0.0
2012-01-03 00:00:00-05:00,6.498064528509373,6.602713676886124,6.465361513702108,6.570010662078857,257600,0.0,0.0
2012-01-04 00:00:00-05:00,6.4228457034533655,6.596171199320877,6.4228457034533655,6.560197830200195,145600,0.0,0.0
2012-01-05 00:00:00-05:00,6.527494083367903,6.556926723170811,6.449007251812778,6.501331806182861,259700,0.0,0.0
2012-01-06 00:00:00-05:00,6.504603441462248,6.51114416797771,6.445738150339112,6.455549240112305,93700,0.0,0.0
2012-01-09 00:00:00-05:00,6.576550128875231,6.681199257187687,6.576550128875231,6.6615777015686035,223100,0.0,0.0
2012-01-10 00:00:00-05:00,6.857796219206326,6.919931888580322,6.828363566542758,6.919931888580322,371600,0.0,0.0
2012-01-11 00:00:00-05:00,6.929742933403894,6.929742933403894,6.851256068089682,6.91339111328125,129200,0.0,0.0
2012-01-12 00:00:00-05:00,6.903579791440584,7.063823866281733,6.8839576097194035,7.054012775421143,209000,0.0,0.0
2012-01-13 00:00:00-05:00,6.952634576514488,6.965715408325195,6.887228546186555,6.965715408325195,337800,0.0,0.0
2012-01-17 00:00:00-05:00,7.14231038617023,7.161931943211024,7.063823534249003,7.155391216278076,303600,0.0,0.0
2012-01-18 00:00:00-05:00,7.191365491176782,7.191365491176782,7.034391767677582,7.076905250549316,207700,0.0,0.0
2012-01-19 00:00:00-05:00,7.145580002162546,7.145580002162546,7.044201240338929,7.070363521575928,155300,0.0,0.0
2012-01-20 00:00:00-05:00,7.024579431197018,7.184823490174756,7.008228238472807,7.112877368927002,164200,0.0,0.0
2012-01-23 00:00:00-05:00,7.089986138605749,7.175013721302159,7.089986138605749,7.109607696533203,83500,0.0,0.0
2012-01-24 00:00:00-05:00,7.067093402907435,7.099795787766392,7.011498475385999,7.083444595336914,144600,0.0,0.0
2012-01-25 00:00:00-05:00,7.11941907810795,7.148851728080098,7.047472323172431,7.129229545593262,132900,0.0,0.0
2012-01-26 00:00:00-05:00,7.14885139465332,7.188094510280457,7.13249957667695,7.14885139465332,112900,0.0,0.0
2012-01-27 00:00:00-05:00,7.106337776975527,7.240419574748038,7.086716217821973,7.220798015594482,140600,0.0,0.0
2012-01-30 00:00:00-05:00,7.050743169271097,7.093257277142917,6.9460940172145405,7.0016889572143555,200200,0.0,0.0
2012-01-31 00:00:00-05:00,7.034390663655697,7.063823310162217,6.975525370642657,7.031120300292969,153100,0.0,0.0
2012-02-01 00:00:00-05:00,7.057281575918693,7.119417223423795,6.913388727291383,7.080173492431641,288700,0.0,0.0
2012-02-02 00:00:00-05:00,7.210986039061973,7.217526765896389,7.096526438249912,7.116147994995117,128900,0.0,0.0
2012-02-03 00:00:00-05:00,7.165202421321995,7.325446491194856,7.165202421321995,7.240418910980225,173700,0.0,0.0
2012-02-06 00:00:00-05:00,7.188093754847355,7.188093754847355,7.083444625828993,7.099795818328857,181600,0.0,0.0
2012-02-07 00:00:00-05:00,6.98860726932763,7.057283033046056,6.942822803090608,7.014769554138184,255300,0.0,0.0
2012-02-08 00:00:00-05:00,7.243689411927798,7.243689411927798,7.158661830100005,7.214256763458252,266700,0.0,0.0
2012-02-09 00:00:00-05:00,7.224068131317786,7.224068131317786,7.14885163734721,7.161932468414307,160200,0.0,0.0
2012-02-10 00:00:00-05:00,7.063823879317555,7.063823879317555,6.9689852054310775,6.998417854309082,176700,0.0,0.0
2012-02-13 00:00:00-05:00,7.047472109524602,7.08344548590181,6.972255616879609,7.004958629608154,123100,0.0,0.0
2012-02-14 00:00:00-05:00,6.985337023562237,7.040931957692014,6.978796296309773,6.998417854309082,87200,0.0,0.0
2012-02-15 00:00:00-05:00,7.063824773998615,7.106338259008084,7.021310665230984,7.047472953796387,150700,0.0,0.0
2012-02-16 00:00:00-05:00,7.01476810578864,7.083443855327482,6.9722540119006435,7.080173492431641,221300,0.0,0.0
2012-02-17 00:00:00-05:00,7.080174329522572,7.106336612024535,7.014768935146674,7.096526145935059,97600,0.0,0.0
2012-02-21 00:00:00-05:00,7.129228531243999,7.129228531243999,7.0376608543661385,7.096526145935059,103600,0.0,0.0
2012-02-22 00:00:00-05:00,7.139040303867498,7.161932225276341,7.112878018863381,7.14885139465332,94500,0.0,0.0
2012-02-23 00:00:00-05:00,7.1521212724738925,7.204445838928223,7.122688625873577,7.204445838928223,100400,0.0,0.0
2012-02-24 00:00:00-05:00,7.260040207401115,7.407202805265876,7.204445281872298,7.374499797821045,252300,0.0,0.0
2012-02-27 00:00:00-05:00,7.358149528503418,7.374500722396866,7.296013868943797,7.358149528503418,120300,0.0,0.0
2012-02-28 00:00:00-05:00,7.367960317143236,7.420284883967603,7.335257306938498,7.39412260055542,100600,0.0,0.0
2012-02-29 00:00:00-05:00,7.374501323742741,7.430096260775186,7.358150128515951,7.387582778930664,247000,0.0,0.0
2012-03-01 00:00:00-05:00,7.407202800862727,7.456257000121821,7.367959690958647,7.4300947189331055,136000,0.0,0.0
2012-03-02 00:00:00-05:00,7.4497181229466936,7.479150772094727,7.439907031977987,7.479150772094727,169400,0.0,0.0
2012-03-05 00:00:00-05:00,7.417014128176629,7.436635683758185,7.358148837673957,7.361419200897217,176200,0.0,0.0
2012-03-06 00:00:00-05:00,7.178283009648291,7.18482311213905,6.991876054106948,7.070363521575928,227200,0.0,0.0
2012-03-07 00:00:00-05:00,7.093256578547033,7.132499694824218,7.021309825775382,7.132499694824219,115500,0.0,0.0
2012-03-08 00:00:00-05:00,7.233878081155088,7.325445755452519,7.21098553882273,7.282932281494141,170900,0.0,0.0
2012-03-09 00:00:00-05:00,7.292743302864428,7.325446313501095,7.273121745985648,7.3058247566223145,111800,0.0,0.0
2012-03-12 00:00:00-04:00,7.253499405811905,7.305823967676898,7.210985309447861,7.296012878417969,60800,0.0,0.0
2012-03-13 00:00:00-04:00,7.328716869232401,7.420285176666037,7.322176142181841,7.4137444496154785,124500,0.0,0.0
2012-03-14 00:00:00-04:00,7.309095749185164,7.358149957483433,7.194635513983801,7.351609230041504,184400,0.0,0.0
2012-03-15 00:00:00-04:00,7.292744159698486,7.315636706464461,7.237149222211646,7.292744159698486,94800,0.0,0.0
2012-03-16 00:00:00-04:00,7.335257188844254,7.354878745147984,7.2829326228622895,7.3090949058532715,76700,0.0,0.0
2012-03-19 00:00:00-04:00,7.279663328161765,7.305825614993329,7.230609118322345,7.292744159698486,102500,0.0,0.0
2012-03-20 00:00:00-04:00,7.194635573033169,7.197905936780975,7.10306725936892,7.129229545593262,217600,0.0,0.0
2012-03-21 00:00:00-04:00,7.158661980261704,7.158661980261704,7.08671585124814,7.132499694824219,131400,0.0,0.0
2012-03-22 00:00:00-04:00,7.031120426846776,7.07363390381138,7.014769233496861,7.060553073883057,97100,0.0,0.0
2012-03-23 00:00:00-04:00,7.067094802856445,7.08998672629567,7.027851059990537,7.067094802856445,98500,0.0,0.0
2012-03-26 00:00:00-04:00,7.080174621163873,7.116147994995116,7.050741974167045,7.116147994995117,112000,0.0,0.0
2012-03-27 00:00:00-04:00,7.0997965769852485,7.122689122192482,7.0638238248900365,7.09325647354126,77900,0.0,0.0
2012-03-28 00:00:00-04:00,7.0082291178608696,7.0082291178608696,6.893768883154941,6.906850337982178,189900,0.0,0.0
2012-03-29 00:00:00-04:00,6.996981455923863,7.087475267143992,6.906487644703733,7.072996616363525,59600,2.039,0.0
2012-03-30 00:00:00-04:00,7.044037329438797,7.105573143403838,6.986121350461454,7.091094493865967,235100,0.0,0.0
2012-04-02 00:00:00-04:00,7.080235692017155,7.225025653839111,7.0585173703471105,7.225025653839111,222000,0.0,0.0
2012-04-03 00:00:00-04:00,7.279321776621125,7.279321776621125,7.087474664595834,7.163489818572998,69800,0.0,0.0
2012-04-04 00:00:00-04:00,7.087475101833119,7.105573587489814,6.993361457509768,7.04041862487793,93800,0.0,0.0
2012-04-05 00:00:00-04:00,7.06213672237542,7.221406014685991,7.06213672237542,7.1996870040893555,117300,0.0,0.0
2012-04-09 00:00:00-04:00,7.181588797102795,7.181588797102795,7.072996501566326,7.116433143615723,57300,0.0,0.0
2012-04-10 00:00:00-04:00,7.1381521081334665,7.232265761608659,7.094715462168326,7.112813949584961,127700,0.0,0.0
2012-04-11 00:00:00-04:00,7.18520806382517,7.25760269165039,7.101953931140353,7.257602691650391,108300,0.0,0.0
2012-04-12 00:00:00-04:00,7.250363605130134,7.500125999497701,7.250363605130134,7.492887020111084,179600,0.0,0.0
2012-04-13 00:00:00-04:00,7.500127636897944,7.782468607003036,7.500127636897944,7.565283298492432,650500,0.0,0.0
2012-04-16 00:00:00-04:00,7.583380574944535,7.670254538477186,7.503745590563271,7.63767671585083,238300,0.0,0.0
2012-04-17 00:00:00-04:00,7.637679283724455,7.637679283724455,7.572523616565676,7.623199939727783,173200,0.0,0.0
2012-04-18 00:00:00-04:00,7.673875677689152,7.681114658071043,7.644917684922563,7.655776500701904,240800,0.0,0.0
2012-04-19 00:00:00-04:00,7.677494823890748,7.681114659288771,7.6051001871693025,7.619578838348389,301600,0.0,0.0
2012-04-20 00:00:00-04:00,7.648536355592369,7.7716079898214865,7.648536355592369,7.728171348571777,172700,0.0,0.0
2012-04-23 00:00:00-04:00,7.576140835133149,7.5942393184631385,7.427731062506002,7.489266872406006,201900,0.0,0.0
2012-04-24 00:00:00-04:00,7.489268499329496,7.568902809858767,7.485648663794571,7.50012731552124,103000,0.0,0.0
2012-04-25 00:00:00-04:00,7.626819598675953,7.659397431499071,7.554424951612548,7.6014814376831055,119800,0.0,0.0
2012-04-26 00:00:00-04:00,7.597861129289676,7.597861129289676,7.5399451390752565,7.565283298492432,69000,0.0,0.0
2012-04-27 00:00:00-04:00,7.601480987685421,7.659396978072836,7.554424504400545,7.652157306671143,273400,0.0,0.0
2012-04-30 00:00:00-04:00,7.641298942336497,7.6738767751596155,7.518227282874293,7.6014814376831055,106000,0.0,0.0
2012-05-01 00:00:00-04:00,7.565282346087761,7.673875331878662,7.558042675619106,7.673875331878662,204100,0.0,0.0
2012-05-02 00:00:00-04:00,7.720930617515974,7.793325930203697,7.655774974179599,7.771606922149658,169300,0.0,0.0
2012-05-03 00:00:00-04:00,7.815045819356348,7.8186656547599265,7.728171840909494,7.753509998321533,112000,0.0,0.0
2012-05-04 00:00:00-04:00,7.746269704553162,7.78608720037736,7.724551384291306,7.782467365264893,105200,0.0,0.0
2012-05-07 00:00:00-04:00,7.767989439766171,7.782468782853479,7.742651279776462,7.7571306228637695,114000,0.0,0.0
2012-05-08 00:00:00-04:00,7.728169609163343,7.731789443521583,7.634055987087529,7.677492618560791,243600,0.0,0.0
2012-05-09 00:00:00-04:00,7.5580442725690045,7.637679283724455,7.500128277408561,7.623199939727783,240000,0.0,0.0
2012-05-10 00:00:00-04:00,7.637676856166516,7.6738745142400155,7.568901374868156,7.572521209716797,50500,0.0,0.0
2012-05-11 00:00:00-04:00,7.5182258159825945,7.594240284129844,7.402393850950802,7.416872501373291,216000,0.0,0.0
2012-05-14 00:00:00-04:00,7.26846121113356,7.26846121113356,7.1490094355236025,7.196065902709961,249400,0.0,0.0
2012-05-15 00:00:00-04:00,7.1562509717578875,7.228645608658881,7.105573966472882,7.109193801879883,181000,0.0,0.0
2012-05-16 00:00:00-04:00,7.109194264890676,7.138152259619665,7.05851794671821,7.083856105804443,110000,0.0,0.0
2012-05-17 00:00:00-04:00,7.120052322369836,7.170728630225984,7.0947141684417625,7.130911827087402,215200,0.0,0.0
2012-05-18 00:00:00-04:00,7.130910593326645,7.225023522944198,7.087473272384641,7.188826560974121,220000,0.0,0.0
2012-05-21 00:00:00-04:00,7.2069268226623535,7.225025308119205,7.1453910055309064,7.2069268226623535,201600,0.0,0.0
2012-05-22 00:00:00-04:00,7.192446395253688,7.264841009606636,7.134529737193418,7.188826560974121,133800,0.0,0.0
2012-05-23 00:00:00-04:00,7.101954656269538,7.239504946470766,7.098334820946744,7.185208797454834,194000,0.0,0.0
2012-05-24 00:00:00-04:00,7.163490460239247,7.163490460239247,6.98612198187581,7.123672962188721,137100,0.0,0.0
2012-05-25 00:00:00-04:00,6.993360213341016,7.069375358484036,6.9390640756176305,7.025938034057617,125100,0.0,0.0
2012-05-29 00:00:00-04:00,7.185208503050175,7.250364155364823,7.185208503050175,7.243124485015869,112500,0.0,0.0
2012-05-30 00:00:00-04:00,7.174348633131928,7.19968678765334,7.116432654107865,7.163489818572998,174900,0.0,0.0
2012-05-31 00:00:00-04:00,7.192447528589374,7.192447528589374,7.058516400792656,7.1743483543396,95300,0.0,0.0
2012-06-01 00:00:00-04:00,7.09109545153859,7.09109545153859,6.96802380698733,7.018700122833252,182000,0.0,0.0
2012-06-04 00:00:00-04:00,6.960783941749373,6.996981605091716,6.8883893054776895,6.971643447875977,142900,0.0,0.0
2012-06-05 00:00:00-04:00,6.910106841609485,6.968022820206741,6.902867171681597,6.931825160980225,154900,0.0,0.0
2012-06-06 00:00:00-04:00,6.978883958815126,7.091096107313911,6.978883958815126,7.0766167640686035,80100,0.0,0.0
2012-06-07 00:00:00-04:00,7.167110061092287,7.20330772613074,6.960784267910051,7.000601768493652,462800,0.0,0.0
2012-06-08 00:00:00-04:00,6.928205605020105,6.939065110349257,6.834091963406309,6.920966625213623,144500,0.0,0.0
2012-06-11 00:00:00-04:00,6.971643450889398,7.011460949624486,6.852191645097136,6.86305046081543,142000,0.0,0.0
2012-06-12 00:00:00-04:00,6.917347118709199,6.964403596545017,6.881149456305425,6.949924945831299,56500,0.0,0.0
2012-06-13 00:00:00-04:00,6.9933615884362785,6.9933615884362785,6.881149456355448,6.913727283477783,90000,0.0,0.0
2012-06-14 00:00:00-04:00,6.9064868281277985,6.968022640098431,6.88476850931843,6.9463043212890625,133900,0.0,0.0
2012-06-15 00:00:00-04:00,6.975262790240367,7.004220780784892,6.939065129456472,6.982502460479736,107000,0.0,0.0
2012-06-18 00:00:00-04:00,6.964402577180276,7.101953536098982,6.928204920074675,7.080234527587891,118900,0.0,0.0
2012-06-19 00:00:00-04:00,7.069377156929781,7.123673308466079,7.0331794924345745,7.105574131011963,111400,0.0,0.0
2012-06-20 00:00:00-04:00,7.065757110113046,7.076615925847721,6.989741947905307,7.0693769454956055,72600,0.0,0.0
2012-06-21 00:00:00-04:00,6.9969806439533775,6.9969806439533775,6.906486843234677,6.9354448318481445,143800,0.0,0.0
2012-06-22 00:00:00-04:00,6.968023249116148,6.968023249116148,6.870289770312549,6.8920087814331055,161700,0.0,0.0
2012-06-25 00:00:00-04:00,6.794277044819028,6.797896880933986,6.732741211691027,6.787037372589111,115100,0.0,0.0
2012-06-26 00:00:00-04:00,6.815992504734294,6.834090987284901,6.776175014627534,6.823232173919678,49700,0.0,0.0
2012-06-27 00:00:00-04:00,6.819613817116246,6.892009143832224,6.819613817116246,6.86305046081543,33000,0.0,0.0
2012-06-28 00:00:00-04:00,6.801514351368295,6.855810493381271,6.76531669322201,6.848570823669434,57900,0.0,0.0
2012-06-29 00:00:00-04:00,6.971642955120682,7.018699430850677,6.906487303792262,6.982502460479736,289100,0.0,0.0
2012-07-02 00:00:00-04:00,6.964402805228051,6.986121124037419,6.931824981807545,6.9463043212890625,242400,0.0,0.0
2012-07-03 00:00:00-04:00,6.964402057132476,7.004219546016663,6.917345589698027,6.9933600425720215,39400,0.0,0.0
2012-07-05 00:00:00-04:00,6.949924945831299,6.957163925981665,6.8992479423008195,6.949924945831299,93500,0.0,0.0
2012-07-06 00:00:00-04:00,6.9282063973368215,6.949925410478934,6.884769751878658,6.888389587402344,109300,0.0,0.0
2012-07-09 00:00:00-04:00,6.819612339326985,6.855809994841053,6.805133000956217,6.823232173919678,148900,0.0,0.0
2012-07-10 00:00:00-04:00,6.819613919808428,6.852191748279886,6.732739940688877,6.758078098297119,82500,0.0,0.0
2012-07-11 00:00:00-04:00,6.790655282620835,6.823233108002028,6.729119466946688,6.761697292327881,83000,0.0,0.0
2012-07-12 00:00:00-04:00,6.711021632048022,6.819613933563232,6.711021632048022,6.819613933563232,62000,0.0,0.0
2012-07-13 00:00:00-04:00,6.841332138965838,6.877529802323827,6.776176483004058,6.86305046081543,93100,0.0,0.0
2012-07-16 00:00:00-04:00,6.79065559640852,6.79065559640852,6.732739613146387,6.765317440032959,140700,0.0,0.0
2012-07-17 00:00:00-04:00,6.772556764890392,6.812374264314901,6.732739955878899,6.783416271209717,100600,0.0,0.0
2012-07-18 00:00:00-04:00,6.743597986895804,6.801514656778248,6.739978842290277,6.7797956466674805,35200,0.0,0.0
2012-07-19 00:00:00-04:00,6.805135862750758,6.841333533487195,6.765319046312507,6.787037372589111,79300,0.0,0.0
2012-07-20 00:00:00-04:00,6.747217946242717,6.768936956753692,6.649485160595119,6.653104305267334,62600,0.0,0.0
2012-07-23 00:00:00-04:00,6.558991910177797,6.566230890548234,6.461258425840323,6.522794246673584,77400,0.0,0.0
2012-07-24 00:00:00-04:00,6.5264128000544455,6.54813111772555,6.511933461331795,6.530032634735107,56400,0.0,0.0
2012-07-25 00:00:00-04:00,6.530033752841973,6.591568881710994,6.515554411640094,6.526413917541504,57100,0.0,0.0
2012-07-26 00:00:00-04:00,6.616907761455297,6.616907761455297,6.555371941869733,6.577090263366699,61400,0.0,0.0
2012-07-27 00:00:00-04:00,6.624146429482313,6.65310442025114,6.587949458831001,6.645865440368652,63400,0.0,0.0
2012-07-30 00:00:00-04:00,6.511935111756565,6.613288437264112,6.511935111756565,6.591569423675537,73100,0.0,0.0
2012-07-31 00:00:00-04:00,6.627767402892126,6.645866581739121,6.587950590254896,6.595189571380615,87500,0.0,0.0
2012-08-01 00:00:00-04:00,6.624145697076583,6.682061672210693,6.613286883246989,6.682061672210693,47900,0.0,0.0
2012-08-02 00:00:00-04:00,6.627767727945222,6.667585232948346,6.595189894835959,6.624147891998291,35500,0.0,0.0
2012-08-03 00:00:00-04:00,6.700162095534755,6.790655909860595,6.700162095534755,6.768937587738037,111600,0.0,0.0
2012-08-06 00:00:00-04:00,6.801515315040883,6.877529786546578,6.797895479672087,6.837712287902832,72900,0.0,0.0
2012-08-07 00:00:00-04:00,6.866669750138132,6.870289585227373,6.794275119592155,6.7978949546813965,53300,0.0,0.0
2012-08-08 00:00:00-04:00,6.805133788392609,6.834091778072082,6.7580773140683155,6.826852798461914,92900,0.0,0.0
2012-08-09 00:00:00-04:00,6.826852178356151,6.924584953138895,6.826852178356151,6.855810165405273,81300,0.0,0.0
2012-08-10 00:00:00-04:00,6.805134133718109,6.931825603899594,6.779795977764406,6.8811492919921875,75800,0.0,0.0
2012-08-13 00:00:00-04:00,6.787036075909193,6.823233739729978,6.7327399253845215,6.7327399253845215,112300,0.0,0.0
2012-08-14 00:00:00-04:00,6.794277023596048,6.794277023596048,6.732741190660264,6.736361026763916,35500,0.0,0.0
2012-08-15 00:00:00-04:00,6.7146408828245425,6.743598876378866,6.653105060219975,6.678443908691406,59400,0.0,0.0
2012-08-16 00:00:00-04:00,6.635005820254469,6.678443150863472,6.635005820254469,6.653104305267334,56700,0.0,0.0
2012-08-17 00:00:00-04:00,6.685683232822378,6.714641227864746,6.649486256829216,6.696542739868164,48900,0.0,0.0
2012-08-20 00:00:00-04:00,6.635007527978529,6.6639655257001165,6.6205288743242985,6.642247200012207,52800,0.0,0.0
2012-08-21 00:00:00-04:00,6.6639634819098355,6.703780975470198,6.660343647003174,6.660343647003174,90500,0.0,0.0
2012-08-22 00:00:00-04:00,6.65310442025114,6.65310442025114,6.624146429482313,6.645865440368652,47000,0.0,0.0
2012-08-23 00:00:00-04:00,6.660343939667802,6.667583609799246,6.595188289310695,6.602427959442139,63500,0.0,0.0
2012-08-24 00:00:00-04:00,6.558992103332246,6.616908090479341,6.5517524323356024,6.606048583984375,51600,0.0,0.0
2012-08-27 00:00:00-04:00,6.544513537332966,6.566231862485048,6.508315868470756,6.548133373260498,72000,0.0,0.0
2012-08-28 00:00:00-04:00,6.501075263846503,6.616907925668616,6.501075263846503,6.609668254852295,73300,0.0,0.0
2012-08-29 00:00:00-04:00,6.544511283044887,6.569849435396654,6.50469379197047,6.530032634735107,114200,0.0,0.0
2012-08-30 00:00:00-04:00,6.511934725952367,6.551752224759359,6.414201241833205,6.461258411407471,131500,0.0,0.0
2012-08-31 00:00:00-04:00,6.55175285744184,6.55175285744184,6.439540711365159,6.468498706817627,51100,0.0,0.0
2012-09-04 00:00:00-04:00,6.443158938450853,6.472116929776429,6.406961967103613,6.410581111907959,98600,0.0,0.0
2012-09-05 00:00:00-04:00,6.399722590711666,6.47573706252901,6.399722590711666,6.461258411407471,42500,0.0,0.0
2012-09-06 00:00:00-04:00,6.443158793638159,6.526413620939353,6.4142008029634265,6.511934280395508,212400,0.0,0.0
2012-09-07 00:00:00-04:00,6.631387871711632,6.819615207210591,6.631387871711632,6.787037372589111,398200,0.0,0.0
2012-09-10 00:00:00-04:00,6.841332886611347,6.87391071815246,6.761698570851449,6.790656566619873,170200,0.0,0.0
2012-09-11 00:00:00-04:00,6.736358096053376,6.877528190612793,6.736358096053376,6.877528190612793,210900,0.0,0.0
2012-09-12 00:00:00-04:00,6.892009935909476,6.895629081289509,6.8159947650802115,6.866671085357666,70700,0.0,0.0
2012-09-13 00:00:00-04:00,6.852190553702409,6.96440267086769,6.76531658972804,6.9282050132751465,238500,0.0,0.0
2012-09-14 00:00:00-04:00,6.968023611517233,7.051277753903773,6.960783940767185,7.007841110229492,210300,0.0,0.0
2012-09-17 00:00:00-04:00,6.881149104717179,6.888388774910624,6.74721796779024,6.750837802886963,269100,0.0,0.0
2012-09-18 00:00:00-04:00,6.725501357160131,6.75083951886488,6.602429694240103,6.642247200012207,147300,0.0,0.0
2012-09-19 00:00:00-04:00,6.682061672210693,6.7074005154431395,6.6675830236336076,6.682061672210693,133000,0.0,0.0
2012-09-20 00:00:00-04:00,6.573470459394698,6.66396427154541,6.566230788723522,6.66396427154541,221200,0.0,0.0
2012-09-21 00:00:00-04:00,6.671204237699569,6.729120224808217,6.660344731211812,6.678443908691406,68100,0.0,0.0
2012-09-24 00:00:00-04:00,6.660343647003174,6.696541305656875,6.613287174042402,6.660343647003174,65700,0.0,0.0
2012-09-25 00:00:00-04:00,6.6784438828928945,6.729120198813946,6.540892896231438,6.55537223815918,120700,0.0,0.0
2012-09-26 00:00:00-04:00,6.573470395621634,6.573470395621634,6.486596419649325,6.526413917541504,78400,0.0,0.0
2012-09-27 00:00:00-04:00,6.6712037776596285,6.7110212749559315,6.645865621348518,6.66758394241333,195400,0.0,0.0
2012-09-28 00:00:00-04:00,6.72549963185845,6.768936962504356,6.674823321449018,6.761697292327881,171000,0.0,0.0
2012-10-01 00:00:00-04:00,6.736360393149821,6.844952704392719,6.736360393149821,6.801516056060791,150900,0.0,0.0
2012-10-02 00:00:00-04:00,6.826852668501228,6.844951152801514,6.7978946793730195,6.844951152801514,78500,0.0,0.0
2012-10-03 00:00:00-04:00,6.844950661357026,6.863049144357901,6.8196125089906525,6.855810165405273,81900,0.0,0.0
2012-10-04 00:00:00-04:00,6.877528190612793,6.899246507372816,6.863048852497549,6.877528190612793,109000,0.0,0.0
2012-10-05 00:00:00-04:00,7.036798303695829,7.036798303695829,6.913726676573429,6.931825160980225,226200,0.0,0.0
2012-10-08 00:00:00-04:00,6.877530592737013,6.892009935909476,6.80875509349398,6.866671085357666,75500,0.0,0.0
2012-10-09 00:00:00-04:00,6.920967300541538,6.93182611651731,6.895628452301025,6.895628452301025,150500,0.0,0.0
2012-10-10 00:00:00-04:00,6.920966346501317,6.953543480350965,6.917346511537374,6.931825160980225,128900,0.0,0.0
2012-10-11 00:00:00-04:00,7.033179102560529,7.033179102560529,6.94630512683558,6.9752631187438965,187900,0.0,0.0
2012-10-12 00:00:00-04:00,6.986122741975691,7.0187005729409995,6.92096777045814,6.968024253845215,62300,0.0,0.0
2012-10-15 00:00:00-04:00,6.957163777663353,7.011460615317964,6.913727136035228,6.942685127258301,115600,0.0,0.0
2012-10-16 00:00:00-04:00,6.968024120400942,6.9861226081848145,6.9426859613383005,6.9861226081848145,116800,0.0,0.0
2012-10-17 00:00:00-04:00,6.949924213263165,7.022318840026855,6.946304378363044,7.0223188400268555,185200,0.0,0.0
2012-10-18 00:00:00-04:00,7.054897197420718,7.253983989510911,7.02955904161594,7.2069268226623535,483200,0.0,0.0
2012-10-19 00:00:00-04:00,7.221404743947201,7.235883391384223,7.170727751885551,7.196065902709961,173000,0.0,0.0
2012-10-22 00:00:00-04:00,7.210547936655744,7.239505932770301,7.188829612173097,7.235886096954346,177200,0.0,0.0
2012-10-23 00:00:00-04:00,7.163490460239247,7.163490460239247,7.08023562882333,7.123672962188721,331300,0.0,0.0
2012-10-24 00:00:00-04:00,7.181588303113169,7.20330662264396,7.123672324089106,7.163489818572998,426200,0.0,0.0
2012-10-25 00:00:00-04:00,7.203307101675965,7.221406277832691,7.112813292131259,7.127292633056641,183600,0.0,0.0
2012-10-26 00:00:00-04:00,7.062137078119942,7.083855399397654,6.797895316266656,6.805134296417236,400800,0.0,0.0
2012-10-31 00:00:00-04:00,6.94630439711411,7.047657012939453,6.859430430515424,7.047657012939453,219300,0.0,0.0
2012-11-01 00:00:00-04:00,7.152630969505634,7.232265275363046,7.087475314525482,7.22140645980835,254100,0.0,0.0
2012-11-02 00:00:00-04:00,7.221406460269787,7.235885111147971,7.177969126809245,7.185208797454834,187000,0.0,0.0
2012-11-05 00:00:00-05:00,7.174349110238178,7.199687266444619,7.123672797825295,7.127292633056641,150000,0.0,0.0
2012-11-06 00:00:00-05:00,7.130911861279151,7.156250015328718,7.116432521586304,7.145390510559082,112100,0.0,0.0
2012-11-07 00:00:00-05:00,7.12005326002543,7.167109739172694,7.0150801051702185,7.0693769454956055,186800,0.0,0.0
2012-11-08 00:00:00-05:00,7.05127618563434,7.0910936754908205,6.982501400044049,7.025938034057617,88400,0.0,0.0
2012-11-09 00:00:00-05:00,7.033179447741991,7.065757276539357,7.015080270402887,7.02955961227417,106700,0.0,0.0
2012-11-12 00:00:00-05:00,7.033179635527585,7.167110099347788,7.025939964398644,7.149011611938477,261900,0.0,0.0
2012-11-13 00:00:00-05:00,7.040418014527462,7.094714157203457,6.986121181438554,7.0223188400268555,123100,0.0,0.0
2012-11-14 00:00:00-05:00,7.072996783019326,7.072996783019326,6.9571641219813705,6.996981620788574,158100,0.0,0.0
2012-11-15 00:00:00-05:00,7.004220910570774,7.004220910570774,6.808753952963577,6.8920087814331055,217000,0.0,0.0
2012-11-16 00:00:00-05:00,6.9064884009358565,6.928206724691118,6.805135072722862,6.9173479080200195,165500,0.0,0.0
2012-11-19 00:00:00-05:00,6.968022716160553,7.08747450653536,6.949924232024003,7.047657012939453,290900,0.0,0.0
2012-11-20 00:00:00-05:00,7.022320274165612,7.033179781083767,6.960784449122173,6.9861226081848145,115600,0.0,0.0
2012-11-21 00:00:00-05:00,7.022319792556422,7.094715119552954,6.986122129058155,7.0585174560546875,137500,0.0,0.0
2012-11-23 00:00:00-05:00,7.1272907624672674,7.152628912023598,7.054895457666785,7.1417694091796875,109000,0.0,0.0
2012-11-26 00:00:00-05:00,7.09109451498378,7.15263032913208,7.0440373504164695,7.15263032913208,104700,0.0,0.0
2012-11-27 00:00:00-05:00,7.112813891298044,7.112813891298044,6.996981915789483,7.01146125793457,213800,0.0,0.0
2012-11-28 00:00:00-05:00,6.9354456047045945,7.004221094230468,6.906487612864172,6.949924945831299,185900,0.0,0.0
2012-11-29 00:00:00-05:00,7.000602391730109,7.000602391730109,6.899249058681954,6.91010856628418,185600,0.0,0.0
2012-11-30 00:00:00-05:00,6.94268416786046,6.975261989786165,6.906486511230469,6.906486511230469,192100,0.0,0.0
2012-12-03 00:00:00-05:00,6.906487335380203,6.975262822142864,6.866669839294512,6.9607834815979,282300,0.0,0.0
2012-12-04 00:00:00-05:00,6.96802380698733,7.02955962926296,6.96802380698733,7.018700122833252,201900,0.0,0.0
2012-12-05 00:00:00-05:00,7.214167484606309,7.340858971457063,7.214167484606309,7.3191399574279785,664600,0.0,0.0
2012-12-06 00:00:00-05:00,7.355337466051158,7.431352632697271,7.340858814088545,7.420493125915527,425500,0.0,0.0
2012-12-07 00:00:00-05:00,7.53994363002554,7.746269390171857,7.514605475679561,7.742649555206299,458300,0.0,0.0
2012-12-10 00:00:00-05:00,7.742651584620263,7.822286593909688,7.641298940670967,7.796948432922363,310800,0.0,0.0
2012-12-11 00:00:00-05:00,7.7788499030157645,7.796949084099087,7.659398069518491,7.695595741271973,254700,0.0,0.0
2012-12-12 00:00:00-05:00,7.742650328385144,7.7607495050203115,7.6847343439785964,7.7209320068359375,199100,0.0,0.0
2012-12-13 00:00:00-05:00,7.644917684922563,7.673875677689152,7.619578837140415,7.655776500701904,178500,0.0,0.0
2012-12-14 00:00:00-05:00,7.891060007101071,8.003272829327434,7.811425702332379,7.872961521148682,504500,0.0,0.0
2012-12-17 00:00:00-05:00,8.03585091632442,8.162541702915446,7.988793746665178,8.129963874816895,361600,0.0,0.0
2012-12-18 00:00:00-05:00,8.202358887573297,8.303712203376417,8.15530241012973,8.271134376525879,261500,0.0,0.0
2012-12-19 00:00:00-05:00,8.220457078576137,8.300092070426969,8.220457078576137,8.256654739379883,160800,0.0,0.0
2012-12-20 00:00:00-05:00,8.289232862117277,8.289232862117277,8.195119216820036,8.234936714172363,89800,0.0,0.0
2012-12-21 00:00:00-05:00,8.144441542205541,8.14806137685162,7.963453952378751,8.068427085876465,269700,0.0,0.0
2012-12-24 00:00:00-05:00,8.08290761926105,8.08290761926105,7.86934215822157,7.945357322692871,155200,0.0,0.0
2012-12-26 00:00:00-05:00,8.158922554565573,8.30371251804761,8.148063048399543,8.238556861877441,329300,0.0,0.0
2012-12-27 00:00:00-05:00,8.227697657719384,8.227697657719384,8.075668017879556,8.14444351196289,186800,0.0,0.0
2012-12-28 00:00:00-05:00,8.18787799515453,8.339907582027303,8.162539155331743,8.169778823852539,290000,0.0,0.0
2012-12-31 00:00:00-05:00,8.30733037779153,8.7742779852735,8.256653384815039,8.7055025100708,414000,0.0,0.0
2013-01-02 00:00:00-05:00,8.879251860391971,9.042140285334183,8.788758060841998,9.031281471252441,383000,0.0,0.0
2013-01-03 00:00:00-05:00,8.879252449551132,8.966126420033849,8.814096799085858,8.868392944335938,370400,0.0,0.0
2013-01-04 00:00:00-05:00,8.803236949480533,8.893730751494788,8.741701136494324,8.85029411315918,293300,0.0,0.0
2013-01-07 00:00:00-05:00,8.79599732880997,8.868392646991396,8.723602701041466,8.853913307189941,175700,0.0,0.0
2013-01-08 00:00:00-05:00,8.853915475267055,8.853915475267055,8.633111012529401,8.658449172973633,223800,0.0,0.0
2013-01-09 00:00:00-05:00,8.71636425116498,8.814097737265724,8.687406257921761,8.73446273803711,135600,0.0,0.0
2013-01-10 00:00:00-05:00,8.86477371813902,8.86477371813902,8.781519577009744,8.81409740447998,213600,0.0,0.0
2013-01-11 00:00:00-05:00,8.615009007351537,8.730841644891846,8.5969105245177,8.683784484863281,260800,0.0,0.0
2013-01-14 00:00:00-05:00,8.969746622665042,9.0421412558274,8.839435316394638,8.984225273132324,605400,0.0,0.0
2013-01-15 00:00:00-05:00,8.926308338513179,8.980604480197913,8.904590019921866,8.948026657104492,228200,0.0,0.0
2013-01-16 00:00:00-05:00,8.86839358563867,8.900971413227115,8.850295099384196,8.864773750305176,143000,0.0,0.0
2013-01-17 00:00:00-05:00,8.850295114052507,8.984225569548766,8.803237945052095,8.962507247924805,147800,0.0,0.0
2013-01-18 00:00:00-05:00,9.031281934760587,9.364299161812285,9.013182759673958,9.310002326965332,465400,0.0,0.0
2013-01-22 00:00:00-05:00,9.505469738201795,9.77333132880847,9.483751417453407,9.733513832092285,1091700,0.0,0.0
2013-01-23 00:00:00-05:00,9.729894607299379,9.729894607299379,9.523568821213518,9.679218292236328,491400,0.0,0.0
2013-01-24 00:00:00-05:00,9.700935366983936,9.769710850306954,9.671977377755232,9.737133026123047,327100,0.0,0.0
2013-01-25 00:00:00-05:00,9.700935970795312,9.700935970795312,9.574245191542245,9.646639823913574,296000,0.0,0.0
2013-01-28 00:00:00-05:00,9.798669503321106,9.954318964874307,9.75161302654159,9.831247329711914,463800,0.0,0.0
2013-01-29 00:00:00-05:00,9.773330685262158,9.820387158853956,9.722654376715155,9.737133026123047,183900,0.0,0.0
2013-01-30 00:00:00-05:00,9.773330351649095,9.809528009552597,9.686456386928429,9.708174705505371,239200,0.0,0.0
2013-01-31 00:00:00-05:00,9.708176299082993,9.773331955921888,9.69369764779269,9.740754127502441,214400,0.0,0.0
2013-02-01 00:00:00-05:00,9.932599380653093,10.00861383895392,9.881922384706325,9.936219215393066,371500,0.0,0.0
2013-02-04 00:00:00-05:00,9.954319248379054,9.954319248379054,9.766091955074224,9.784191131591797,292200,0.0,0.0
2013-02-05 00:00:00-05:00,9.86020470271866,9.954318340790227,9.827626878370312,9.932600021362305,278100,0.0,0.0
2013-02-06 00:00:00-05:00,9.950698505816753,10.03757247394137,9.91450084649493,9.932600021362305,302800,0.0,0.0
2013-02-07 00:00:00-05:00,9.92536095487312,9.936220460453798,9.693697025789069,9.733513832092285,344100,0.0,0.0
2013-02-08 00:00:00-05:00,9.809528009552597,9.83848599779282,9.675596882433508,9.708174705505371,238400,0.0,0.0
2013-02-11 00:00:00-05:00,9.769711161920624,9.769711161920624,9.664738706523226,9.70455551147461,167000,0.0,0.0
2013-02-12 00:00:00-05:00,9.70817529261011,9.70817529261011,9.483751042779492,9.628540992736816,353900,0.0,0.0
2013-02-13 00:00:00-05:00,9.700936316458574,9.842107131876842,9.664739344189623,9.809529304504395,196400,0.0,0.0
2013-02-14 00:00:00-05:00,9.805910754914766,9.9000244140625,9.762473415918473,9.9000244140625,199200,0.0,0.0
2013-02-15 00:00:00-05:00,9.900023402819311,10.099109517718281,9.650260282532248,9.690077781677246,383300,0.0,0.0
2013-02-19 00:00:00-05:00,9.603204404918277,9.679218882145628,9.50547091384335,9.53804874420166,440600,0.0,0.0
2013-02-20 00:00:00-05:00,9.603203428094497,9.62854158459292,9.378778474055776,9.4041166305542,349900,0.0,0.0
2013-02-21 00:00:00-05:00,9.29190471679182,9.29190471679182,9.063860612541578,9.110917091369629,710200,0.0,0.0
2013-02-22 00:00:00-05:00,9.121775645599799,9.20864961388772,9.067478811308538,9.147113800048828,367400,0.0,0.0
2013-02-25 00:00:00-05:00,9.190551065916205,9.23398839822969,9.074719100297544,9.081958770751953,314200,0.0,0.0
2013-02-26 00:00:00-05:00,9.085578920735756,9.139875070198892,8.904591295583304,8.976985931396484,304100,0.0,0.0
2013-02-27 00:00:00-05:00,9.013182742001993,9.3100023087114,9.009562906991764,9.284664154052734,273300,0.0,0.0
2013-02-28 00:00:00-05:00,9.440314904841419,9.519949214772051,9.37877908203633,9.386018753051758,491900,0.0,0.0
2013-03-01 00:00:00-05:00,9.186931905281385,9.295524898832548,9.157973911750348,9.201411247253418,218700,0.0,0.0
2013-03-04 00:00:00-05:00,8.879252727433839,8.926309204013123,8.651207943668553,8.785139083862305,740900,0.0,0.0
2013-03-05 00:00:00-05:00,8.97336550094274,9.013182303291332,8.890110680585725,8.948026657104492,358600,0.0,0.0
2013-03-06 00:00:00-05:00,9.107298187374353,9.107298187374353,8.929930379171552,9.024044036865234,134600,0.0,0.0
2013-03-07 00:00:00-05:00,9.002324139622203,9.110916430837488,8.951647138697181,9.053000450134277,128900,0.0,0.0
2013-03-08 00:00:00-05:00,9.081959068592239,9.081959068592239,8.969746934520817,8.987845420837402,168000,0.0,0.0
2013-03-11 00:00:00-04:00,8.973367041634203,9.005944179908088,8.777900069512784,8.80685806274414,213300,0.0,0.0
2013-03-12 00:00:00-04:00,8.734461727808869,8.79237839800968,8.615009933194766,8.622249603271484,263900,0.0,0.0
2013-03-13 00:00:00-04:00,8.567953101962726,8.567953101962726,8.448501312319662,8.49555778503418,266100,0.0,0.0
2013-03-14 00:00:00-04:00,8.546234478655071,8.60053061921114,8.52089632575643,8.564332962036133,127800,0.0,0.0
2013-03-15 00:00:00-04:00,8.52451580039777,8.60777062224999,8.473839492636959,8.593291282653809,130800,0.0,0.0
2013-03-18 00:00:00-04:00,8.430402497784225,8.542614613252631,8.426782663038422,8.466599464416504,232500,0.0,0.0
2013-03-19 00:00:00-04:00,8.466601027245273,8.510038361800033,8.397826225618669,8.448502540588379,171300,0.0,0.0
2013-03-20 00:00:00-04:00,8.68740596144196,8.864773750305176,8.65120829852002,8.864773750305176,438800,0.0,0.0
2013-03-21 00:00:00-04:00,8.864774388693421,8.976986530460591,8.795998893230234,8.89735221862793,248100,0.0,0.0
2013-03-22 00:00:00-04:00,8.929929702982372,8.93354953843646,8.868393881088908,8.879253387451172,99100,0.0,0.0
2013-03-25 00:00:00-04:00,8.951646779610988,8.969745954362805,8.76341950466962,8.853913307189941,273900,0.0,0.0
2013-03-26 00:00:00-04:00,8.79961740528464,8.832195230319156,8.72722277552911,8.792378425598145,112900,0.0,0.0
2013-03-27 00:00:00-04:00,8.74532221225847,8.74532221225847,8.647588726517014,8.71998405456543,150100,0.0,0.0
2013-03-28 00:00:00-04:00,8.510039324062518,8.611392655875356,8.49194014494607,8.546236991882324,166700,0.0,0.0
2013-04-01 00:00:00-04:00,8.54623506626189,8.571573220902685,8.47021991192657,8.520896911621094,186300,0.0,0.0
2013-04-02 00:00:00-04:00,8.506417289697334,8.571572936850444,8.47021963123306,8.49555778503418,44400,0.0,0.0
2013-04-03 00:00:00-04:00,8.466600664120882,8.48831967567326,8.180640582811053,8.296472549438477,352200,0.0,0.0
2013-04-04 00:00:00-04:00,8.256655068283612,8.325430557509105,8.227697076569664,8.285613059997559,119700,0.0,0.0
2013-04-05 00:00:00-04:00,8.144441952062703,8.195118258832299,8.072046636323652,8.162540435791016,193000,0.0,0.0
2013-04-08 00:00:00-04:00,8.104625406524505,8.220457372913549,8.097386426434925,8.198739051818848,112100,0.0,0.0
2013-04-09 00:00:00-04:00,8.260274288428937,8.423163411198086,8.260274288428937,8.38696575164795,158200,0.0,0.0
2013-04-10 00:00:00-04:00,8.412305199322061,8.531757010910216,8.397826547524152,8.51365852355957,186700,0.0,0.0
2013-04-11 00:00:00-04:00,8.560713014270256,8.567952683692267,8.339908620201953,8.365246772766113,226300,0.0,0.0
2013-04-12 00:00:00-04:00,8.267514212938487,8.300092038495231,8.158921921357974,8.278373718261719,146400,0.0,0.0
2013-04-15 00:00:00-04:00,8.169780954913834,8.169780954913834,7.829524040222168,7.829524040222168,463200,0.0,0.0
2013-04-16 00:00:00-04:00,8.00689348384215,8.043090459450497,7.945357658729685,8.03585147857666,152800,0.0,0.0
2013-04-17 00:00:00-04:00,7.999653823659406,7.999653823659406,7.858482995021291,7.927258491516113,178100,0.0,0.0
2013-04-18 00:00:00-04:00,7.927256671761658,8.108244270159927,7.905538353269476,8.101004600524902,192300,0.0,0.0
2013-04-19 00:00:00-04:00,8.329051654170414,8.372488303113117,8.25303648290105,8.361629486083984,358100,0.0,0.0
2013-04-22 00:00:00-04:00,8.361628533660737,8.448502512063936,8.303712548058604,8.325430870056152,225600,0.0,0.0
2013-04-23 00:00:00-04:00,8.101007123066763,8.263896288511804,8.090148305645835,8.242177963256836,259200,0.0,0.0
2013-04-24 00:00:00-04:00,8.253033936357914,8.336288753566448,8.253033936357914,8.267513275146484,167000,0.0,0.0
2013-04-25 00:00:00-04:00,8.321810117987505,8.408684086821333,8.253034633755876,8.376106262207031,162600,0.0,0.0
2013-04-26 00:00:00-04:00,8.325430540914718,8.33629004669067,8.22045738965278,8.260274887084961,97100,0.0,0.0
2013-04-29 00:00:00-04:00,8.260274212119718,8.27837338693405,8.234936057792577,8.249415397644043,51200,0.0,0.0
2013-04-30 00:00:00-04:00,8.23855654916995,8.25303519976209,8.184260401226707,8.198739051818848,111600,0.0,0.0
2013-05-01 00:00:00-04:00,8.169781009753748,8.180640515440507,8.043089538393486,8.086526870727539,89200,0.0,0.0
2013-05-02 00:00:00-04:00,8.104625699792047,8.19873934849191,8.097386719440522,8.177021026611328,105200,0.0,0.0
2013-05-03 00:00:00-04:00,8.238556007273246,8.488319099879392,8.227696502233696,8.47383975982666,251200,0.0,0.0
2013-05-06 00:00:00-04:00,8.437641526789776,8.593290969715955,8.401443869530427,8.58967113494873,210600,0.0,0.0
2013-05-07 00:00:00-04:00,8.553473789177222,8.640348445928486,8.535375305094906,8.593291282653809,120500,0.0,0.0
2013-05-08 00:00:00-04:00,8.596913325181996,8.622251485569068,8.535377496922063,8.571575164794922,211800,0.0,0.0
2013-05-09 00:00:00-04:00,8.55709325763964,8.593290914667106,8.4267826589188,8.549854278564453,97000,0.0,0.0
2013-05-10 00:00:00-04:00,8.560714114716761,8.615010261535645,8.52813628854284,8.615010261535645,87100,0.0,0.0
2013-05-13 00:00:00-04:00,8.55709387815934,8.55709387815934,8.473839744247995,8.484699249267578,100500,0.0,0.0
2013-05-14 00:00:00-04:00,8.437642115659694,8.502797765191211,8.426783301013065,8.462980270385742,96600,0.0,0.0
2013-05-15 00:00:00-04:00,8.47022116105282,8.47022116105282,8.379727343754363,8.42678451538086,87800,0.0,0.0
2013-05-16 00:00:00-04:00,8.466600453460506,8.567953766944186,8.452121803198816,8.553474426269531,256200,0.0,0.0
2013-05-17 00:00:00-04:00,8.662066810242024,8.752560611953013,8.625869151475046,8.716362953186035,506600,0.0,0.0
2013-05-20 00:00:00-04:00,8.795999218880867,9.027663872593422,8.759802242425126,9.024044036865234,290500,0.0,0.0
2013-05-21 00:00:00-04:00,8.955267921165019,9.013183907995128,8.90459160529193,8.980606079101562,167600,0.0,0.0
2013-05-22 00:00:00-04:00,8.976986172975295,9.002325021125449,8.738082556577984,8.745322227478027,170600,0.0,0.0
2013-05-23 00:00:00-04:00,8.488320702998745,8.629490843109851,8.43040471267557,8.567955017089844,169400,0.0,0.0
2013-05-24 00:00:00-04:00,8.444881458377635,8.553473743112525,8.444881458377635,8.470219612121582,116100,0.0,0.0
2013-05-28 00:00:00-04:00,8.640349774267095,8.890112206982662,8.640349774267095,8.80685806274414,252100,0.0,0.0
2013-05-29 00:00:00-04:00,8.723603608582312,8.843055412719522,8.701885287033635,8.839435577392578,113300,0.0,0.0
2013-05-30 00:00:00-04:00,8.78875830017297,8.85029411315918,8.756180476214805,8.85029411315918,129600,0.0,0.0
2013-05-31 00:00:00-04:00,8.759799987171018,8.810476293492645,8.687404672071928,8.738080978393555,212600,0.0,0.0
2013-06-03 00:00:00-04:00,8.698266381336035,8.777900695800781,8.687406874194588,8.777900695800781,215600,0.0,0.0
2013-06-04 00:00:00-04:00,8.687405271276239,8.727222766368396,8.618629786229679,8.647587776184082,115800,0.0,0.0
2013-06-05 00:00:00-04:00,8.578814467932471,8.61139229857729,8.325431494120112,8.332671165466309,193100,0.0,0.0
2013-06-06 00:00:00-04:00,8.325430225865706,8.361627886669451,8.166160932576995,8.256654739379883,338600,0.0,0.0
2013-06-07 00:00:00-04:00,8.23855620317821,8.267514193559332,8.195118872400052,8.216837882995605,128900,0.0,0.0
2013-06-10 00:00:00-04:00,8.180642111011238,8.195120764337888,8.057570450875723,8.093768119812012,197900,0.0,0.0
2013-06-11 00:00:00-04:00,7.999652622804976,8.021370943022532,7.767988008970217,7.7933268547058105,303300,0.0,0.0
2013-06-12 00:00:00-04:00,7.78608767801534,7.836763991872731,7.728171693488894,7.746270179748535,137700,0.0,0.0
2013-06-13 00:00:00-04:00,7.619577825942915,7.894679065923209,7.550803033757529,7.858481407165527,253100,0.0,0.0
2013-06-14 00:00:00-04:00,7.818667410985911,7.818667410985911,7.67749656018865,7.695595741271973,127400,0.0,0.0
2013-06-17 00:00:00-04:00,7.695594284092444,7.760749942828695,7.608720302581787,7.608720302581787,236000,0.0,0.0
2013-06-18 00:00:00-04:00,7.637678311032551,7.691974463278973,7.58338215878613,7.634058475494385,106700,0.0,0.0
2013-06-19 00:00:00-04:00,7.583382438144029,7.594241254745512,7.315520121756465,7.3191399574279785,353900,0.0,0.0
2013-06-20 00:00:00-04:00,7.181589895227907,7.196068547987287,6.844952761012054,6.866671085357666,613000,0.0,0.0
2013-06-21 00:00:00-04:00,6.96802444413038,7.072997611310366,6.96078477251526,7.01508092880249,392300,0.0,0.0
2013-06-24 00:00:00-04:00,6.692922728447097,6.783416546879988,6.591569403253563,6.638626575469971,821100,0.0,0.0
2013-06-25 00:00:00-04:00,6.73635967081973,7.047657918528749,6.714640658569587,7.007841110229492,527000,0.0,0.0
2013-06-26 00:00:00-04:00,6.93544527523954,6.964403265704327,6.873909459200249,6.920966625213623,416900,0.0,0.0
2013-06-27 00:00:00-04:00,6.95716374355587,6.9933614050104955,6.892008781433105,6.8920087814331055,153500,0.0,0.0
2013-06-28 00:00:00-04:00,6.91734811632528,7.040419771999648,6.826854292471367,6.953545093536377,272000,0.0,0.0
2013-07-01 00:00:00-04:00,7.004221159209324,7.130912633591373,7.004221159209324,7.0512776374816895,197000,0.0,0.0
2013-07-02 00:00:00-04:00,7.076615259065006,7.101954104355411,6.899247484509813,6.939064979553223,124600,0.0,0.0
2013-07-03 00:00:00-04:00,6.794274708797671,6.978882144709568,6.794274708797671,6.9463043212890625,47000,0.0,0.0
2013-07-05 00:00:00-04:00,6.975263151400126,7.007840978751125,6.8883891752684585,6.989741802215576,202800,0.0,0.0
2013-07-08 00:00:00-04:00,6.913726664364572,7.011460136979701,6.913726664364572,6.978882312774658,149600,0.0,0.0
2013-07-09 00:00:00-04:00,7.025938617198683,7.029558452069063,6.939064651548304,6.9463043212890625,172400,0.0,0.0
2013-07-10 00:00:00-04:00,7.058516669389596,7.091094493865968,6.986121350461454,7.091094493865967,308700,0.0,0.0
2013-07-11 00:00:00-04:00,7.398773903474512,7.5218455370565716,7.34447775699136,7.496506690979004,287100,0.0,0.0
2013-07-12 00:00:00-04:00,7.395153832777866,7.442210307454349,7.340857688024097,7.362576007843018,107000,0.0,0.0
2013-07-15 00:00:00-04:00,7.438592073415989,7.456691252504672,7.373437099935994,7.4313530921936035,164200,0.0,0.0
2013-07-16 00:00:00-04:00,7.3806746747597245,7.420492170754455,7.351716684148908,7.384294509887695,51000,0.0,0.0
2013-07-17 00:00:00-04:00,7.358956800032544,7.384294957049762,7.221406508904935,7.225025653839111,104800,0.0,0.0
2013-07-18 00:00:00-04:00,7.235884813641095,7.235884813641095,7.167109326161722,7.2069268226623535,93500,0.0,0.0
2013-07-19 00:00:00-04:00,7.174348633131928,7.19968678765334,7.141770808629277,7.163489818572998,54500,0.0,0.0
2013-07-22 00:00:00-04:00,7.152630675878833,7.235884813641095,7.1453910055309064,7.2069268226623535,152700,0.0,0.0
2013-07-23 00:00:00-04:00,7.308279593977893,7.44582986831665,7.308279593977893,7.44582986831665,186600,0.0,0.0
2013-07-24 00:00:00-04:00,7.445829675427238,7.445829675427238,7.308279404651818,7.351716041564941,147300,0.0,0.0
2013-07-25 00:00:00-04:00,7.377054657584651,7.384294327661937,7.28656085285739,7.362576007843018,69100,0.0,0.0
2013-07-26 00:00:00-04:00,7.2901810133289375,7.35895650130741,7.286561178128705,7.355336666107178,90900,0.0,0.0
2013-07-29 00:00:00-04:00,7.239505610599506,7.261223934115649,7.159871297431612,7.170730113983154,279900,0.0,0.0
2013-07-30 00:00:00-04:00,7.239504000812981,7.239504000812981,7.1490102008028185,7.1743483543396,159100,0.0,0.0
2013-07-31 00:00:00-04:00,7.221406327874379,7.221406327874379,7.130912517702585,7.167109489440918,159400,0.0,0.0
2013-08-01 00:00:00-04:00,7.275702656880296,7.326378970904937,7.250364499867976,7.297420978546143,185200,0.0,0.0
2013-08-02 00:00:00-04:00,7.275702525618861,7.3336185092915835,7.275702525618861,7.315519332885742,55600,0.0,0.0
2013-08-05 00:00:00-04:00,7.366195380811247,7.3734350504343995,7.301039735028665,7.351716041564941,130000,0.0,0.0
2013-08-06 00:00:00-04:00,7.384294327661937,7.38791416270058,7.315518842753596,7.362576007843018,235400,0.0,0.0
2013-08-07 00:00:00-04:00,7.286559894898923,7.32999721923903,7.239503426408919,7.29017972946167,143600,0.0,0.0
2013-08-08 00:00:00-04:00,7.340858474811966,7.380675283678698,7.308280646385448,7.366196632385254,180800,0.0,0.0
2013-08-09 00:00:00-04:00,7.366196189275124,7.416872501373291,7.355336683648529,7.416872501373291,104300,0.0,0.0
2013-08-12 00:00:00-04:00,7.568902102044128,7.767988204956054,7.561662431651302,7.767988204956055,376800,0.0,0.0
2013-08-13 00:00:00-04:00,7.804185264235464,7.9200172199297105,7.673874659285895,7.858481407165527,210600,0.0,0.0
2013-08-14 00:00:00-04:00,7.847623998364064,7.956216303673451,7.789708010143985,7.941737651824951,178600,0.0,0.0
2013-08-15 00:00:00-04:00,7.854862329980225,7.8693409793596345,7.684733539484938,7.6919732093811035,158600,0.0,0.0
2013-08-16 00:00:00-04:00,7.710072516816258,7.818665505613089,7.710072516816258,7.746270179748535,115800,0.0,0.0
2013-08-19 00:00:00-04:00,7.836763991872731,7.836763991872731,7.72093202281984,7.746270179748535,62500,0.0,0.0
2013-08-20 00:00:00-04:00,7.637678826657705,7.710073471069336,7.547185003333356,7.710073471069336,141300,0.0,0.0
2013-08-21 00:00:00-04:00,7.659397090879462,7.659397090879462,7.521846784286795,7.547184944152832,85000,0.0,0.0
2013-08-22 00:00:00-04:00,7.612340525796664,7.800567150115967,7.612340525796664,7.800567150115967,119400,0.0,0.0
2013-08-23 00:00:00-04:00,7.767988452424725,7.767988452424725,7.5906206646278145,7.706453323364258,115400,0.0,0.0
2013-08-26 00:00:00-04:00,7.818665504455567,7.847623496714503,7.760749519937695,7.818665504455566,102600,0.0,0.0
2013-08-27 00:00:00-04:00,7.771607235033329,7.782466739497551,7.6811134357368465,7.775227069854736,97400,0.0,0.0
2013-08-28 00:00:00-04:00,7.691972768761688,7.844002375807846,7.6847330992802325,7.82590389251709,126000,0.0,0.0
2013-08-29 00:00:00-04:00,7.811425967081318,7.851243466021671,7.757129816970932,7.764369487762451,69600,0.0,0.0
2013-08-30 00:00:00-04:00,7.75351031597925,7.775228638877501,7.663016498421329,7.68473482131958,98900,0.0,0.0
2013-09-03 00:00:00-04:00,7.898299364065514,7.927257354687426,7.7969467420953045,7.8693413734436035,102100,0.0,0.0
2013-09-04 00:00:00-04:00,7.880201828039488,7.941737651824951,7.876581992474103,7.941737651824951,63000,0.0,0.0
2013-09-05 00:00:00-04:00,7.941737651824951,7.9670758103696055,7.887441499170258,7.941737651824951,83700,0.0,0.0
2013-09-06 00:00:00-04:00,7.977935164403075,8.01775197403431,7.927258157870462,8.006893157958984,114100,0.0,0.0
2013-09-09 00:00:00-04:00,8.198739376158866,8.343529339873022,8.173401218810513,8.33629035949707,328300,0.0,0.0
2013-09-10 00:00:00-04:00,8.339910590481136,8.52813720703125,8.339910590481136,8.52813720703125,324900,0.0,0.0
2013-09-11 00:00:00-04:00,8.437641788618533,8.473839447001133,8.307331185019247,8.470219612121582,219300,0.0,0.0
2013-09-12 00:00:00-04:00,8.506417289697334,8.560713432187288,8.437641807656506,8.49555778503418,502300,0.0,0.0
2013-09-13 00:00:00-04:00,8.444879192094959,8.466597505130991,8.343525913905607,8.415921211242676,117000,0.0,0.0
2013-09-16 00:00:00-04:00,8.437641395747587,8.491937535586912,8.343527764500083,8.365246772766113,135400,0.0,0.0
2013-09-17 00:00:00-04:00,8.245796505252407,8.271134662475934,8.017751709414657,8.043089866638184,365100,0.0,0.0
2013-09-18 00:00:00-04:00,8.010512095442177,8.314571365105769,8.010512095442177,8.289233207702637,239200,0.0,0.0
2013-09-19 00:00:00-04:00,8.256653451130108,8.256653451130108,8.187878665787872,8.22769546508789,62700,0.0,0.0
2013-09-20 00:00:00-04:00,8.202359152281895,8.205978987650218,8.1046256685762,8.126344680786133,79800,0.0,0.0
2013-09-23 00:00:00-04:00,8.18064053311043,8.234936680835542,8.158922212102981,8.184260368347168,106200,0.0,0.0
2013-09-24 00:00:00-04:00,8.144440627290646,8.19149709157781,8.10824297530902,8.119102478027344,60300,0.0,0.0
2013-09-25 00:00:00-04:00,8.10824552158829,8.148063020313478,8.064808877899907,8.0792875289917,58300,0.0,0.0
2013-09-26 00:00:00-04:00,7.999652895998114,8.061188714060137,7.999652895998114,8.050329208374023,135800,0.0,0.0
2013-09-27 00:00:00-04:00,8.006893157958984,8.035851151514896,7.981554309486166,8.006893157958984,32600,0.0,0.0
2013-09-30 00:00:00-04:00,7.9670764607255355,8.03947110670372,7.941738300112516,7.999654293060303,113000,0.0,0.0
2013-10-01 00:00:00-04:00,8.043089537916615,8.158922193996228,8.021371216957364,8.050329208374023,80500,0.0,0.0
2013-10-02 00:00:00-04:00,8.024991674612048,8.068429010312567,8.0105123325742,8.05756950378418,86700,0.0,0.0
2013-10-03 00:00:00-04:00,8.079287199790683,8.140823017852707,7.999652895998114,8.050329208374023,55900,0.0,0.0
2013-10-04 00:00:00-04:00,8.07928721692568,8.13358336464545,8.061188731156749,8.111865043640137,57400,0.0,0.0
2013-10-07 00:00:00-04:00,8.050329224641162,8.079287216116336,8.006892582634888,8.039469718933105,62400,0.0,0.0
2013-10-08 00:00:00-04:00,8.129962597785875,8.177019760053513,8.119103783734031,8.173399925231934,292200,0.0,0.0
2013-10-09 00:00:00-04:00,8.184260055740564,8.209598211016933,8.148062395168774,8.18064022064209,86800,0.0,0.0
2013-10-10 00:00:00-04:00,8.209598869181034,8.267514854573848,8.195119527626328,8.238556861877441,98500,0.0,0.0
2013-10-11 00:00:00-04:00,8.256653175975565,8.321808815002441,8.242174528643384,8.321808815002441,46400,0.0,0.0
2013-10-14 00:00:00-04:00,8.234936439342057,8.4231637236547,8.231316604211473,8.354388236999512,68100,0.0,0.0
2013-10-15 00:00:00-04:00,8.379727021521253,8.379727021521253,8.289233207702637,8.289233207702637,168400,0.0,0.0
2013-10-16 00:00:00-04:00,8.209598212797088,8.234936368078952,8.184260057515225,8.216837882995605,180800,0.0,0.0
2013-10-17 00:00:00-04:00,8.198739365264434,8.213218706823112,8.144443215245397,8.16616153717041,117100,0.0,0.0
2013-10-18 00:00:00-04:00,8.187879892614484,8.249415708475986,8.184260057515225,8.216837882995605,62200,0.0,0.0
2013-10-21 00:00:00-04:00,8.307332706785614,8.405065504784888,8.307332706785614,8.390586853027344,212200,0.0,0.0
2013-10-22 00:00:00-04:00,8.365247450331767,8.42678326457736,8.361627615327563,8.412303924560547,110800,0.0,0.0
2013-10-23 00:00:00-04:00,8.307331689238232,8.307331689238232,8.205978377697829,8.216837882995605,184900,0.0,0.0
2013-10-24 00:00:00-04:00,8.180640565975427,8.220457372913549,8.162541389719028,8.198739051818848,66800,0.0,0.0
2013-10-25 00:00:00-04:00,8.166162439654055,8.169782275443772,7.348098192331456,8.064809799194336,154600,0.0,0.0
2013-10-28 00:00:00-04:00,8.064808565585237,8.082907051352356,8.024991068402006,8.039469718933105,71100,0.0,0.0
2013-10-29 00:00:00-04:00,8.028610887414773,8.079287199790683,8.01775138172866,8.050329208374023,83800,0.0,0.0
2013-10-30 00:00:00-04:00,8.15168315579111,8.198739636588062,8.035851181140435,8.05756950378418,122500,0.0,0.0
2013-10-31 00:00:00-04:00,8.02137025182868,8.093765566866235,7.99965193348257,8.061187744140625,81000,0.0,0.0
2013-11-01 00:00:00-04:00,8.108244549055494,8.155301712888871,8.0901460647583,8.0901460647583,64600,0.0,0.0
2013-11-04 00:00:00-05:00,8.166161489011674,8.166161489011674,8.101005833207877,8.126344680786133,106400,0.0,0.0
2013-11-05 00:00:00-05:00,8.119105980820663,8.137204469413243,8.090147984824688,8.115486145019531,84800,0.0,0.0
2013-11-06 00:00:00-05:00,8.115485192340689,8.129963843432481,8.0756676936155,8.0792875289917,40700,0.0,0.0
2013-11-07 00:00:00-05:00,8.035851125710348,8.072048099729232,7.8657223100042915,7.883821487426758,236300,0.0,0.0
2013-11-08 00:00:00-05:00,7.891059564917562,7.923637390136719,7.840383254760182,7.923637390136719,221900,0.0,0.0
2013-11-11 00:00:00-05:00,8.028610887890787,8.086526870727539,8.00327273170133,8.086526870727539,183100,0.0,0.0
2013-11-12 00:00:00-05:00,8.086526556225492,8.086526556225492,8.035850245817485,8.046709060668945,109000,0.0,0.0
2013-11-13 00:00:00-05:00,7.941737977146367,7.98879446059789,7.927258634291704,7.970695972442627,137100,0.0,0.0
2013-11-14 00:00:00-05:00,7.99965289647241,8.133583347877535,7.99965289647241,8.086526870727539,80000,0.0,0.0
2013-11-15 00:00:00-05:00,8.224076687327301,8.538995430114806,8.198738532586006,8.535375595092773,442200,0.0,0.0
2013-11-18 00:00:00-05:00,8.890113811680502,8.951649644706203,8.832197814763742,8.900973320007324,545300,0.0,0.0
2013-11-19 00:00:00-05:00,8.868393221878788,8.868393221878788,8.698265110660802,8.785139083862305,280800,0.0,0.0
2013-11-20 00:00:00-05:00,8.85753595112369,8.868395459418647,8.69826730527649,8.727225303649902,289100,0.0,0.0
2013-11-21 00:00:00-05:00,8.687405298106995,8.82133643356784,8.66930681323445,8.817716598510742,106700,0.0,0.0
2013-11-22 00:00:00-05:00,8.817717240682102,8.817717240682102,8.698265436750285,8.74170207977295,122700,0.0,0.0
2013-11-25 00:00:00-05:00,8.759801826930191,8.759801826930191,8.607772185622707,8.6113920211792,56400,0.0,0.0
2013-11-26 00:00:00-05:00,8.651209193875122,8.654829029583249,8.560715372411128,8.618631362915039,102800,0.0,0.0
2013-11-27 00:00:00-05:00,8.669307754266619,8.759801569278116,8.669307754266619,8.745322227478027,152600,0.0,0.0
2013-11-29 00:00:00-05:00,8.774279301674047,8.853913601994826,8.759800651803427,8.832195281982422,67200,0.0,0.0
2013-12-02 00:00:00-05:00,8.774281485677648,8.806859319011664,8.687407493591309,8.687407493591309,142200,0.0,0.0
2013-12-03 00:00:00-05:00,8.68016718479975,8.74170301098111,8.615011522912067,8.654829025268555,89900,0.0,0.0
2013-12-04 00:00:00-05:00,8.759801302420865,8.955267577876276,8.756181467081118,8.926309585571289,347200,0.0,0.0
2013-12-05 00:00:00-05:00,8.922689781933348,9.024043100567402,8.91906994658074,8.976985931396484,243600,0.0,0.0
2013-12-06 00:00:00-05:00,8.991464286692777,9.013182606013535,8.922688803361968,8.998703956604004,106200,0.0,0.0
2013-12-09 00:00:00-05:00,9.04576240860749,9.16159439086914,9.009564741547457,9.16159439086914,239800,0.0,0.0
2013-12-10 00:00:00-05:00,9.125396099643618,9.1905517578125,9.114537283557489,9.1905517578125,109400,0.0,0.0
2013-12-11 00:00:00-05:00,9.05662124332422,9.05662124332422,8.958887756643529,8.980606079101562,243200,0.0,0.0
2013-12-12 00:00:00-05:00,8.962508850656686,8.976987504190825,8.89011351174663,8.922691345214844,110500,0.0,0.0
2013-12-13 00:00:00-05:00,9.049380926267526,9.063860267147781,8.951647446564724,8.984225273132324,171300,0.0,0.0
2013-12-16 00:00:00-05:00,8.937169091590532,8.951647742536528,8.868393600961316,8.926309585571289,210000,0.0,0.0
2013-12-17 00:00:00-05:00,8.872012743541323,8.87563257859842,8.799617423225254,8.817716598510742,122700,0.0,0.0
2013-12-18 00:00:00-05:00,8.8502941626525,8.872012481941757,8.723602701041466,8.853913307189941,214100,0.0,0.0
2013-12-19 00:00:00-05:00,8.73446399641917,8.777901337748562,8.68740750952435,8.77428150177002,126200,0.0,0.0
2013-12-20 00:00:00-05:00,8.716364191647461,8.73808251382832,8.578813897284656,8.596912384033203,295500,0.0,0.0
2013-12-23 00:00:00-05:00,8.615011145462976,8.615011145462976,8.452122688293457,8.452122688293457,207300,0.0,0.0
2013-12-24 00:00:00-05:00,8.507406460124034,8.62016010504078,8.49649530939955,8.561964988708496,112300,0.112,0.0
2013-12-26 00:00:00-05:00,8.51468176290353,8.51468176290353,8.420114517211914,8.420114517211914,109500,0.0,0.0
2013-12-27 00:00:00-05:00,8.474671394667004,8.641982869969787,8.474671394667004,8.623796463012695,260200,0.0,0.0
2013-12-30 00:00:00-05:00,8.649259486965661,8.649259486965661,8.558329511805663,8.58015251159668,130000,0.0,0.0
2013-12-31 00:00:00-05:00,8.656533272895116,8.667445119554007,8.609249991521216,8.660170555114746,103800,0.0,0.0
2014-01-02 00:00:00-05:00,8.62016191262521,8.634710347888726,8.460124962282606,8.489222526550293,88300,0.0,0.0
2014-01-03 00:00:00-05:00,8.438299136081076,8.460122128536995,8.31827163696289,8.31827163696289,253400,0.0,0.0
2014-01-06 00:00:00-05:00,8.278264089583331,8.292812523225463,8.190971406508815,8.194608688354492,180800,0.0,0.0
2014-01-07 00:00:00-05:00,8.227342572040413,8.300086119251416,8.205518883510665,8.281900405883789,158200,0.0,0.0
2014-01-08 00:00:00-05:00,8.292812551488721,8.318273524495234,8.205519868116696,8.227343559265137,122100,0.0,0.0
2014-01-09 00:00:00-05:00,8.198245015533674,8.252802849384544,8.16187289505293,8.223705291748047,159600,0.0,0.0
2014-01-10 00:00:00-05:00,8.198245938174654,8.238254650839659,8.147324686274672,8.190971374511719,144900,0.0,0.0
2014-01-13 00:00:00-05:00,8.154598171092681,8.158235452442941,8.070942781258154,8.118226051330566,239000,0.0,0.0
2014-01-14 00:00:00-05:00,8.183695792927825,8.23825362613258,8.147323672877826,8.212793350219727,78900,0.0,0.0
2014-01-15 00:00:00-05:00,8.220067880580443,8.238253593663524,8.180058479309082,8.180058479309082,110600,0.0,0.0
2014-01-16 00:00:00-05:00,8.17278491236646,8.17278491236646,8.0854922301989,8.096404075622559,169300,0.0,0.0
2014-01-17 00:00:00-05:00,8.06003189086914,8.114589730097348,8.049120045527273,8.06003189086914,146000,0.0,0.0
2014-01-21 00:00:00-05:00,8.121862408180615,8.14368540005761,8.06366730068169,8.092764854431152,155900,0.0,0.0
2014-01-22 00:00:00-05:00,8.256440917207593,8.29281234741211,8.205519666188257,8.29281234741211,322000,0.0,0.0
2014-01-23 00:00:00-05:00,8.220068991510722,8.289175959299008,8.176422302975862,8.256441116333008,286500,0.0,0.0
2014-01-24 00:00:00-05:00,8.238253527814408,8.249165371821329,8.03820791053756,8.085491180419922,275900,0.0,0.0
2014-01-27 00:00:00-05:00,8.049120177271943,8.136413553954535,7.96910205801024,8.045483589172363,287600,0.0,0.0
2014-01-28 00:00:00-05:00,8.06730752807614,8.125502656829928,8.06730752807614,8.103679656982422,97700,0.0,0.0
2014-01-29 00:00:00-05:00,8.110952577143017,8.118227140819805,8.038209021596877,8.074581146240234,111800,0.0,0.0
2014-01-30 00:00:00-05:00,8.12913901052032,8.13641357421875,8.038209045511682,8.13641357421875,139700,0.0,0.0
2014-01-31 00:00:00-05:00,7.994561292585268,8.07458009513233,7.994561292585268,8.063668251037598,172700,0.0,0.0
2014-02-03 00:00:00-05:00,8.020021892102255,8.078217008808718,7.809064420606202,7.81270170211792,257000,0.0,0.0
2014-02-04 00:00:00-05:00,7.830888765309384,7.9763765692563515,7.830888765309384,7.950916290283203,56400,0.0,0.0
2014-02-05 00:00:00-05:00,7.896358553309483,7.929093399217185,7.841800708043528,7.903633117675781,152900,0.0,0.0
2014-02-06 00:00:00-05:00,7.969101895860523,8.067306422324808,7.965464614094376,8.056394577026367,92900,0.0,0.0
2014-02-07 00:00:00-05:00,8.103679656982422,8.154600221206822,8.085493245658954,8.103679656982422,138800,0.0,0.0
2014-02-10 00:00:00-05:00,8.220067879934913,8.401927785713383,8.20915603584163,8.354643821716309,498500,0.0,0.0
2014-02-11 00:00:00-05:00,8.398290754859595,8.685629053815472,8.398290754859595,8.674717903137207,270500,0.0,0.0
2014-02-12 00:00:00-05:00,8.638344726735099,8.711088959824826,8.543777501214622,8.576512336730957,76700,0.0,0.0
2014-02-13 00:00:00-05:00,8.543779376977168,8.551053940631334,8.47467240974373,8.514681816101074,87100,0.0,0.0
2014-02-14 00:00:00-05:00,8.5510549016864,8.671082440507782,8.5510549016864,8.634710311889648,110900,0.0,0.0
2014-02-18 00:00:00-05:00,8.6710796332784,8.681991476453366,8.601972680651128,8.641982078552246,197800,0.0,0.0
2014-02-19 00:00:00-05:00,8.692903618728621,8.71836389530434,8.591062512425745,8.616522789001465,113900,0.0,0.0
2014-02-20 00:00:00-05:00,8.623797560747866,8.623797560747866,8.511044598223382,8.521956443786621,105600,0.0,0.0
2014-02-21 00:00:00-05:00,8.481946859246374,8.49285870458077,8.383742332458496,8.383742332458496,124600,0.0,0.0
2014-02-24 00:00:00-05:00,8.296448707907452,8.318272396095441,8.209156036376953,8.209156036376953,120500,0.0,0.0
2014-02-25 00:00:00-05:00,8.118227116294168,8.118227116294168,8.00547415460691,8.012748718261719,130500,0.0,0.0
2014-02-26 00:00:00-05:00,8.089128396294289,8.121863234309664,8.049118995666504,8.049118995666504,82600,0.0,0.0
2014-02-27 00:00:00-05:00,8.096403218063315,8.18005860956233,8.056393816154873,8.165510177612305,171700,0.0,0.0
2014-02-28 00:00:00-05:00,8.187332077552005,8.198243920360705,8.081853011622453,8.092764854431152,107500,0.0,0.0
2014-03-03 00:00:00-05:00,8.18005751567954,8.18005751567954,8.056392738809224,8.092764854431152,94900,0.0,0.0
2014-03-04 00:00:00-05:00,8.165510080221729,8.19824491889448,8.100040402876232,8.154598236083984,114900,0.0,0.0
2014-03-05 00:00:00-05:00,8.110953818136396,8.110953818136396,7.93273114323012,7.961828708648682,249300,0.0,0.0
2014-03-06 00:00:00-05:00,7.9727383302334385,8.114588835333594,7.9727383302334385,8.067305564880371,117000,0.0,0.0
2014-03-07 00:00:00-05:00,8.041845770185384,8.060031484430892,7.976376088916709,7.980013370513916,75700,0.0,0.0
2014-03-10 00:00:00-04:00,7.8563503708419224,7.87817337168368,7.634480998771884,7.699950695037842,409800,0.0,0.0
2014-03-11 00:00:00-04:00,7.707224236696341,7.790879640267653,7.659940265119098,7.72177267074585,143600,0.0,0.0
2014-03-12 00:00:00-04:00,7.659940443641125,7.801791667938232,7.659940443641125,7.801791667938232,116500,0.0,0.0
2014-03-13 00:00:00-04:00,7.809066447686886,7.910908275229595,7.7035880314289855,7.73632287979126,213700,0.0,0.0
2014-03-14 00:00:00-04:00,7.703586895590403,7.758144736903134,7.678126615893834,7.685400485992432,139800,0.0,0.0
2014-03-17 00:00:00-04:00,7.71813503351469,7.819976842135618,7.71813503351469,7.794516563415527,113500,0.0,0.0
2014-03-18 00:00:00-04:00,7.81270170211792,7.8563483865180235,7.776329580741253,7.81270170211792,71900,0.0,0.0
2014-03-19 00:00:00-04:00,7.783605016599703,7.783605016599703,7.674489333974241,7.685400485992432,79700,0.0,0.0
2014-03-20 00:00:00-04:00,7.609020100046878,7.667215226744929,7.554462255485033,7.623568534851074,173600,0.0,0.0
2014-03-21 00:00:00-04:00,7.856348387815396,7.889083227685751,7.78360414505005,7.783604145050049,256200,0.0,0.0
2014-03-24 00:00:00-04:00,7.845437011697512,7.925455822265094,7.772693458329457,7.899994850158691,251100,0.0,0.0
2014-03-25 00:00:00-04:00,7.954553099028053,7.980013376487033,7.889083417710373,7.892720699310303,56900,0.0,0.0
2014-03-26 00:00:00-04:00,7.914544496618458,7.958190492756275,7.819977246665721,7.845437526702881,45300,0.0,0.0
2014-03-27 00:00:00-04:00,7.8090644218957666,7.838161980253803,7.78360414505005,7.783604145050049,65500,0.0,0.0
2014-03-28 00:00:00-04:00,7.81270179409882,7.947278436654739,7.81270179409882,7.9109063148498535,144600,0.0,0.0
2014-03-31 00:00:00-04:00,7.943642058623869,7.943642058623869,7.819977246665721,7.845437526702881,116600,0.0,0.0
2014-04-01 00:00:00-04:00,7.903631751740773,7.932729310436576,7.852711197458246,7.9109063148498535,120200,0.0,0.0
2014-04-02 00:00:00-04:00,7.961827434592266,8.009111404418945,7.918181440319023,8.009111404418945,77600,0.0,0.0
2014-04-03 00:00:00-04:00,7.980013826205763,7.980013826205763,7.798153898403612,7.8890838623046875,187100,0.0,0.0
2014-04-04 00:00:00-04:00,7.954553835079908,7.983651396831278,7.8527120220798174,7.867260456085205,84600,0.0,0.0
2014-04-07 00:00:00-04:00,7.914543924033603,7.961827198718919,7.776329994201661,7.77632999420166,121200,0.0,0.0
2014-04-08 00:00:00-04:00,7.9400034275858244,8.001835823059082,7.9400034275858244,8.001835823059082,115000,0.0,0.0
2014-04-09 00:00:00-04:00,8.0309342885796,8.14368724822998,8.00183672822658,8.14368724822998,127000,0.0,0.0
2014-04-10 00:00:00-04:00,8.256440977484857,8.463761183622646,8.256440977484857,8.329184532165527,650700,0.0,0.0
2014-04-11 00:00:00-04:00,8.25644109647374,8.405566183519902,8.201882562501249,8.401928901672363,203600,0.0,0.0
2014-04-14 00:00:00-04:00,8.387379656996162,8.420114499425672,8.289175823448197,8.300086975097656,165700,0.0,0.0
2014-04-15 00:00:00-04:00,8.238253528309514,8.238253528309514,8.107314868920998,8.201881408691406,163500,0.0,0.0
2014-04-16 00:00:00-04:00,8.220068967533654,8.249166528558492,8.190971406508815,8.194608688354492,95400,0.0,0.0
2014-04-17 00:00:00-04:00,8.18733294390754,8.18733294390754,8.11095142364502,8.11095142364502,84600,0.0,0.0
2014-04-21 00:00:00-04:00,8.067305434060229,8.067305434060229,7.961826356985093,7.965463638305664,125000,0.0,0.0
2014-04-22 00:00:00-04:00,7.969101948413282,7.990924945413517,7.885446548461914,7.885446548461914,150600,0.0,0.0
2014-04-23 00:00:00-04:00,7.830889024201439,7.910907145582557,7.830889024201439,7.867260456085205,186200,0.0,0.0
2014-04-24 00:00:00-04:00,7.892720954200527,7.899994823894762,7.794516429052557,7.838162422180176,145800,0.0,0.0
2014-04-25 00:00:00-04:00,7.754507973823524,7.809065818786621,7.750870691660566,7.809065818786621,69700,0.0,0.0
2014-04-28 00:00:00-04:00,7.754507196575538,7.769056323769086,7.681763641829503,7.739958763122559,132300,0.0,0.0
2014-04-29 00:00:00-04:00,7.819977373514811,7.8599867820739755,7.790879811037403,7.859986782073975,130700,0.0,0.0
2014-04-30 00:00:00-04:00,7.794515577218326,7.841798846895922,7.765418020399696,7.7908782958984375,62000,0.0,0.0
2014-05-01 00:00:00-04:00,7.7654180851789,7.841798912312296,7.7654180851789,7.8272504806518555,52900,0.0,0.0
2014-05-02 00:00:00-04:00,7.856346952064733,7.856346952064733,7.8054257139386625,7.841797828674316,42000,0.0,0.0
2014-05-05 00:00:00-04:00,7.7690568179813235,7.841800377354787,7.754507689862264,7.8308892250061035,115000,0.0,0.0
2014-05-06 00:00:00-04:00,7.805428606641583,7.838163452661214,7.776331042817539,7.787242889404297,93800,0.0,0.0
2014-05-07 00:00:00-04:00,7.7545076208593855,7.758144902856785,7.6672149341436295,7.674489498138428,80800,0.0,0.0
2014-05-08 00:00:00-04:00,7.692674193641419,7.7144971889895055,7.656302072234263,7.6672139167785645,79700,0.0,0.0
2014-05-09 00:00:00-04:00,7.656302615811848,7.6999493033473385,7.634479618914385,7.645391464233398,86300,0.0,0.0
2014-05-12 00:00:00-04:00,7.79087816629815,7.841798716448577,7.787240885038767,7.805426597595215,147800,0.0,0.0
2014-05-13 00:00:00-04:00,7.8163403831125375,7.8163403831125375,7.776330973060635,7.809065818786621,60300,0.0,0.0
2014-05-14 00:00:00-04:00,7.838162557295521,7.841799839075615,7.7908792816354335,7.794516563415527,55800,0.0,0.0
2014-05-15 00:00:00-04:00,7.747232950637936,7.747232950637936,7.681763956804255,7.72177267074585,159600,0.0,0.0
2014-05-16 00:00:00-04:00,7.7108621840277625,7.769057312728748,7.7108621840277625,7.743597030639648,66600,0.0,0.0
2014-05-19 00:00:00-04:00,7.674489049887901,7.710861173996866,7.667214486317995,7.707223892211914,83200,0.0,0.0
2014-05-20 00:00:00-04:00,7.678127130421173,7.678127130421173,7.630843156038441,7.659940719604492,126500,0.0,0.0
2014-05-21 00:00:00-04:00,7.747231483459472,7.769055171011637,7.718133927130384,7.747231483459473,102700,0.0,0.0
2014-05-22 00:00:00-04:00,7.729045772369575,7.816338441373364,7.729045772369575,7.805426597595215,106600,0.0,0.0
2014-05-23 00:00:00-04:00,7.8127017636933145,7.8890832885603634,7.772693054230117,7.878171443939209,115100,0.0,0.0
2014-05-27 00:00:00-04:00,7.856347557311021,7.867258706954032,7.790877884491192,7.798152446746826,72500,0.0,0.0
2014-05-28 00:00:00-04:00,7.856348917468045,7.947278880184712,7.84179979043791,7.936367034912109,72000,0.0,0.0
2014-05-29 00:00:00-04:00,7.914544577133392,7.947279421440068,7.878172450821463,7.9436421394348145,82300,0.0,0.0
2014-05-30 00:00:00-04:00,7.95091657574473,7.983651419525647,7.914544450016978,7.929092884063721,95500,0.0,0.0
2014-06-02 00:00:00-04:00,7.907268652882447,8.070942846259925,7.907268652882447,8.067305564880371,101700,0.0,0.0
2014-06-03 00:00:00-04:00,8.023658914683574,8.041845321655273,7.983650206826818,8.041845321655273,102700,0.0,0.0
2014-06-04 00:00:00-04:00,7.950916187372574,8.012748589967295,7.899994936344793,7.998199462890625,295700,0.0,0.0
2014-06-05 00:00:00-04:00,8.04548339023042,8.100041229002546,8.005473984718599,8.081854820251465,217300,0.0,0.0
2014-06-06 00:00:00-04:00,8.030934263229554,8.100041229002546,8.023659699729121,8.081854820251465,147000,0.0,0.0
2014-06-09 00:00:00-04:00,8.089129607895865,8.140050166328747,8.085492326044863,8.107316017150879,82000,0.0,0.0
2014-06-10 00:00:00-04:00,8.14368741214012,8.180059536748606,8.074581138498628,8.132776260375977,107200,0.0,0.0
2014-06-11 00:00:00-04:00,8.147324730030753,8.150962011881756,8.078217762342856,8.107316017150879,64900,0.0,0.0
2014-06-12 00:00:00-04:00,8.10731490101398,8.136412458075553,8.07458006260215,8.089128494262695,33800,0.0,0.0
2014-06-13 00:00:00-04:00,8.150961999946945,8.194608688354492,8.140050154409913,8.194608688354492,72700,0.0,0.0
2014-06-16 00:00:00-04:00,8.220067913429482,8.241890907964486,8.14004911056699,8.154598236083984,78200,0.0,0.0
2014-06-17 00:00:00-04:00,8.14004914330002,8.16187283166327,8.103677716842254,8.129137992858887,47000,0.0,0.0
2014-06-18 00:00:00-04:00,8.049120165654285,8.132776260375977,8.049120165654285,8.132776260375977,38000,0.0,0.0
2014-06-19 00:00:00-04:00,8.056394557948487,8.056394557948487,7.918181319865001,7.936367034912109,187600,0.0,0.0
2014-06-20 00:00:00-04:00,7.918180910262006,7.943641187507137,7.9072690655538675,7.914543628692627,72900,0.0,0.0
2014-06-23 00:00:00-04:00,7.903631372640629,7.936366211320837,7.8999940912605515,7.921817779541016,87900,0.0,0.0
2014-06-24 00:00:00-04:00,7.929091648560682,7.972738331381122,7.907268654020706,7.921817779541016,107700,0.0,0.0
2014-06-25 00:00:00-04:00,7.914543725379506,7.940004002935669,7.907269162151879,7.925455570220947,38300,0.0,0.0
2014-06-26 00:00:00-04:00,7.954554017317238,7.961827887616278,7.936367607218113,7.947279453277588,24700,0.0,0.0
2014-06-27 00:00:00-04:00,8.027297415406473,8.027297415406473,7.929092884063721,7.929092884063721,37500,0.0,0.0
2014-06-30 00:00:00-04:00,7.929092627497305,7.9945623129406975,7.929092627497305,7.983651161193848,62700,0.0,0.0
2014-07-01 00:00:00-04:00,8.052756406942866,8.085491245486576,8.016384980774731,8.063668251037598,75000,0.0,0.0
2014-07-02 00:00:00-04:00,8.114589883123461,8.143687444176601,8.07821775837189,8.13641357421875,177600,0.0,0.0
2014-07-03 00:00:00-04:00,8.183697756476988,8.230981038268522,8.143688345448314,8.220069885253906,75000,0.0,0.0
2014-07-07 00:00:00-04:00,8.205519650697717,8.205519650697717,8.129138814923751,8.14368724822998,142000,0.0,0.0
2014-07-08 00:00:00-04:00,8.12913901052032,8.161873853422676,8.100041449467179,8.13641357421875,45700,0.0,0.0
2014-07-09 00:00:00-04:00,8.056394737048269,8.089129579853234,8.04184630343527,8.074581146240234,39100,0.0,0.0
2014-07-10 00:00:00-04:00,8.038208324425417,8.06366860134537,7.965464081447967,7.99092435836792,51200,0.0,0.0
2014-07-11 00:00:00-04:00,7.994561260358585,8.060030937182091,7.987286697658089,8.001835823059082,51300,0.0,0.0
2014-07-14 00:00:00-04:00,8.07458006260215,8.136412458075553,8.07458006260215,8.089128494262695,133300,0.0,0.0
2014-07-15 00:00:00-04:00,8.092765710779906,8.121863267608372,8.08549114813767,8.11095142364502,38300,0.0,0.0
2014-07-16 00:00:00-04:00,8.114589887112306,8.136413578218322,8.100041453448872,8.107316017150879,32300,0.0,0.0
2014-07-17 00:00:00-04:00,8.107316914868688,8.12186535014306,8.038209939528622,8.070944786071777,197400,0.0,0.0
2014-07-18 00:00:00-04:00,8.13641357421875,8.13641357421875,8.081855040221106,8.13641357421875,86700,0.0,0.0
2014-07-21 00:00:00-04:00,8.114590725671102,8.190972264954244,8.103679572731117,8.183697700500488,197500,0.0,0.0
2014-07-22 00:00:00-04:00,8.227344448141112,8.507408244064852,8.227344448141112,8.489222526550293,443300,0.0,0.0
2014-07-23 00:00:00-04:00,8.601974599824285,8.678356131609565,8.452849511864137,8.496496200561523,366500,0.0,0.0
2014-07-24 00:00:00-04:00,8.601975583806032,8.714728559706291,8.565603454687693,8.678357124328613,331200,0.0,0.0
2014-07-25 00:00:00-04:00,8.743826613012768,8.754737765874019,8.678356920882688,8.714728355407715,298200,0.0,0.0
2014-07-28 00:00:00-04:00,8.892950811903479,8.943871370062611,8.867489839083339,8.929322242736816,213900,0.0,0.0
2014-07-29 00:00:00-04:00,8.903861963657251,8.965694367310727,8.892950811903479,8.929322242736816,199100,0.0,0.0
2014-07-30 00:00:00-04:00,8.911135642102943,8.932958637183201,8.776559002670261,8.878400802612305,226300,0.0,0.0
2014-07-31 00:00:00-04:00,8.911137524763287,8.958420806383492,8.871128113879587,8.874765396118164,112000,0.0,0.0
2014-08-01 00:00:00-04:00,8.820205716629605,8.94023323059082,8.780196314062364,8.94023323059082,130200,0.0,0.0
2014-08-04 00:00:00-04:00,9.012977495174882,9.216660402519139,9.012977495174882,9.205748558044434,396600,0.0,0.0
2014-08-05 00:00:00-04:00,9.092996573762733,9.129368698805902,9.005703889903481,9.031164169311523,340100,0.0,0.0
2014-08-06 00:00:00-04:00,8.965694587101027,9.02025242842907,8.965694587101027,8.983880996704102,136300,0.0,0.0
2014-08-07 00:00:00-04:00,8.90749923250757,8.929322229723883,8.736551149122059,8.780197143554688,350600,0.0,0.0
2014-08-08 00:00:00-04:00,8.805657615643016,9.0093412399292,8.805657615643016,9.0093412399292,204200,0.0,0.0
2014-08-11 00:00:00-04:00,9.092996497331159,9.1330059039164,9.027526811551882,9.11118221282959,150500,0.0,0.0
2014-08-12 00:00:00-04:00,9.092995644861789,9.114818640162113,9.056623523534238,9.063898086547852,109600,0.0,0.0
2014-08-13 00:00:00-04:00,9.096633887824265,9.111182321648652,9.031164201263053,9.034801483154297,97700,0.0,0.0
2014-08-14 00:00:00-04:00,9.009340253919921,9.027525967718473,8.951145137275944,9.00570297241211,169300,0.0,0.0
2014-08-15 00:00:00-04:00,9.082083703021672,9.11118126102381,9.031163149953052,9.052986145019531,116000,0.0,0.0
2014-08-18 00:00:00-04:00,9.063898017720232,9.180288250092161,9.063898017720232,9.173013687133789,254200,0.0,0.0
2014-08-19 00:00:00-04:00,9.202111275432685,9.234846115112305,9.125730445340578,9.234846115112305,191300,0.0,0.0
2014-08-20 00:00:00-04:00,9.194840242899454,9.194840242899454,9.082086563110352,9.082086563110352,134700,0.0,0.0
2014-08-21 00:00:00-04:00,9.031163249226285,9.060260807548275,8.994791127888671,9.00570297241211,68400,0.0,0.0
2014-08-22 00:00:00-04:00,9.012978417651661,9.089359255570631,9.012978417651661,9.056624412536621,150800,0.0,0.0
2014-08-25 00:00:00-04:00,9.04207591882145,9.06026163427941,9.002066512325241,9.020252227783203,201100,0.0,0.0
2014-08-26 00:00:00-04:00,8.958420926235442,8.976607337671641,8.918412208557129,8.918412208557129,185200,0.0,0.0
2014-08-27 00:00:00-04:00,8.925685734990635,8.925685734990635,8.809294796558309,8.820206642150879,263200,0.0,0.0
2014-08-28 00:00:00-04:00,8.762010477751874,8.80201987975912,8.674717804614655,8.722001075744629,267200,0.0,0.0
2014-08-29 00:00:00-04:00,8.783833438872891,8.805656433638276,8.72200104225389,8.776558876037598,184200,0.0,0.0
2014-09-02 00:00:00-04:00,8.93295785180788,9.074809041709424,8.93295785180788,9.071171760559082,423900,0.0,0.0
2014-09-03 00:00:00-04:00,9.234847187504574,9.325777154120383,9.223936035504654,9.307591438293457,389700,0.0,0.0
2014-09-04 00:00:00-04:00,9.318503379821777,9.380335785505746,9.296679688116425,9.318503379821777,180500,0.0,0.0
2014-09-05 00:00:00-04:00,9.376697504606318,9.434892622139564,9.373060223042925,9.431255340576172,154200,0.0,0.0
2014-09-08 00:00:00-04:00,9.434892525151865,9.445803675989358,9.413068835995846,9.420343399047852,67000,0.0,0.0
2014-09-09 00:00:00-04:00,9.394883218682763,9.45307833621601,9.376697504606318,9.431255340576172,259600,0.0,0.0
2014-09-10 00:00:00-04:00,9.340325386098549,9.391245940523465,9.29667870106253,9.37306022644043,218300,0.0,0.0
2014-09-11 00:00:00-04:00,9.282131122409444,9.365786524871721,9.282131122409444,9.333051681518555,77200,0.0,0.0
2014-09-12 00:00:00-04:00,9.36942294831434,9.394883225536143,9.303953267606547,9.314865112304688,119700,0.0,0.0
2014-09-15 00:00:00-04:00,9.289403851442643,9.336687119313451,9.27485472671904,9.311226844787598,175800,0.0,0.0
2014-09-16 00:00:00-04:00,9.158465378351274,9.30759045230456,9.10754482443762,9.303953170776367,607700,0.0,0.0
2014-09-17 00:00:00-04:00,9.260305462903426,9.260305462903426,9.147552522950882,9.151189804077148,190500,0.0,0.0
2014-09-18 00:00:00-04:00,9.176650969641756,9.19120009556013,9.133004979367643,9.143916130065918,157700,0.0,0.0
2014-09-19 00:00:00-04:00,9.16573994994442,9.191200226924959,9.09663298832544,9.12936782836914,98500,0.0,0.0
2014-09-22 00:00:00-04:00,9.031166194851249,9.071175610746236,8.692906535442791,8.711092948913574,444600,0.0,0.0
2014-09-23 00:00:00-04:00,8.769284121990465,8.838390380730406,8.740186567326168,8.8129301071167,117200,0.0,0.0
2014-09-24 00:00:00-04:00,8.96569347101311,9.052986145019531,8.951145038882292,9.052986145019531,221700,0.0,0.0
2014-09-25 00:00:00-04:00,9.00206657206013,9.056624412536621,8.940234167855953,9.056624412536621,320800,0.0,0.0
2014-09-26 00:00:00-04:00,9.112168025550965,9.153450012207031,9.100908911470867,9.153450012207031,83800,0.768,0.0
2014-09-29 00:00:00-04:00,9.067130746715948,9.070883784105906,9.022095729673845,9.059624671936035,83700,0.0,0.0
2014-09-30 00:00:00-04:00,9.048367475399186,9.149696635089521,9.048367475399186,9.108414649963379,74300,0.0,0.0
2014-10-01 00:00:00-04:00,9.059626283532374,9.059626283532374,8.849461163039818,8.924520492553711,168400,0.0,0.0
2014-10-02 00:00:00-04:00,8.894497871398926,8.943285939816642,8.774402787949754,8.894497871398926,165300,0.0,0.0
2014-10-03 00:00:00-04:00,9.007086093840599,9.11967438368605,9.003333055403232,9.014592170715332,140100,0.0,0.0
2014-10-06 00:00:00-04:00,9.1009083142049,9.119672787288128,8.928272871219175,9.01083755493164,316400,0.0,0.0
2014-10-07 00:00:00-04:00,8.973306320860653,9.044612594558126,8.973306320860653,9.00708293914795,60200,0.0,0.0
2014-10-08 00:00:00-04:00,9.03335623893074,9.187227228816012,9.01083872514283,9.168462753295898,128100,0.0,0.0
2014-10-09 00:00:00-04:00,9.183472586146317,9.202237774206909,9.085895755687437,9.145943641662598,194900,0.0,0.0
2014-10-10 00:00:00-04:00,9.014592187622588,9.070886332650897,8.95829804259428,8.98456859588623,89500,0.0,0.0
2014-10-13 00:00:00-04:00,8.965803211416219,9.029603431965313,8.845708847045898,8.845708847045898,124900,0.0,0.0
2014-10-14 00:00:00-04:00,8.864472753084875,8.890743302003013,8.789413428331248,8.84946060180664,86600,0.0,0.0
2014-10-15 00:00:00-04:00,8.763143222982775,8.763143222982775,8.444142154001192,8.736872673034668,453400,0.0,0.0
2014-10-16 00:00:00-04:00,8.455400601338738,8.932024932435352,8.309034995451006,8.913260459899902,454600,0.0,0.0
2014-10-17 00:00:00-04:00,8.969553998188257,8.995824544322312,8.886989322364265,8.898247718811035,86000,0.0,0.0
2014-10-20 00:00:00-04:00,8.879483836681098,8.92076653524158,8.853213288803971,8.913260459899902,33700,0.0,0.0
2014-10-21 00:00:00-04:00,8.894497577538118,8.947038682685763,8.856967909938858,8.886991500854492,106300,0.0,0.0
2014-10-22 00:00:00-04:00,8.856967033514108,8.864473109454984,8.78190770574294,8.785660743713379,43800,0.0,0.0
2014-10-23 00:00:00-04:00,8.80442486379071,8.860719715265317,8.718107141397178,8.84946060180664,97600,0.0,0.0
2014-10-24 00:00:00-04:00,8.841955170838894,8.871978759765625,8.781907992985431,8.871978759765625,30400,0.0,0.0
2014-10-27 00:00:00-04:00,8.785660141431972,8.785660141431972,8.706848496911924,8.7218599319458,109900,0.0,0.0
2014-10-28 00:00:00-04:00,8.902001302398086,8.954543113708496,8.902001302398086,8.954543113708496,144200,0.0,0.0
2014-10-29 00:00:00-04:00,9.025850587136915,9.033356664025726,8.954545004149875,8.98456859588623,85300,0.0,0.0
2014-10-30 00:00:00-04:00,8.977061895593076,9.022097637979588,8.77440212858203,8.980814933776855,115200,0.0,0.0
2014-10-31 00:00:00-04:00,9.097156768848027,9.194733619689941,9.04836870133651,9.194733619689941,203100,0.0,0.0
2014-11-03 00:00:00-05:00,9.13093304059426,9.266039554281107,9.13093304059426,9.258533477783203,176400,0.0,0.0
2014-11-04 00:00:00-05:00,9.236015319824219,9.24727371796686,9.17221510568031,9.236015319824219,49900,0.0,0.0
2014-11-05 00:00:00-05:00,9.205992435763914,9.205992435763914,9.112168626366552,9.138439178466797,49200,0.0,0.0
2014-11-06 00:00:00-05:00,9.089650459394457,9.12718012657594,9.007085764250288,9.01834487915039,186800,0.0,0.0
2014-11-07 00:00:00-05:00,8.988321010144414,9.003332447060691,8.939532229574123,8.980814933776855,122100,0.0,0.0
2014-11-10 00:00:00-05:00,9.175968788771177,9.307321548461914,9.164709674018177,9.307321548461914,386800,0.0,0.0
2014-11-11 00:00:00-05:00,9.322333620363219,9.416157428365409,9.31107450570817,9.408651351928711,253200,0.0,0.0
2014-11-12 00:00:00-05:00,9.431169784515884,9.472452493122004,9.404899230246142,9.41991138458252,171100,0.0,0.0
2014-11-13 00:00:00-05:00,9.457441109862556,9.468699509861702,9.363617292168756,9.378628730773926,178400,0.0,0.0
2014-11-14 00:00:00-05:00,9.438673162864493,9.75392115559972,9.427414766150264,9.738909721374512,511400,0.0,0.0
2014-11-17 00:00:00-05:00,9.555016529455028,9.555016529455028,9.408651613957412,9.476204872131348,287800,0.0,0.0
2014-11-18 00:00:00-05:00,9.404899285197162,9.431169839620399,9.344852099138643,9.378628730773926,217600,0.0,0.0
2014-11-19 00:00:00-05:00,9.329839143955441,9.34485058012048,9.213497113537061,9.254779815673828,325500,0.0,0.0
2014-11-20 00:00:00-05:00,9.251026119357281,9.30732025365309,9.224755571073821,9.262285232543945,150300,0.0,0.0
2014-11-21 00:00:00-05:00,9.637581861152277,9.697629042183475,9.570028603537466,9.626322746276855,220100,0.0,0.0
2014-11-24 00:00:00-05:00,9.682614874528518,9.75392115559972,9.652591290259387,9.738909721374512,208000,0.0,0.0
2014-11-25 00:00:00-05:00,9.76893428455962,9.88527559578338,9.555015419909838,9.757675170898438,403400,0.0,0.0
2014-11-26 00:00:00-05:00,9.889027883997276,10.020381336811562,9.88152180879218,10.005369186401367,331700,0.0,0.0
2014-11-28 00:00:00-05:00,10.144231796264648,10.286843689393713,10.084184608018838,10.144231796264648,471500,0.0,0.0
2014-12-01 00:00:00-05:00,9.99786379397715,10.031640418888054,9.907793032820996,9.937816619873047,400100,0.0,0.0
2014-12-02 00:00:00-05:00,10.320619512885624,10.418196365087537,10.2643253677973,10.391925811767578,402500,0.0,0.0
2014-12-03 00:00:00-05:00,10.36565594609454,10.763468742370605,10.36190290739716,10.763468742370605,536200,0.0,0.0
2014-12-04 00:00:00-05:00,11.27011479351495,11.540327072143555,11.27011479351495,11.540327072143555,866500,0.0,0.0
2014-12-05 00:00:00-05:00,11.555338983187433,11.555338983187433,11.236337935715294,11.382702827453613,609800,0.0,0.0
2014-12-08 00:00:00-05:00,11.611636432900866,11.780518883325854,11.277623139198285,11.2888822555542,1043000,0.0,0.0
2014-12-09 00:00:00-05:00,10.538289262799172,10.838525138620712,10.241806424902748,10.78598403930664,1349000,0.0,0.0
2014-12-10 00:00:00-05:00,10.95862099612614,10.996149946449828,10.463230691518648,10.538290023803711,910200,0.0,0.0
2014-12-11 00:00:00-05:00,10.699666925561102,10.958620830633215,10.699666925561102,10.868549346923828,446800,0.0,0.0
2014-12-12 00:00:00-05:00,10.853538286021589,10.947362095300537,10.658384590924848,10.774725914001465,450500,0.0,0.0
2014-12-15 00:00:00-05:00,10.800997213152085,11.003656269555428,10.61334959405102,10.714678764343262,494900,0.0,0.0
2014-12-16 00:00:00-05:00,10.92484349056837,11.06370231357647,10.902325263200472,10.996149063110352,558600,0.0,0.0
2014-12-17 00:00:00-05:00,11.067455433660207,11.821798876435794,11.033678808176315,11.4352445602417,521000,0.0,0.0
2014-12-18 00:00:00-05:00,11.438998309953968,11.472774937539603,11.191303518205192,11.258856773376465,735300,0.0,0.0
2014-12-19 00:00:00-05:00,11.390209514803992,11.435244538149648,11.341420737724276,11.41648006439209,220600,0.0,0.0
2014-12-22 00:00:00-05:00,11.435245649571108,11.435245649571108,11.101233116655242,11.11624526977539,434100,0.0,0.0
2014-12-23 00:00:00-05:00,10.894821255431593,10.94736236084021,10.808502804778884,10.842279434204102,410600,0.0,0.0
2014-12-24 00:00:00-05:00,10.818995427028879,10.981978893368806,10.671534548034519,10.884964942932129,478000,0.95,0.0
2014-12-26 00:00:00-05:00,11.389437638856009,11.517496020560506,11.389437638856009,11.474809646606445,441600,0.0,0.0
2014-12-29 00:00:00-05:00,11.381677343730656,11.587347197908842,11.381677343730656,11.408841133117676,256900,0.0,0.0
2014-12-30 00:00:00-05:00,11.463167886872434,11.602867461810826,11.38943708277645,11.529136657714844,195000,0.0,0.0
2014-12-31 00:00:00-05:00,11.73092711469902,11.824060421518888,11.73092711469902,11.785255432128906,301900,0.0,0.0
2015-01-02 00:00:00-05:00,11.878388278867021,12.01032731012425,11.831821257181888,11.921073913574219,282300,0.0,0.0
2015-01-05 00:00:00-05:00,12.04137211733957,12.122863482614472,11.921074282660825,11.936596870422363,667200,0.0,0.0
2015-01-06 00:00:00-05:00,11.952118338696302,12.142266331951705,11.952118338696302,12.095699310302734,411600,0.0,0.0
2015-01-07 00:00:00-05:00,12.13062300935114,12.165548086569121,12.076295440415445,12.126742362976074,461400,0.0,0.0
2015-01-08 00:00:00-05:00,11.944357549234276,11.952118102557696,11.746449006412218,11.862865447998047,435800,0.0,0.0
2015-01-09 00:00:00-05:00,11.88226859282243,11.897790439510851,11.79689584548423,11.820178985595703,193800,0.0,0.0
2015-01-12 00:00:00-05:00,11.699883168319824,11.730927605224561,11.664958084282274,11.70764446258545,243200,0.0,0.0
2015-01-13 00:00:00-05:00,11.816298528345234,11.862864806397967,11.715403939020788,11.75032901763916,272600,0.0,0.0
2015-01-14 00:00:00-05:00,11.680479575715724,11.71152400970459,11.606748767433032,11.71152400970459,188000,0.0,0.0
2015-01-15 00:00:00-05:00,11.967640964204223,12.064654914471665,11.893910154756812,12.010327339172363,365200,0.0,0.0
2015-01-16 00:00:00-05:00,11.719284506352855,11.87062601923794,11.715403859848411,11.727045059204102,665600,0.0,0.0
2015-01-20 00:00:00-05:00,11.370033780642013,11.408839505727142,11.292423070629397,11.381675720214844,356400,0.0,0.0
2015-01-21 00:00:00-05:00,11.765850583878134,11.812417600981409,11.696000428302035,11.77749252319336,431900,0.0,0.0
2015-01-22 00:00:00-05:00,11.777492872610011,11.948237620177533,11.719284654622209,11.89778995513916,456900,0.0,0.0
2015-01-23 00:00:00-05:00,11.851223068762836,12.02972836012124,11.81629799173052,11.99868392944336,307900,0.0,0.0
2015-01-26 00:00:00-05:00,12.053013353733844,12.153907954009767,12.010327717578523,12.045252799987793,354600,0.0,0.0
2015-01-27 00:00:00-05:00,11.839582482932272,11.95987957303899,11.789134814716176,11.948238372802734,267400,0.0,0.0
2015-01-28 00:00:00-05:00,11.688240342869724,11.81629871982637,11.645553970498291,11.680479049682617,294500,0.0,0.0
2015-01-29 00:00:00-05:00,11.684360745909588,11.793015899659213,11.641674369703537,11.742568969726562,232300,0.0,0.0
2015-01-30 00:00:00-05:00,11.602867815109606,11.602867815109606,11.276900896731824,11.331229209899902,334300,0.0,0.0
2015-02-02 00:00:00-05:00,11.354513920627198,11.494214259304444,11.354513920627198,11.42436408996582,227100,0.0,0.0
2015-02-03 00:00:00-05:00,11.622271184411662,11.9171929329108,11.575704164031038,11.820178985595703,624200,0.0,0.0
2015-02-04 00:00:00-05:00,12.033611005196352,12.142266900694919,11.955999545531984,12.041372299194336,399100,0.0,0.0
2015-02-05 00:00:00-05:00,11.688242462342894,11.758091893219952,11.552422767570441,11.630033493041992,291000,0.0,0.0
2015-02-06 00:00:00-05:00,11.494214035943473,11.610630489140405,11.370035548333588,11.404960632324219,289900,0.0,0.0
2015-02-09 00:00:00-05:00,11.424363867962212,11.544660968286742,11.401079985196619,11.404960632324219,80700,0.0,0.0
2015-02-10 00:00:00-05:00,11.583464501237868,11.715403517907435,11.583464501237868,11.626150131225586,155900,0.0,0.0
2015-02-11 00:00:00-05:00,11.602867331692478,11.727045059204102,11.587345485832346,11.727045059204102,178000,0.0,0.0
2015-02-12 00:00:00-05:00,11.742568494086056,11.882268817714316,11.72316526016119,11.839582443237305,158400,0.0,0.0
2015-02-13 00:00:00-05:00,11.909432615294937,11.909432615294937,11.839582453420729,11.85898494720459,43300,0.0,0.0
2015-02-17 00:00:00-05:00,11.932716283628226,11.96764136611,11.816299835460796,11.890029907226562,121500,0.0,0.0
2015-02-18 00:00:00-05:00,11.85510377333539,11.948237811798704,11.758089828413963,11.827939987182617,95800,0.0,0.0
2015-02-19 00:00:00-05:00,11.827940462491835,11.827940462491835,11.668837645639714,11.730926513671875,125500,0.0,0.0
2015-02-20 00:00:00-05:00,11.719285913945116,11.83570236243052,11.664957596515228,11.785255432128906,149100,0.0,0.0
2015-02-23 00:00:00-05:00,11.734806431516486,11.824059081248926,11.72316449192448,11.75032901763916,84300,0.0,0.0
2015-02-24 00:00:00-05:00,11.750330317457193,11.92883563666828,11.73868837657736,11.890029907226562,174600,0.0,0.0
2015-02-25 00:00:00-05:00,11.808538487427858,11.82406033503878,11.696001946578349,11.742568969726562,131500,0.0,0.0
2015-02-26 00:00:00-05:00,11.882268857552399,11.95987957303899,11.882268857552399,11.948238372802734,109600,0.0,0.0
2015-02-27 00:00:00-05:00,11.87450799969166,11.963760658847331,11.87450799969166,11.936596870422363,86200,0.0,0.0
2015-03-02 00:00:00-05:00,11.948239052090708,12.01420783093384,11.928835816997664,11.994805335998535,150500,0.0,0.0
2015-03-03 00:00:00-05:00,11.839581587360035,11.84734288036892,11.69988127383064,11.727045059204102,291100,0.0,0.0
2015-03-04 00:00:00-05:00,11.68047967171085,11.69212087195379,11.467048538645347,11.579585075378418,331100,0.0,0.0
2015-03-05 00:00:00-05:00,11.579585549062722,11.715405231995325,11.544660466589832,11.676599502563477,227100,0.0,0.0
2015-03-06 00:00:00-05:00,11.641674130297998,11.641674130297998,11.451526874988723,11.49033260345459,82200,0.0,0.0
2015-03-09 00:00:00-04:00,11.602867980999894,11.633912414615075,11.4942128334256,11.540779113769531,282700,0.0,0.0
2015-03-10 00:00:00-04:00,11.447645703379198,11.575704083336117,11.381676190058503,11.459287643432617,279800,0.0,0.0
2015-03-11 00:00:00-04:00,11.49809312771371,11.606749019109644,11.49809312771371,11.595107078552246,77100,0.0,0.0
2015-03-12 00:00:00-04:00,11.796896496112991,11.866746660457503,11.765852060866287,11.808538436889648,152600,0.0,0.0
2015-03-13 00:00:00-04:00,11.882267301959164,11.893908500671387,11.80077521018561,11.893908500671387,153600,0.0,0.0
2015-03-16 00:00:00-04:00,12.150027077261964,12.456590779085793,12.14614643038347,12.413905143737793,506800,0.0,0.0
2015-03-17 00:00:00-04:00,12.510919698069934,12.642858729859741,12.503158404398134,12.631216049194336,189700,0.0,0.0
2015-03-18 00:00:00-04:00,12.840766439330446,12.879571427077718,12.650618446611867,12.763154983520508,393000,0.0,0.0
2015-03-19 00:00:00-04:00,12.76703588917933,12.778677089001569,12.62345418323345,12.66614055633545,123500,0.0,0.0
2015-03-20 00:00:00-04:00,12.786438189954968,12.798079389602071,12.677781565425843,12.735990524291992,151800,0.0,0.0
2015-03-23 00:00:00-04:00,12.77091588541825,12.875691125500648,12.673901938710328,12.708827018737793,210600,0.0,0.0
2015-03-24 00:00:00-04:00,12.642858797375357,12.689425079339433,12.57300863427154,12.63509750366211,220200,0.0,0.0
2015-03-25 00:00:00-04:00,12.573008517664999,12.573008517664999,12.227638352205616,12.30912971496582,530100,0.0,0.0
2015-03-26 00:00:00-04:00,12.351815235058366,12.433307332336812,12.297487663644501,12.371217727661133,165600,0.0,0.0
2015-03-27 00:00:00-04:00,12.425547292551581,12.631216399453521,12.425547292551581,12.60793399810791,226900,0.0,0.0
2015-03-30 00:00:00-04:00,12.980466929796348,13.065838199995659,12.848527897326054,13.023153305053711,288900,0.0,0.0
2015-03-31 00:00:00-04:00,12.747632697772296,12.8524079435463,12.712707615847629,12.774796485900879,290700,0.0,0.0
2015-04-01 00:00:00-04:00,12.945540622219928,13.077479642194698,12.926138129935607,13.050315856933594,172000,0.0,0.0
2015-04-02 00:00:00-04:00,13.027032391940205,13.038673591617645,12.941659646798122,12.968823432922363,222900,0.0,0.0
2015-04-06 00:00:00-04:00,13.085243142423549,13.318076049740803,13.085243142423549,13.275389671325684,156300,0.0,0.0
2015-04-07 00:00:00-04:00,13.415087011694494,13.46165328669465,13.325834367812861,13.368520736694336,216500,0.0,0.0
2015-04-08 00:00:00-04:00,13.562550957092201,13.589714745570314,13.279270391309417,13.461655616760254,398900,0.0,0.0
2015-04-09 00:00:00-04:00,13.283148864073983,13.283148864073983,13.100762177997847,13.170612335205078,278100,0.0,0.0
2015-04-10 00:00:00-04:00,13.372402657476682,13.481059289267328,13.33747757588601,13.450014114379883,322800,0.0,0.0
2015-04-13 00:00:00-04:00,13.60911577840583,13.713891014274186,13.469415463914688,13.51986312866211,504800,0.0,0.0
2015-04-14 00:00:00-04:00,13.469415463914688,13.55090682059609,13.469415463914688,13.51986312866211,159000,0.0,0.0
2015-04-15 00:00:00-04:00,13.155090187363614,13.32583418017005,13.120165111526482,13.283147811889648,383200,0.0,0.0
2015-04-16 00:00:00-04:00,13.566429018781927,13.663442958813803,13.515982835792329,13.64016056060791,425800,0.0,0.0
2015-04-17 00:00:00-04:00,13.127928014983608,13.19389678837411,13.050316561341866,13.135687828063965,589000,0.0,0.0
2015-04-20 00:00:00-04:00,13.453893630347514,13.523743791500225,13.2637471207882,13.395686149597168,380700,0.0,0.0
2015-04-21 00:00:00-04:00,13.581952185144607,13.636279757034735,13.570310985543953,13.624638557434082,209100,0.0,0.0
2015-04-22 00:00:00-04:00,13.857472986199584,14.063143577551768,13.853593079335795,14.016575813293457,302000,0.0,0.0
2015-04-23 00:00:00-04:00,13.900158959124006,13.970009123165067,13.818667594514581,13.923442840576172,244500,0.0,0.0
2015-04-24 00:00:00-04:00,13.931202922297754,14.028216866101179,13.931202922297754,13.989410400390625,223000,0.0,0.0
2015-04-27 00:00:00-04:00,14.16791514494396,14.233885393901755,14.113587575399452,14.218362808227539,386800,0.0,0.0
2015-04-28 00:00:00-04:00,14.004933435501302,14.067022302312688,13.99717214211046,14.028217315673828,215000,0.0,0.0
2015-04-29 00:00:00-04:00,14.008813141422122,14.012694528219635,13.85359171677422,13.90403938293457,240900,0.0,0.0
2015-04-30 00:00:00-04:00,13.78762117257151,13.853591423896578,13.659563536952131,13.737174987792969,405000,0.0,0.0
2015-05-01 00:00:00-04:00,13.810905434947378,13.810905434947378,13.663443822291642,13.772100448608398,124600,0.0,0.0
2015-05-04 00:00:00-04:00,13.741053990710208,13.8303066351984,13.72165149935455,13.814784049987793,214100,0.0,0.0
2015-05-05 00:00:00-04:00,13.36852218898919,13.380163388925078,13.085241641464883,13.135687828063965,298100,0.0,0.0
2015-05-06 00:00:00-04:00,13.116284825843934,13.120166212548874,12.805840503637004,12.82524299621582,507700,0.0,0.0
2015-05-07 00:00:00-04:00,12.623455237487555,12.85628961558501,12.592411541930504,12.74763298034668,436200,0.0,0.0
2015-05-08 00:00:00-04:00,12.926137578141867,13.135686558308652,12.864048717293338,13.104642868041992,140300,0.0,0.0
2015-05-11 00:00:00-04:00,13.442252430260519,13.461654923843968,13.314194788357462,13.395686149597168,269600,0.0,0.0
2015-05-12 00:00:00-04:00,13.384045328430892,13.48493918611049,13.356880060266532,13.430611610412598,226600,0.0,0.0
2015-05-13 00:00:00-04:00,13.337478336403821,13.407328503568094,13.271509556479506,13.325837135314941,108300,0.0,0.0
2015-05-14 00:00:00-04:00,13.333597659433385,13.450014104545357,13.333597659433385,13.430611610412598,155000,0.0,0.0
2015-05-15 00:00:00-04:00,13.368523722441898,13.368523722441898,13.228823385925338,13.275389671325684,271200,0.0,0.0
2015-05-18 00:00:00-04:00,13.201657586744819,13.209418879849503,13.061957271491124,13.193896293640137,87700,0.0,0.0
2015-05-19 00:00:00-04:00,13.492699612025486,13.543147277778383,13.37240178763483,13.473297119140625,290000,0.0,0.0
2015-05-20 00:00:00-04:00,13.376282540589406,13.535385343210978,13.376282540589406,13.504340171813965,187900,0.0,0.0
2015-05-21 00:00:00-04:00,13.632402217637672,13.830310046788608,13.60135703955839,13.702252388000488,255400,0.0,0.0
2015-05-22 00:00:00-04:00,13.966129331244524,14.051500603306856,13.915681661174434,14.024336814880371,242700,0.0,0.0
2015-05-26 00:00:00-04:00,14.455076185213466,14.505523845448764,14.237764439851162,14.261048316955566,389000,0.0,0.0
2015-05-27 00:00:00-04:00,14.261050312865196,14.338661767093521,14.222245325908716,14.303736686706543,367900,0.0,0.0
2015-05-28 00:00:00-04:00,13.535384801025852,13.814783930830878,13.329714249547278,13.733292579650879,570800,0.0,0.0
2015-05-29 00:00:00-04:00,13.764338285423493,13.810904562150524,13.605235482983826,13.64016056060791,130900,0.0,0.0
2015-06-01 00:00:00-04:00,14.004933435501302,14.098067475876057,13.942844568689916,14.028217315673828,267400,0.0,0.0
2015-06-02 00:00:00-04:00,14.04762103779538,14.276574031748941,14.04762103779538,14.195082664489746,245300,0.0,0.0
2015-06-03 00:00:00-04:00,14.132990333788882,14.18343799802357,14.113587841487934,14.171796798706055,296800,0.0,0.0
2015-06-04 00:00:00-04:00,14.171798819529805,14.249410280115859,13.911800648613847,14.0592622756958,495800,0.0,0.0
2015-06-05 00:00:00-04:00,14.059259588510765,14.164034818228636,14.059259588510765,14.125229835510254,192000,0.0,0.0
2015-06-08 00:00:00-04:00,14.241645968107035,14.738356842095998,14.241645968107035,14.672388076782227,661200,0.0,0.0
2015-06-09 00:00:00-04:00,14.389107665240969,14.641343010076355,14.389107665240969,14.579254150390625,227900,0.0,0.0
2015-06-10 00:00:00-04:00,14.528807451221738,14.691791643884637,14.528807451221738,14.598657608032227,385000,0.0,0.0
2015-06-11 00:00:00-04:00,14.664631490160835,14.746122866515824,14.641347605352703,14.68791389465332,149000,0.0,0.0
2015-06-12 00:00:00-04:00,14.715076059981092,14.777166412605188,14.649107280791211,14.660748481750488,207100,0.0,0.0
2015-06-15 00:00:00-04:00,14.412393688681234,14.412393688681234,14.233888357211017,14.299857139587402,362100,0.0,0.0
2015-06-16 00:00:00-04:00,14.004932298967551,14.008812205190434,13.861352083677227,13.942843437194824,328100,0.0,0.0
2015-06-17 00:00:00-04:00,14.055382342005938,14.121351121173221,13.99329346971859,14.001054763793945,238900,0.0,0.0
2015-06-18 00:00:00-04:00,13.675088221491567,13.744936909619089,13.585834077124485,13.667326927185059,350800,0.0,0.0
2015-06-19 00:00:00-04:00,12.97658546562161,13.135688284979551,12.945541771274293,12.999869346618652,629500,0.0,0.0
2015-06-22 00:00:00-04:00,13.065838982955807,13.190018209471027,13.01539279127908,13.151211738586426,223200,0.0,0.0
2015-06-23 00:00:00-04:00,13.310313701416497,13.647921834386121,13.310313701416497,13.60135555267334,298600,0.0,0.0
2015-06-24 00:00:00-04:00,13.737174453700106,13.997171101545813,13.717770481507838,13.830307006835938,374400,0.0,0.0
2015-06-25 00:00:00-04:00,13.469415743456846,13.469415743456846,12.914495860664363,13.143448829650879,746000,0.0,0.0
2015-06-26 00:00:00-04:00,12.42554632123487,12.510919067002964,12.301368589380552,12.344054222106934,657100,0.0,0.0
2015-06-29 00:00:00-04:00,12.184951266727246,12.619574063241515,12.153906834130346,12.34793472290039,793100,0.0,0.0
2015-06-30 00:00:00-04:00,12.817483783924263,13.174495922656407,12.817483783924263,13.162853240966797,430700,0.0,0.0
2015-07-01 00:00:00-04:00,12.50315746919145,13.158971192093556,12.456589710643803,13.155091285705566,369000,0.0,0.0
2015-07-02 00:00:00-04:00,12.615694391415838,12.898976450205792,12.475995535976173,12.805842399597168,329600,0.0,0.0
2015-07-06 00:00:00-04:00,12.573008012831277,12.611812999164107,12.309129220727407,12.367338180541992,639300,0.0,0.0
2015-07-07 00:00:00-04:00,11.98704297302688,11.994804266371991,11.315706641985932,11.544659614562988,939800,0.0,0.0
2015-07-08 00:00:00-04:00,10.931531379752462,11.071231697754943,10.617206404404547,10.725861549377441,1054700,0.0,0.0
2015-07-09 00:00:00-04:00,11.645556729014146,11.967643070996036,11.560184704206621,11.940479278564453,844500,0.0,0.0
2015-07-10 00:00:00-04:00,12.460471980339726,12.514799555513196,12.239280292667516,12.30912971496582,575500,0.0,0.0
2015-07-13 00:00:00-04:00,12.336293944893018,12.386740872027987,12.087937735472076,12.122862815856934,483400,0.0,0.0
2015-07-14 00:00:00-04:00,11.932716637959256,12.320772463583948,11.897791554440415,12.313011169433594,404800,0.0,0.0
2015-07-15 00:00:00-04:00,11.913314497846178,12.068536684691276,11.793016655403179,11.812419891357422,408400,0.0,0.0
2015-07-16 00:00:00-04:00,11.955998173126963,12.014206391114767,11.839581737151356,11.89778995513916,281200,0.0,0.0
2015-07-17 00:00:00-04:00,12.10346060393718,12.169430119514562,12.049132288653764,12.095699310302734,287700,0.0,0.0
2015-07-20 00:00:00-04:00,11.963759849219059,11.975401789252363,11.87450719610342,11.93271541595459,97700,0.0,0.0
2015-07-21 00:00:00-04:00,11.932715225335597,11.975401597951477,11.781373708108621,11.827939987182617,350200,0.0,0.0
2015-07-22 00:00:00-04:00,11.827939986992307,12.006446030526845,11.746448628535298,12.002565383911133,191900,0.0,0.0
2015-07-23 00:00:00-04:00,12.153905974099612,12.274203049380473,12.130622836338905,12.215994834899902,275500,0.0,0.0
2015-07-24 00:00:00-04:00,12.049132337146148,12.13450508715323,11.983162821303267,12.029729843139648,173000,0.0,0.0
2015-07-27 00:00:00-04:00,11.113915645156837,11.113915645156837,10.791829425389325,10.958693504333496,393000,0.0,0.0
2015-07-28 00:00:00-04:00,10.912130265800972,11.152724465924347,10.88108582900577,11.082874298095703,172600,0.0,0.0
2015-07-29 00:00:00-04:00,11.234216426838453,11.366155466516137,10.989740842664848,11.08675479888916,265800,0.0,0.0
2015-07-30 00:00:00-04:00,10.939293724297821,11.09451590357459,10.904368641440831,10.962576866149902,167100,0.0,0.0
2015-07-31 00:00:00-04:00,10.962576447684711,11.075112985963191,10.83063741529642,11.013023376464844,309800,0.0,0.0
2015-08-03 00:00:00-04:00,10.99362105505216,11.168246465414445,10.974218560637558,11.098396301269531,163800,0.0,0.0
2015-08-04 00:00:00-04:00,11.300186165636129,11.688241998052568,11.280782929920651,11.319588661193848,364000,0.0,0.0
2015-08-05 00:00:00-04:00,11.327348942911039,11.533018042005711,11.300185155495344,11.366154670715332,225100,0.0,0.0
2015-08-06 00:00:00-04:00,11.273019446138434,11.436002893704279,11.21481123061298,11.327347755432129,216800,0.0,0.0
2015-08-07 00:00:00-04:00,11.381675580597978,11.59898660218829,11.370033641167955,11.560181617736816,215000,0.0,0.0
2015-08-10 00:00:00-04:00,11.84346295445297,12.010327063508296,11.83958230771242,11.862865447998047,287400,0.0,0.0
2015-08-11 00:00:00-04:00,11.727045757572776,11.727045757572776,11.583465529146093,11.649435043334961,176600,0.0,0.0
2015-08-12 00:00:00-04:00,11.28465962959142,11.408837334100996,11.203168288566076,11.323465347290039,147700,0.0,0.0
2015-08-13 00:00:00-04:00,11.424363232389267,11.564062820422109,11.2691410567096,11.486452102661133,117400,0.0,0.0
2015-08-14 00:00:00-04:00,11.45540592295298,11.571822351943954,11.45540592295298,11.501972198486328,97600,0.0,0.0
2015-08-17 00:00:00-04:00,11.459287799814405,11.474809646606445,11.354512558376811,11.474809646606445,80800,0.0,0.0
2015-08-18 00:00:00-04:00,10.869442804282729,11.013023032590628,10.780190149912123,10.892725944519043,401600,0.0,0.0
2015-08-19 00:00:00-04:00,10.904368067069543,10.904368067069543,10.496909035252866,10.609445571899414,553100,0.0,0.0
2015-08-20 00:00:00-04:00,10.461983456839997,10.461983456839997,10.29512009343854,10.29900074005127,327100,0.0,0.0
2015-08-21 00:00:00-04:00,10.089450207501908,10.13601722643667,9.934228044648794,9.996316909790039,450400,0.0,0.0
2015-08-24 00:00:00-04:00,8.750657882197675,8.929163932800293,8.5372274909861,8.929163932800293,692400,0.0,0.0
2015-08-25 00:00:00-04:00,9.247368986416824,9.29781591093978,8.983490943908691,8.983490943908691,462300,0.0,0.0
2015-08-26 00:00:00-04:00,8.956327807972732,9.084386191988655,8.707972333555839,8.971850395202637,394600,0.0,0.0
2015-08-27 00:00:00-04:00,9.259011069699584,9.88766101351874,9.251249776527086,9.802289009094238,508700,0.0,0.0
2015-08-28 00:00:00-04:00,9.82557070818211,9.86437642819864,9.51512642836496,9.724676132202148,353100,0.0,0.0
2015-08-31 00:00:00-04:00,9.701394496513279,9.891541739826021,9.604380551548147,9.650947570800781,233500,0.0,0.0
2015-09-01 00:00:00-04:00,9.425876196632576,9.553934587267014,9.169758675205964,9.262892723083496,227300,0.0,0.0
2015-09-02 00:00:00-04:00,9.453039757883351,9.460800311554811,9.181400395123918,9.243489265441895,684700,0.0,0.0
2015-09-03 00:00:00-04:00,9.46856155142623,9.623783726336619,9.42199526903197,9.503486633300781,635400,0.0,0.0
2015-09-04 00:00:00-04:00,9.278412419324708,9.371545705447204,9.224084854125977,9.224084854125977,377600,0.0,0.0
2015-09-08 00:00:00-04:00,9.794528582575083,9.953631405900957,9.70139527673733,9.759603500366211,324200,0.0,0.0
2015-09-09 00:00:00-04:00,9.779006431109401,9.961392390187223,9.515128369357521,9.553934097290039,467800,0.0,0.0
2015-09-10 00:00:00-04:00,9.49572591589809,9.716918361249009,9.464681479031642,9.468562126159668,276000,0.0,0.0
2015-09-11 00:00:00-04:00,9.507367270506904,9.588858634692691,9.421995259432599,9.484084129333496,194700,0.0,0.0
2015-09-14 00:00:00-04:00,9.36378607717982,9.70139494700498,9.356025523742064,9.658708572387695,432100,0.0,0.0
2015-09-15 00:00:00-04:00,9.643186431006253,9.85273617058327,9.631544490968434,9.841094970703125,690000,0.0,0.0
2015-09-16 00:00:00-04:00,10.066168860523621,10.392135830636581,10.066168860523621,10.34168815612793,328100,0.0,0.0
2015-09-17 00:00:00-04:00,10.498091635615888,10.70663186161176,10.426998643843513,10.583403587341309,640200,4.83,0.0
2015-09-18 00:00:00-04:00,10.531267913362761,10.536007566504257,10.199500329425723,10.25637435913086,470600,0.0,0.0
2015-09-21 00:00:00-04:00,10.313250233839184,10.564446449279785,10.28955196596942,10.564446449279785,218100,0.0,0.0
2015-09-22 00:00:00-04:00,10.422258870527635,10.48387345895167,10.251634969041294,10.355905532836914,230700,0.0,0.0
2015-09-23 00:00:00-04:00,10.355904823616727,10.611839754322206,10.256373919900556,10.322728157043457,243300,0.0,0.0
2015-09-24 00:00:00-04:00,10.223199094703677,10.455436706542969,10.223199094703677,10.455436706542969,201200,0.0,0.0
2015-09-25 00:00:00-04:00,10.502831242934182,10.630799169961852,10.355905606715245,10.493351936340332,266900,0.0,0.0
2015-09-28 00:00:00-04:00,10.41278056149218,10.692413802828252,10.374864235751518,10.445958137512207,416900,0.0,0.0
2015-09-29 00:00:00-04:00,10.488612601217566,10.502831561539676,10.251635353161172,10.284812927246094,153700,0.0,0.0
2015-09-30 00:00:00-04:00,10.355906760837442,10.649758066023805,10.332208491711746,10.635540008544922,328000,0.0,0.0
2015-10-01 00:00:00-04:00,10.853558770204858,10.867777731823967,10.517051481188133,10.640279769897461,403200,0.0,0.0
2015-10-02 00:00:00-04:00,10.640278592693818,11.090534812859003,10.616580325950528,11.028921127319336,323000,0.0,0.0
2015-10-05 00:00:00-04:00,11.104754900795124,11.422304475436603,11.06683857415121,11.303815841674805,330100,0.0,0.0
2015-10-06 00:00:00-04:00,11.242200651082872,11.55975020892357,11.152149945065776,11.498136520385742,258700,0.0,0.0
2015-10-07 00:00:00-04:00,11.611885189773103,11.986309676749396,11.578708519584614,11.749332427978516,495300,0.0,0.0
2015-10-08 00:00:00-04:00,11.545530180372149,11.611883511157078,11.374906296643669,11.408082962036133,308500,0.0,0.0
2015-10-09 00:00:00-04:00,11.436522280034612,11.479178259565332,11.28485697681273,11.336992263793945,190400,0.0,0.0
2015-10-12 00:00:00-04:00,11.493396965038594,11.63558295764666,11.488657311418793,11.592926979064941,173400,0.0,0.0
2015-10-13 00:00:00-04:00,11.55027092610651,11.791986912266212,11.502875297919667,11.545531272888184,108000,0.0,0.0
2015-10-14 00:00:00-04:00,11.450740355323404,11.531312654426115,11.379647362937822,11.384387016296387,114000,0.0,0.0
2015-10-15 00:00:00-04:00,11.692456542425473,11.83938217163086,11.611884248216766,11.83938217163086,188000,0.0,0.0
2015-10-16 00:00:00-04:00,11.848862960778423,11.967351590386206,11.659281334205268,11.953132629394531,152200,0.0,0.0
2015-10-19 00:00:00-04:00,11.886778307241126,12.005266927091615,11.73511301847193,11.995787620544434,250600,0.0,0.0
2015-10-20 00:00:00-04:00,11.991047534070383,12.08109913502246,11.858340863189843,11.886777877807617,93100,0.0,0.0
2015-10-21 00:00:00-04:00,11.66876064137841,11.791988020651951,11.59766674041748,11.59766674041748,198700,0.0,0.0
2015-10-22 00:00:00-04:00,11.758811178986758,11.953132456411632,11.758811178986758,11.810946464538574,70400,0.0,0.0
2015-10-23 00:00:00-04:00,12.010006489302663,12.133234761492398,12.010006489302663,12.12375545501709,180600,0.0,0.0
2015-10-26 00:00:00-04:00,12.142714662460394,12.161672372342734,11.90573741295411,11.929434776306152,856700,0.0,0.0
2015-10-27 00:00:00-04:00,11.924697108414415,12.014748731340285,11.829905831229647,11.844124794006348,94300,0.0,0.0
2015-10-28 00:00:00-04:00,11.768290163684917,11.877299481400122,11.682978209300334,11.796727180480957,154400,0.0,0.0
2015-10-29 00:00:00-04:00,11.801466731724016,11.96261133216654,11.664020398403308,11.701936721801758,106700,0.0,0.0
2015-10-30 00:00:00-04:00,11.791987890467968,11.938914440435083,11.739853508734422,11.90099811553955,36300,0.0,0.0
2015-11-02 00:00:00-05:00,11.848862189077629,11.882038858567615,11.75407092996643,11.782508850097656,50200,0.0,0.0
2015-11-03 00:00:00-05:00,11.839384259098452,11.844123913004802,11.754072296777244,11.758811950683594,52800,0.0,0.0
2015-11-04 00:00:00-05:00,12.22802621392473,12.22802621392473,11.938914572399359,11.953132629394531,90900,0.0,0.0
2015-11-05 00:00:00-05:00,12.071620667076806,12.180630888008052,11.953132043279048,12.057402610778809,223800,0.0,0.0
2015-11-06 00:00:00-05:00,12.114277424065541,12.166412711172686,12.076361098168487,12.137975692749023,60800,0.0,0.0
2015-11-09 00:00:00-05:00,12.052663803100586,12.303859124620846,11.981570804632522,12.052663803100586,193900,0.0,0.0
2015-11-10 00:00:00-05:00,12.095318665900585,12.365472577526697,12.066880745942568,12.355993270874023,90300,0.0,0.0
2015-11-11 00:00:00-05:00,12.346512762650189,12.346512762650189,12.261201723067977,12.299118041992188,44300,0.0,0.0
2015-11-12 00:00:00-05:00,12.289640341038869,12.32755666491418,12.104798375146284,12.109537124633789,85800,0.0,0.0
2015-11-13 00:00:00-05:00,11.943654196559502,11.943654196559502,11.773030281066895,11.773030281066895,197300,0.0,0.0
2015-11-16 00:00:00-05:00,11.943654478516454,12.066881860396286,11.848863211228021,12.052663803100586,146400,0.0,0.0
2015-11-17 00:00:00-05:00,11.976829312176394,12.03370334062089,11.90573632462258,11.967350006103516,66300,0.0,0.0
2015-11-18 00:00:00-05:00,11.943652949489188,11.99578732622671,11.825164332545828,11.848861694335938,114000,0.0,0.0
2015-11-19 00:00:00-05:00,12.038443612044318,12.133234869649533,11.953131660998912,12.128495216369629,78500,0.0,0.0
2015-11-20 00:00:00-05:00,12.246982982848744,12.246982982848744,12.07161943969964,12.133234024047852,82700,0.0,0.0
2015-11-23 00:00:00-05:00,12.37969321071206,12.730419468296242,12.365474248811255,12.701981544494629,680800,0.0,0.0
2015-11-24 00:00:00-05:00,12.5266175077432,12.744636142573581,12.38917026961377,12.592970848083496,263000,0.0,0.0
2015-11-25 00:00:00-05:00,12.597709219345163,12.697240123721846,12.351252688884806,12.488699913024902,236300,0.0,0.0
2015-11-27 00:00:00-05:00,12.251724134082563,12.29911976537812,11.98630986442252,12.024226188659668,411800,0.0,0.0
2015-11-30 00:00:00-05:00,12.175891283443148,12.417608185440253,12.010007028661239,12.37021255493164,316300,0.0,0.0
2015-12-01 00:00:00-05:00,12.502918767638313,12.630886694023427,12.294379447599344,12.393909454345703,485800,0.0,0.0
2015-12-02 00:00:00-05:00,12.626148189359025,12.697242090926943,12.479222540511916,12.668804168701172,295900,0.0,0.0
2015-12-03 00:00:00-05:00,12.654584898253022,12.749375251260819,12.441305021991738,12.47922134399414,321700,0.0,0.0
2015-12-04 00:00:00-05:00,12.465003296220425,12.465003296220425,12.289640633127926,12.38917064666748,361100,0.0,0.0
2015-12-07 00:00:00-05:00,12.393909472069229,12.455524060711546,12.128495216369629,12.128495216369629,246500,0.0,0.0
2015-12-08 00:00:00-05:00,12.05740278398266,12.076360493984469,11.89625818098316,11.97683048248291,319900,0.0,0.0
2015-12-09 00:00:00-05:00,12.32281666408326,12.53135689151752,12.223286655714729,12.270681381225586,377100,0.0,0.0
2015-12-10 00:00:00-05:00,12.228024423654627,12.550313593641805,12.21380636874108,12.488699913024902,188300,0.0,0.0
2015-12-11 00:00:00-05:00,12.465002911952402,12.512398542461014,12.284900600815432,12.37021255493164,244700,0.0,0.0
2015-12-14 00:00:00-05:00,12.517139219785776,12.602451180880314,12.40812989349677,12.507659912109375,237700,0.0,0.0
2015-12-15 00:00:00-05:00,12.512399424924993,12.716200017687978,12.512399424924993,12.67828369140625,217200,0.0,0.0
2015-12-16 00:00:00-05:00,12.711459067178499,12.86786401013497,12.545574817619471,12.83942699432373,222600,0.0,0.0
2015-12-17 00:00:00-05:00,12.943697865517633,12.943697865517633,12.664064622564604,12.673543930053711,287700,0.0,0.0
2015-12-18 00:00:00-05:00,12.71619977162726,12.896302091981322,12.626148159451974,12.844167709350586,131700,0.0,0.0
2015-12-21 00:00:00-05:00,13.005311207074616,13.370255470275879,13.005311207074616,13.370255470275879,185600,0.0,0.0
2015-12-22 00:00:00-05:00,13.318121910095215,13.460307901478428,13.30864260293727,13.318121910095215,170800,0.0,0.0
2015-12-23 00:00:00-05:00,13.332340563163232,13.365518139699999,13.294424236832025,13.346559524536133,117400,0.0,0.0
2015-12-24 00:00:00-05:00,13.36551627921321,13.460306629848098,13.237548356659891,13.436609268188477,93100,0.0,0.0
2015-12-28 00:00:00-05:00,13.185413800172954,13.436610005940596,13.071664830767734,13.427130699157715,365600,0.0,0.0
2015-12-29 00:00:00-05:00,13.83639681626635,14.05322554996514,13.606015963611085,13.68732738494873,1443700,8.514,0.0
2015-12-30 00:00:00-05:00,13.721204549469785,13.755083549915474,13.416288375854492,13.416288375854492,661400,0.0,0.0
2015-12-31 00:00:00-05:00,13.484048640344463,13.65344623957593,13.172357678111101,13.490824699401855,451200,0.0,0.0
2016-01-04 00:00:00-05:00,12.853889751911115,13.07749453794137,12.664165262189176,12.96230411529541,639300,0.0,0.0
2016-01-05 00:00:00-05:00,12.962303600752607,13.118150372782155,12.72514799801415,12.731924057006836,428900,0.0,0.0
2016-01-06 00:00:00-05:00,12.806458332256156,12.853889453585815,12.196627229272744,12.338920593261719,629400,0.0,0.0
2016-01-07 00:00:00-05:00,11.749417051559993,11.959469703178588,11.607122402630518,11.844279289245605,690900,0.0,0.0
2016-01-08 00:00:00-05:00,11.803623847369947,11.823952022959814,11.349638265071064,11.383517265319824,864100,0.0,0.0
2016-01-11 00:00:00-05:00,11.356414997836062,11.491932299277838,11.098929928014826,11.349638938903809,368200,0.0,0.0
2016-01-12 00:00:00-05:00,11.397069651990147,11.505484006232065,11.329310357488687,11.363190650939941,146300,0.0,0.0
2016-01-13 00:00:00-05:00,11.315760237650988,11.444501483585123,11.058275160980465,11.092155456542969,258700,0.0,0.0
2016-01-14 00:00:00-05:00,11.214120307009695,11.51903649592098,11.193793422683003,11.512260437011719,233400,0.0,0.0
2016-01-15 00:00:00-05:00,11.0582749861311,11.146362460799677,10.800790559732388,10.861774444580078,393700,0.0,0.0
2016-01-19 00:00:00-05:00,11.159912562791888,11.261552148880797,10.997291034411067,11.058274269104004,338300,0.0,0.0
2016-01-20 00:00:00-05:00,10.841444969177246,10.902428200520944,10.292596533284438,10.841444969177246,355800,0.0,0.0
2016-01-21 00:00:00-05:00,10.766911289732109,11.010843592062532,10.685600522288635,10.882101058959961,74200,0.0,0.0
2016-01-22 00:00:00-05:00,10.84144517147947,11.037946985565005,10.8075655260785,10.83466911315918,538700,0.0,0.0
2016-01-25 00:00:00-05:00,10.827895638472999,10.827895638472999,10.71270585054515,10.72625732421875,149100,0.0,0.0
2016-01-26 00:00:00-05:00,10.563634576301453,10.665272879138506,10.461995627263832,10.638169288635254,223800,0.0,0.0
2016-01-27 00:00:00-05:00,10.570409621778163,10.59751320968219,10.34002880149369,10.360356330871582,216700,0.0,0.0
2016-01-28 00:00:00-05:00,10.455220725743716,10.461996139050546,10.31292670709067,10.373909950256348,178300,0.0,0.0
2016-01-29 00:00:00-05:00,10.556858201874848,10.766911506652832,10.556858201874848,10.766911506652832,202100,0.0,0.0
2016-02-01 00:00:00-05:00,10.536530275626337,10.563633864302782,10.428115920920556,10.468770980834961,131900,0.0,0.0
2016-02-02 00:00:00-05:00,10.373907212524562,10.45521796655357,10.299371870014314,10.434889793395996,226700,0.0,0.0
2016-02-03 00:00:00-05:00,10.434891187098064,10.665272010717198,10.319700775288496,10.570409774780273,212400,0.0,0.0
2016-02-04 00:00:00-05:00,10.604290758346067,10.746584785058854,10.380685951540348,10.611066818237305,207000,0.0,0.0
2016-02-05 00:00:00-05:00,10.563634498037016,10.570410557162768,10.319701539114442,10.3400297164917,87900,0.0,0.0
2016-02-08 00:00:00-05:00,10.306149556258788,10.340029204007806,10.04188907925709,10.16385555267334,175200,0.0,0.0
2016-02-09 00:00:00-05:00,9.980905697329405,9.980905697329405,9.784404518684783,9.953802108764648,178800,0.0,0.0
2016-02-10 00:00:00-05:00,9.621782791516633,10.129975551415756,9.58112773259699,9.960577964782715,286000,0.0,0.0
2016-02-11 00:00:00-05:00,9.791181936198628,9.858941240114435,9.520146012936623,9.757302284240723,248600,0.0,0.0
2016-02-12 00:00:00-05:00,9.892820358276367,9.994458662465274,9.770853876289216,9.892820358276367,87500,0.0,0.0
2016-02-16 00:00:00-05:00,10.163855934390249,10.326477474252359,10.102872695391817,10.204511642456055,182000,0.0,0.0
2016-02-17 00:00:00-05:00,10.340029546877886,10.638169035314222,10.265494190118385,10.550082206726074,113200,0.0,0.0
2016-02-18 00:00:00-05:00,10.590738044266125,10.976965012219397,10.468771565312402,10.50265121459961,223100,0.0,0.0
2016-02-19 00:00:00-05:00,10.536531281173465,10.814343253169968,10.522979162441642,10.563634872436523,135800,0.0,0.0
2016-02-22 00:00:00-05:00,10.726255836134605,10.990515675014384,10.678824715556296,10.787239074707031,188600,0.0,0.0
2016-02-23 00:00:00-05:00,10.712704238527607,10.766911417466348,10.624617411202015,10.651721000671387,86500,0.0,0.0
2016-02-24 00:00:00-05:00,10.705929419094478,10.773688077512423,10.455221025926772,10.760136604309082,128800,0.0,0.0
2016-02-25 00:00:00-05:00,10.401013160662473,10.69915265984954,10.401013160662473,10.590738296508789,202400,0.0,0.0
2016-02-26 00:00:00-05:00,10.6991502286406,10.6991502286406,10.312923985452697,10.434889793395996,217600,0.0,0.0
2016-02-29 00:00:00-05:00,10.428115498331996,10.489098085732348,10.319700501819096,10.407787322998047,70500,0.0,0.0
2016-03-01 00:00:00-05:00,10.509426816434532,10.644944761486448,10.428116049403382,10.604289054870605,125400,0.0,0.0
2016-03-02 00:00:00-05:00,10.753360917766592,10.753360917766592,10.59751541641666,10.72625732421875,141000,0.0,0.0
2016-03-03 00:00:00-05:00,10.712704602624301,10.814342905038723,10.692376425180962,10.800790786743164,125300,0.0,0.0
2016-03-04 00:00:00-05:00,10.848223504332198,11.275104928806426,10.773688139582234,11.20734691619873,136100,0.0,0.0
2016-03-07 00:00:00-05:00,11.173464757555188,11.173464757555188,11.004067169431426,11.098929405212402,132600,0.0,0.0
2016-03-08 00:00:00-05:00,11.146362276341353,11.146362276341353,10.760135320034582,10.814342498779297,163200,0.0,0.0
2016-03-09 00:00:00-05:00,10.8821017364375,11.00406821829614,10.760135900779435,10.848222732543945,212300,0.0,0.0
2016-03-10 00:00:00-05:00,10.854998205938104,10.997291565492574,10.705928141289867,10.814342498779297,132200,0.0,0.0
2016-03-11 00:00:00-05:00,10.970189027020009,11.03794832605087,10.882101550559549,10.983739852905273,114300,0.0,0.0
2016-03-14 00:00:00-04:00,11.04472384704396,11.058275966255842,10.895654412916928,10.990516662597656,146100,0.0,0.0
2016-03-15 00:00:00-04:00,10.970188674635299,11.01084373578744,10.868550375554403,10.909205436706543,57100,0.0,0.0
2016-03-16 00:00:00-04:00,10.814342848735507,11.098930223254342,10.814342848735507,11.092155456542969,120300,0.0,0.0
2016-03-17 00:00:00-04:00,11.092156485403898,11.23444986276156,10.997292941430878,11.20734691619873,89600,0.0,0.0
2016-03-18 00:00:00-04:00,11.275102391284513,11.485156318778609,11.275102391284513,11.444499969482422,172500,0.0,0.0
2016-03-21 00:00:00-04:00,11.60034816019826,11.857831942288607,11.546140980158128,11.783296585083008,280400,0.0,0.0
2016-03-22 00:00:00-04:00,11.783295756933667,11.796847874091513,11.668105345894018,11.735864639282227,200000,0.0,0.0
2016-03-23 00:00:00-04:00,11.769745491272696,11.769745491272696,11.437725067138672,11.437725067138672,199100,0.0,0.0
2016-03-24 00:00:00-04:00,11.349638796546271,11.3835177983815,11.207345437957015,11.322534561157227,85000,0.0,0.0
2016-03-28 00:00:00-04:00,11.329310340747274,11.363190634148463,11.288655281066895,11.288655281066895,74600,0.0,0.0
2016-03-29 00:00:00-04:00,11.241224566812717,11.329310748020292,11.220896390041233,11.275103569030762,218800,0.0,0.0
2016-03-30 00:00:00-04:00,11.424175333669982,11.688435194054122,11.417399274121516,11.46483039855957,116500,0.0,0.0
2016-03-31 00:00:00-04:00,11.532589701643024,11.55969264743568,11.417399274121516,11.46483039855957,183600,0.0,0.0
2016-04-01 00:00:00-04:00,11.302207720931461,11.552915437248876,11.268327426563511,11.546140670776367,125100,0.0,0.0
2016-04-04 00:00:00-04:00,11.485158990045527,11.6071241890984,11.403847564942353,11.525814056396484,108000,0.0,0.0
2016-04-05 00:00:00-04:00,11.519037032698163,11.627451395496172,11.417398729125173,11.451277732849121,147700,0.0,0.0
2016-04-06 00:00:00-04:00,11.512261138954992,11.688434804134433,11.512261138954992,11.681658744812012,104900,0.0,0.0
2016-04-07 00:00:00-04:00,11.586795640458133,11.586795640458133,11.403845929513803,11.430950164794922,111300,0.0,0.0
2016-04-08 00:00:00-04:00,11.586795240523367,11.586795240523367,11.485156946529509,11.49870777130127,87100,0.0,0.0
2016-04-11 00:00:00-04:00,11.681656939617335,11.708761172718537,11.559690475463867,11.559690475463867,126100,0.0,0.0
2016-04-12 00:00:00-04:00,11.647778991973077,11.722313054926907,11.58679575439198,11.674881935119629,121300,0.0,0.0
2016-04-13 00:00:00-04:00,11.790073877066927,11.95269543419322,11.790073877066927,11.891712188720703,194100,0.0,0.0
2016-04-14 00:00:00-04:00,11.973022093540537,11.973022093540537,11.823952674865723,11.823952674865723,159000,0.0,0.0
2016-04-15 00:00:00-04:00,11.864607735885928,11.966246034636988,11.823952674865723,11.823952674865723,92900,0.0,0.0
2016-04-18 00:00:00-04:00,11.884936618571507,12.027229986795115,11.857832381347295,11.993350982666016,215100,0.0,0.0
2016-04-19 00:00:00-04:00,12.054332869354507,12.298264514953559,12.027228635176268,12.061107635498047,132200,0.0,0.0
2016-04-20 00:00:00-04:00,11.925590701834029,11.959469703178588,11.823952405399293,11.844279289245605,176100,0.0,0.0
2016-04-21 00:00:00-04:00,11.81717740573399,11.844280350758455,11.559692319795097,11.593572616577148,105600,0.0,0.0
2016-04-22 00:00:00-04:00,11.57324374997996,11.67488204947699,11.519036570754807,11.552915573120117,107700,0.0,0.0
2016-04-25 00:00:00-04:00,11.600347834534787,11.600347834534787,11.451277124308538,11.47160530090332,44300,0.0,0.0
2016-04-26 00:00:00-04:00,11.491932750193003,11.634227408551418,11.491932750193003,11.613899230957031,81600,0.0,0.0
2016-04-27 00:00:00-04:00,11.53936363491561,11.72908809770866,11.451276169418001,11.708761215209961,127300,0.0,0.0
2016-04-28 00:00:00-04:00,11.654555165018243,11.695210226336835,11.532588688661368,11.552915573120117,121600,0.0,0.0
2016-04-29 00:00:00-04:00,11.55291551229673,11.586795806884766,11.451277213334803,11.586795806884766,104200,0.0,0.0
2016-05-02 00:00:00-04:00,11.58679575439198,11.688434052893447,11.559691518844346,11.674881935119629,80800,0.0,0.0
2016-05-03 00:00:00-04:00,11.674881152534983,11.674881152534983,11.532587802651284,11.539363861083984,112900,0.0,0.0
2016-05-04 00:00:00-04:00,11.539365164579904,11.74264177091919,11.539365164579904,11.613899230957031,157500,0.0,0.0
2016-05-05 00:00:00-04:00,11.715539793534107,11.817178105093026,11.654556548118506,11.688435554504395,92900,0.0,0.0
2016-05-06 00:00:00-04:00,11.532587908697588,11.586795084256643,11.390293265104441,11.417397499084473,105700,0.0,0.0
2016-05-09 00:00:00-04:00,11.383518043188252,11.397070161174218,11.112482145474457,11.15313720703125,268300,0.0,0.0
2016-05-10 00:00:00-04:00,11.28187954431069,11.546140670776367,11.214120247975874,11.546140670776367,163200,0.0,0.0
2016-05-11 00:00:00-04:00,11.437725174133549,11.51903658930276,11.227672515847983,11.261552810668945,95200,0.0,0.0
2016-05-12 00:00:00-04:00,11.27510427967611,11.573244429110192,11.234449215971836,11.519037246704102,194700,0.0,0.0
2016-05-13 00:00:00-04:00,11.383518433000077,11.512260973473143,11.369967606951189,11.451277732849121,68500,0.0,0.0
2016-05-16 00:00:00-04:00,11.485157910633307,11.70876269315036,11.485157910633307,11.573244094848633,125900,0.0,0.0
2016-05-17 00:00:00-04:00,11.586796416653183,11.62067542062305,11.51903711631229,11.566468238830566,83900,0.0,0.0
2016-05-18 00:00:00-04:00,11.525812569027392,11.613898750154105,11.451277213334803,11.586795806884766,136200,0.0,0.0
2016-05-19 00:00:00-04:00,11.546141195569927,11.546141195569927,11.397070478377573,11.410622596740723,130300,0.0,0.0
2016-05-20 00:00:00-04:00,11.444500518111145,11.53936404528221,11.41739757634871,11.458052635192871,89200,0.0,0.0
2016-05-23 00:00:00-04:00,11.478381969749197,11.478381969749197,11.383518433000077,11.451277732849121,116600,0.0,0.0
2016-05-24 00:00:00-04:00,11.35641488500171,11.55969148134522,11.35641488500171,11.47160530090332,110100,0.0,0.0
2016-05-25 00:00:00-04:00,11.546140451972136,11.620674513367009,11.403845803125456,11.478381156921387,161300,0.0,0.0
2016-05-26 00:00:00-04:00,11.430950225311035,11.485157403759175,11.322534576013677,11.397069931030273,101500,0.0,0.0
2016-05-27 00:00:00-04:00,11.478381344903022,11.478381344903022,11.383517813317969,11.397069931030273,175900,0.0,0.0
2016-05-31 00:00:00-04:00,11.715538024902344,11.76974520237715,11.620674495020639,11.715538024902344,215100,0.0,0.0
2016-06-01 00:00:00-04:00,11.681658530537176,11.70876276732969,11.566468108971275,11.613899230957031,105900,0.0,0.0
2016-06-02 00:00:00-04:00,11.593570808913762,11.776519213406923,11.5664665757142,11.708761215209961,125100,0.0,0.0
2016-06-03 00:00:00-04:00,11.735864716052165,11.80362400988362,11.600347420790287,11.776519775390625,152600,0.0,0.0
2016-06-06 00:00:00-04:00,11.762969093305342,11.851055271674559,11.722312741072425,11.803624153137207,149500,0.0,0.0
2016-06-07 00:00:00-04:00,11.851056036987298,11.973022516760249,11.830727859558095,11.884936332702637,105000,0.0,0.0
2016-06-08 00:00:00-04:00,11.912039276873774,11.979798575903317,11.857832096130366,11.884936332702637,126600,0.0,0.0
2016-06-09 00:00:00-04:00,11.87815991490003,11.891710740375865,11.769745556686772,11.790072441101074,167700,0.0,0.0
2016-06-10 00:00:00-04:00,11.70198767401925,11.762970919434853,11.546142176802158,11.688435554504395,301100,0.0,0.0
2016-06-13 00:00:00-04:00,11.573243522817574,11.593571699278412,11.403845929513803,11.430950164794922,212400,0.0,0.0
2016-06-14 00:00:00-04:00,11.512261187353193,11.566468369759283,11.444501886245288,11.519037246704102,215500,0.0,0.0
2016-06-15 00:00:00-04:00,11.525811850202581,11.647778318310705,11.417397499084473,11.417397499084473,278100,0.0,0.0
2016-06-16 00:00:00-04:00,11.41739757634871,11.491931635496169,11.281878990333484,11.458052635192871,336100,0.0,0.0
2016-06-17 00:00:00-04:00,11.410622212304496,11.580019808933242,11.383517976491369,11.552915573120117,214400,0.0,0.0
2016-06-20 00:00:00-04:00,11.68165726154297,11.851054845890868,11.586795027876468,11.742640495300293,216300,0.0,0.0
2016-06-21 00:00:00-04:00,11.708761293647635,11.762968468008927,11.654554119286345,11.74941635131836,174200,0.0,0.0
2016-06-22 00:00:00-04:00,11.756192207336426,11.830726263049836,11.72908797442176,11.756192207336426,151000,0.0,0.0
2016-06-23 00:00:00-04:00,11.817176237346402,12.000124652276309,11.756193001569418,11.966245651245117,161400,0.0,0.0
2016-06-24 00:00:00-04:00,11.424173634889573,11.776519632207329,11.349638283341097,11.458052635192871,388400,0.0,0.0
2016-06-27 00:00:00-04:00,11.546141484107732,11.607123433463558,11.430951059944645,11.519037246704102,161700,0.0,0.0
2016-06-28 00:00:00-04:00,11.729089490652484,11.925591327482909,11.72231343154787,11.898487091064453,191800,0.0,0.0
2016-06-29 00:00:00-04:00,12.101762933169534,12.230504157104724,12.027227588069545,12.183073043823242,257400,0.0,0.0
2016-06-30 00:00:00-04:00,12.027227427501533,12.230503993822891,11.864605915964265,12.101762771606445,236000,0.0,0.0
2016-07-01 00:00:00-04:00,12.128866780829343,12.189850014586666,11.627450086247682,11.742640495300293,193300,0.0,0.0
2016-07-05 00:00:00-04:00,11.708762660586533,11.851056025246585,11.708762660586533,11.81040096282959,175500,0.0,0.0
2016-07-06 00:00:00-04:00,11.762969259594298,11.993350089233436,11.762969259594298,11.95946979522705,142200,0.0,0.0
2016-07-07 00:00:00-04:00,11.89171185268824,12.000126221042228,11.878161025944904,11.945919036865234,236300,0.0,0.0
2016-07-08 00:00:00-04:00,12.04755851276052,12.176299766091288,11.99335132914725,12.067885398864746,225600,0.0,0.0
2016-07-11 00:00:00-04:00,12.0882127638912,12.162748120994024,11.993350522052053,12.094988822937012,201100,0.0,0.0
2016-07-12 00:00:00-04:00,12.210179414297057,12.37280095648911,12.203403355155581,12.325369834899902,312900,0.0,0.0
2016-07-13 00:00:00-04:00,12.291489862556368,12.38635340063158,12.196627616882324,12.196627616882324,186600,0.0,0.0
2016-07-14 00:00:00-04:00,12.237281067630917,12.33891935922965,12.223730243178485,12.30504035949707,160500,0.0,0.0
2016-07-15 00:00:00-04:00,12.366024680606092,12.366024680606092,12.162748079529177,12.257610321044922,98300,0.0,0.0
2016-07-18 00:00:00-04:00,12.250834476744787,12.352472779064678,12.210179414297057,12.325369834899902,236000,0.0,0.0
2016-07-19 00:00:00-04:00,12.2982642813817,12.35247145630764,12.210178106777418,12.230504989624023,119200,0.0,0.0
2016-07-20 00:00:00-04:00,12.250833261834504,12.345695495605469,12.23050508642601,12.345695495605469,133600,0.0,0.0
2016-07-21 00:00:00-04:00,12.305041110349265,12.39312858287065,12.277938167389584,12.311817169189453,105200,0.0,0.0
2016-07-22 00:00:00-04:00,12.298265863692555,12.366025164168228,12.250834741079931,12.284713745117188,132300,0.0,0.0
2016-07-25 00:00:00-04:00,12.291488444940766,12.318592679093717,12.155971151379072,12.298264503479004,145600,0.0,0.0
2016-07-26 00:00:00-04:00,12.406679423206661,12.474438719289711,12.345696185972024,12.3863525390625,175600,0.0,0.0
2016-07-27 00:00:00-04:00,12.298265863692555,12.393129401318962,12.250834741079931,12.284713745117188,153900,0.0,0.0
2016-07-28 00:00:00-04:00,12.345697199567434,12.399904382404127,12.332146373159148,12.352473258972168,58400,0.0,0.0
2016-07-29 00:00:00-04:00,12.41345651873357,12.596406245716066,12.41345651873357,12.501543998718262,123700,0.0,0.0
2016-08-01 00:00:00-04:00,12.413456092880041,12.508318336623521,12.35924891182646,12.3660249710083,154800,0.0,0.0
2016-08-02 00:00:00-04:00,12.318593518951802,12.460886880753023,12.318593518951802,12.420231819152832,191900,0.0,0.0
2016-08-03 00:00:00-04:00,12.393129004238094,12.447336184401582,12.33214576500403,12.372800827026367,81900,0.0,0.0
2016-08-04 00:00:00-04:00,12.433783591483495,12.467662593141606,12.386352472201715,12.399903297424316,139000,0.0,0.0
2016-08-05 00:00:00-04:00,12.372801041402683,12.47443934442011,12.33214597867594,12.440560340881348,114800,0.0,0.0
2016-08-08 00:00:00-04:00,12.447336807073851,12.481215811720393,12.399904391207034,12.427008628845215,80300,0.0,0.0
2016-08-09 00:00:00-04:00,12.501544814070932,12.521871701238364,12.413457328341162,12.474440574645996,128700,0.0,0.0
2016-08-10 00:00:00-04:00,12.46766306921219,12.46766306921219,12.372800827026367,12.372800827026367,78200,0.0,0.0
2016-08-11 00:00:00-04:00,12.386353564789129,12.460887633491756,12.386353564789129,12.427008628845215,102300,0.0,0.0
2016-08-12 00:00:00-04:00,12.528647761094598,12.569302827830732,12.413457328341162,12.474440574645996,118200,0.0,0.0
2016-08-15 00:00:00-04:00,12.725147891805438,12.935200549221083,12.725147891805438,12.908096313476562,222200,0.0,0.0
2016-08-16 00:00:00-04:00,12.894545337428708,12.928424339312638,12.752250686233824,12.826786041259766,174600,0.0,0.0
2016-08-17 00:00:00-04:00,12.759026451100556,12.792905452203856,12.677715039091169,12.718371391296387,151100,0.0,0.0
2016-08-18 00:00:00-04:00,12.76580266200595,12.84033801620314,12.75225054444263,12.799681663513184,108200,0.0,0.0
2016-08-19 00:00:00-04:00,12.765802789084944,12.765802789084944,12.657388432301294,12.752250671386719,77900,0.0,0.0
2016-08-22 00:00:00-04:00,12.74547448566097,12.82000983985816,12.704819425372078,12.799681663513184,301600,0.0,0.0
2016-08-23 00:00:00-04:00,12.860664511115619,12.901320862575734,12.826785510633217,12.887768745422363,136700,0.0,0.0
2016-08-24 00:00:00-04:00,12.894546174957782,12.962304183126674,12.880994056363537,12.948753356933594,97200,0.0,0.0
2016-08-25 00:00:00-04:00,12.84711237598431,12.941975903524135,12.738698023711104,12.813233375549316,61800,0.0,0.0
2016-08-26 00:00:00-04:00,12.88099349836085,12.88099349836085,12.813234200726116,12.860665321350098,77000,0.0,0.0
2016-08-29 00:00:00-04:00,12.833561521281316,13.009735166414124,12.833561521281316,12.975854873657227,84900,0.0,0.0
2016-08-30 00:00:00-04:00,12.94875150746681,12.975854448383028,12.908095157491013,12.914871215820312,72700,0.0,0.0
2016-08-31 00:00:00-04:00,12.92842333247891,13.023285564287145,12.914871215820312,12.914871215820312,114100,0.0,0.0
2016-09-01 00:00:00-04:00,12.908096313476562,13.009735905117415,12.894545488005399,12.908096313476562,90700,0.0,0.0
2016-09-02 00:00:00-04:00,13.030062945747195,13.057167181816677,12.955528881358338,13.009736061096191,56000,0.0,0.0
2016-09-06 00:00:00-04:00,13.124927789129954,13.131702556422168,13.050392424903215,13.084271430969238,97700,0.0,0.0
2016-09-07 00:00:00-04:00,13.20623731402409,13.26044449668048,13.08427082994692,13.179134368896484,143300,0.0,0.0
2016-09-08 00:00:00-04:00,13.240116675333887,13.341754974082288,13.219788498623773,13.30787467956543,163500,0.0,0.0
2016-09-09 00:00:00-04:00,13.29432428536822,13.31465117033656,12.90132190303303,13.002960205078125,170700,0.0,0.0
2016-09-12 00:00:00-04:00,12.887769557364434,12.935200677988416,12.779355198109304,12.860665321350098,127700,0.0,0.0
2016-09-13 00:00:00-04:00,12.745474542421528,12.799681720515144,12.318593176484425,12.399903297424316,246600,0.0,0.0
2016-09-14 00:00:00-04:00,12.447336227892674,12.684491834185856,12.447336227892674,12.650612831115723,130900,0.0,0.0
2016-09-15 00:00:00-04:00,13.023288186129406,13.206237920648904,12.87421875007717,13.084271430969238,281200,0.0,0.0
2016-09-16 00:00:00-04:00,13.206235868390964,13.206235868390964,13.050390396863765,13.13170051574707,182600,0.0,0.0
2016-09-19 00:00:00-04:00,13.213011741638184,13.328202152107481,13.172356682766967,13.213011741638184,335000,0.0,0.0
2016-09-20 00:00:00-04:00,13.280770956818014,13.280770956818014,13.172356605529785,13.172356605529785,222300,0.0,0.0
2016-09-21 00:00:00-04:00,13.273994300856815,13.280770359057469,13.192682894849922,13.2468900680542,161100,0.0,0.0
2016-09-22 00:00:00-04:00,13.368857621231648,13.368857621231648,13.14525285197662,13.19946002960205,226200,0.0,0.0
2016-09-23 00:00:00-04:00,13.213012898433048,13.287548256556674,13.158805717725265,13.206236839294434,180000,0.0,0.0
2016-09-26 00:00:00-04:00,13.09782266347047,13.213013085656858,13.070719718933105,13.070719718933105,99400,0.0,0.0
2016-09-27 00:00:00-04:00,13.111374307309728,13.111374307309728,13.043615009817467,13.097822189331055,69900,0.0,0.0
2016-09-28 00:00:00-04:00,13.166373734158691,13.244114432608333,13.081566924922654,13.229979515075684,193700,0.797,0.0
2016-09-29 00:00:00-04:00,13.215847468443945,13.215847468443945,12.947289396296183,12.97555923461914,151400,0.0,0.0
2016-09-30 00:00:00-04:00,13.102771307440213,13.215847969055176,13.081568927894857,13.215847969055176,111700,0.0,0.0
2016-10-03 00:00:00-04:00,13.215846084149769,13.314787811956299,12.947288040132126,13.010893821716309,186900,0.0,0.0
2016-10-04 00:00:00-04:00,13.095702428493048,13.159308212256425,13.046230214914877,13.152240753173828,77000,0.0,0.0
2016-10-05 00:00:00-04:00,13.208778855507624,13.229979884418542,13.060364913231377,13.145173072814941,87900,0.0,0.0
2016-10-06 00:00:00-04:00,13.208778887216388,13.215846346196981,12.933153378893113,13.067432403564453,86500,0.0,0.0
2016-10-07 00:00:00-04:00,13.039165316112898,13.067433807091522,12.897818817279434,12.954357147216797,106000,0.0,0.0
2016-10-10 00:00:00-04:00,13.046230688605878,13.1169039340179,13.025029658568299,13.088635444641113,53400,0.0,0.0
2016-10-11 00:00:00-04:00,13.053299151567122,13.053299151567122,12.83421328712715,12.883684158325195,199000,0.0,0.0
2016-10-12 00:00:00-04:00,12.862483156783233,12.961424899411057,12.834213317186629,12.933155059814453,74700,0.0,0.0
2016-10-13 00:00:00-04:00,12.813010468463967,12.890751176528754,12.756472139320511,12.869548797607422,107400,0.0,0.0
2016-10-14 00:00:00-04:00,12.855415226306631,12.968491884593542,12.834212847385299,12.869548797607422,57400,0.0,0.0
2016-10-17 00:00:00-04:00,12.770606034202041,12.777673493275566,12.509116788381561,12.516182899475098,108900,0.0,0.0
2016-10-18 00:00:00-04:00,12.622194386863322,12.834212783094182,12.622194386863322,12.770606994628906,127600,0.0,0.0
2016-10-19 00:00:00-04:00,12.742338316708857,12.848347513264557,12.692866100201465,12.813010215759277,67200,0.0,0.0
2016-10-20 00:00:00-04:00,12.7564718877309,12.890750922290822,12.728203397706745,12.813010215759277,65700,0.0,0.0
2016-10-21 00:00:00-04:00,12.827145387744855,12.869548797607422,12.79180943752273,12.869548797607422,63300,0.0,0.0
2016-10-24 00:00:00-04:00,12.876616003288712,12.961424169321313,12.813010215759277,12.813010215759277,90500,0.0,0.0
2016-10-25 00:00:00-04:00,12.805942353302244,12.911951535363478,12.791807436232778,12.848345756530762,52700,0.0,0.0
2016-10-26 00:00:00-04:00,12.841281624087818,12.947290833607088,12.79181074951084,12.911954879760742,69300,0.0,0.0
2016-10-27 00:00:00-04:00,12.926089138701462,12.947290170731725,12.862483346650343,12.890751838684082,37700,0.0,0.0
2016-10-28 00:00:00-04:00,12.862481117248535,12.897817063161114,12.820076364577524,12.862481117248535,53900,0.0,0.0
2016-10-31 00:00:00-04:00,12.827144879535412,12.862482176337574,12.756471633911133,12.756471633911133,50100,0.0,0.0
2016-11-01 00:00:00-04:00,12.8978175393076,12.90488499834701,12.79180834967641,12.79887580871582,52600,0.0,0.0
2016-11-02 00:00:00-04:00,12.721135394584088,12.791808638594446,12.643394691374693,12.65046215057373,89400,0.0,0.0
2016-11-03 00:00:00-04:00,12.714068191763428,12.79180889654046,12.685799702377258,12.707000732421875,49200,0.0,0.0
2016-11-04 00:00:00-04:00,12.68579900805357,12.777673278505171,12.622193225440935,12.763538360595703,53800,0.0,0.0
2016-11-07 00:00:00-05:00,12.834213317186629,12.968492359310208,12.805944825570169,12.933155059814453,133200,0.0,0.0
2016-11-08 00:00:00-05:00,12.890751111954417,12.890751111954417,12.57978962923308,12.770606994628906,97900,0.0,0.0
2016-11-09 00:00:00-05:00,12.67166610171212,12.834213639534752,12.551521976369266,12.749406814575195,119600,0.0,0.0
2016-11-10 00:00:00-05:00,12.777674203695385,12.834212531447044,12.466712727071233,12.586856842041016,167500,0.0,0.0
2016-11-11 00:00:00-05:00,12.622194573812983,12.728203773498535,12.452579584720079,12.728203773498535,118900,0.0,0.0
2016-11-14 00:00:00-05:00,12.685799445437313,12.692865556655708,12.198155544587353,12.523250579833984,167000,0.0,0.0
2016-11-15 00:00:00-05:00,12.608058963654985,12.70700069821025,12.516183340442211,12.657529830932617,131300,0.0,0.0
2016-11-16 00:00:00-05:00,12.657528810009605,12.706999673297048,12.657528810009605,12.685798645019531,65500,0.0,0.0
2016-11-17 00:00:00-05:00,12.650461351257125,12.791807830346896,12.650461351257125,12.685798645019531,52300,0.0,0.0
2016-11-18 00:00:00-05:00,12.685800593354768,12.685800593354768,12.593924963441818,12.608059883117676,93200,0.0,0.0
2016-11-21 00:00:00-05:00,12.735270603809877,12.869548287717965,12.735270603809877,12.756471633911133,151700,0.0,0.0
2016-11-22 00:00:00-05:00,12.820076684253605,12.862481437982003,12.664596631189369,12.763538360595703,90900,0.0,0.0
2016-11-23 00:00:00-05:00,12.742337702799952,12.75647127314106,12.593923756388305,12.678731918334961,50800,0.0,0.0
2016-11-25 00:00:00-05:00,12.805942353302244,12.897816618294012,12.735269115934793,12.848345756530762,279600,0.0,0.0
2016-11-28 00:00:00-05:00,12.897818527211092,13.074500972789325,12.855415117706738,12.97555923461914,133800,0.0,0.0
2016-11-29 00:00:00-05:00,12.975559478593086,13.159309387207031,12.940222180024955,13.159309387207031,277100,0.0,0.0
2016-11-30 00:00:00-05:00,13.159307761406046,13.222912195010284,12.926087011590694,13.010893821716309,97600,0.0,0.0
2016-12-01 00:00:00-05:00,13.017961507429577,13.180509019653114,13.017961507429577,13.145173072814941,75800,0.0,0.0
2016-12-02 00:00:00-05:00,13.06743313625675,13.109836544537906,13.003827349844993,13.060365676879883,70200,0.0,0.0
2016-12-05 00:00:00-05:00,13.03916432089815,13.07450026891944,12.813009670429848,12.904885292053223,125700,0.0,0.0
2016-12-06 00:00:00-05:00,12.834211527605547,12.834211527605547,12.664596557617188,12.664596557617188,155500,0.0,0.0
2016-12-07 00:00:00-05:00,12.735269115934793,12.98262477273093,12.721134198865327,12.848345756530762,186300,0.0,0.0
2016-12-08 00:00:00-05:00,12.777674454233948,12.834212783094182,12.728203584978752,12.770606994628906,90400,0.0,0.0
2016-12-09 00:00:00-05:00,12.77767280625365,12.827143669128418,12.742336860765935,12.827143669128418,49900,0.0,0.0
2016-12-12 00:00:00-05:00,12.593925389280848,12.622195229588455,12.438445311529543,12.445512771606445,157900,0.0,0.0
2016-12-13 00:00:00-05:00,12.459643572193285,12.509115781726745,12.318298446037316,12.339499473571777,152700,0.0,0.0
2016-12-14 00:00:00-05:00,12.297097101699975,12.431376128591054,12.261761154192847,12.275896072387695,71600,0.0,0.0
2016-12-15 00:00:00-05:00,12.226423819565113,12.24055873771471,12.09214614108389,12.099213600158691,142100,0.0,0.0
2016-12-16 00:00:00-05:00,12.063876814994138,12.099214111862631,12.000271028610898,12.085079193115234,130700,0.0,0.0
2016-12-19 00:00:00-05:00,12.106280070867529,12.1840207750196,12.042675633264958,12.176953315734863,117400,0.0,0.0
2016-12-20 00:00:00-05:00,12.1557519937966,12.1557519937966,12.04974145505268,12.070943832397461,169000,0.0,0.0
2016-12-21 00:00:00-05:00,12.162818615154134,12.339501056499058,12.099214176411609,12.311232566833496,135200,0.0,0.0
2016-12-22 00:00:00-05:00,12.297097392657008,12.332434688980234,12.08507900663776,12.127482414245605,73100,0.0,0.0
2016-12-23 00:00:00-05:00,12.078010964949785,12.113346911589023,12.02854010046287,12.042675018310547,199600,0.0,0.0
2016-12-27 00:00:00-05:00,12.049741386635096,12.099213600158691,12.00733798016629,12.099213600158691,292000,0.0,0.0
2016-12-28 00:00:00-05:00,12.120414989864948,12.127482449149934,12.014405796550216,12.049741744995117,192900,0.0,0.0
2016-12-29 00:00:00-05:00,12.113347530579961,12.120414989864948,12.021473255835202,12.049741744995117,123000,0.0,0.0
2016-12-30 00:00:00-05:00,12.120415178221727,12.120415178221727,11.972002574870709,12.007338523864746,163300,0.0,0.0
2017-01-03 00:00:00-05:00,12.106280002344427,12.33243465423584,12.106280002344427,12.33243465423584,94700,0.0,0.0
2017-01-04 00:00:00-05:00,12.367771691771576,12.473780893819306,12.367771691771576,12.403107643127441,104200,0.0,0.0
2017-01-05 00:00:00-05:00,12.381904934793985,12.565654822518045,12.381904934793985,12.537384986877441,128900,0.0,0.0
2017-01-06 00:00:00-05:00,12.452579059101456,12.48791500817842,12.261761698933727,12.311232566833496,120400,0.0,0.0
2017-01-09 00:00:00-05:00,12.32536792755127,12.339501498900749,12.297098088892113,12.32536792755127,54700,0.0,0.0
2017-01-10 00:00:00-05:00,12.325367078051949,12.403106433046412,12.29709724134123,12.34656810760498,95800,0.0,0.0
2017-01-11 00:00:00-05:00,12.282961335222739,12.32536608687874,12.226423014327969,12.297096252441406,89500,0.0,0.0
2017-01-12 00:00:00-05:00,12.268827478716645,12.31829833984375,12.226422728053526,12.31829833984375,53200,0.0,0.0
2017-01-13 00:00:00-05:00,12.268828392028809,12.332434174778541,12.22642363820901,12.268828392028809,51500,0.0,0.0
2017-01-17 00:00:00-05:00,12.325366820907993,12.332434279938225,12.247626119555427,12.290029525756836,110200,0.0,0.0
2017-01-18 00:00:00-05:00,12.297097681427331,12.417241795787566,12.268829191684953,12.360703468322754,79000,0.0,0.0
2017-01-19 00:00:00-05:00,12.34656977900954,12.473781365468902,12.318301286452009,12.466713905334473,128700,0.0,0.0
2017-01-20 00:00:00-05:00,12.47377894626555,12.494981322556788,12.410173165371772,12.480846405029297,55700,0.0,0.0
2017-01-23 00:00:00-05:00,12.4879150390625,12.502049957920264,12.438444171040382,12.4879150390625,101000,0.0,0.0
2017-01-24 00:00:00-05:00,12.431376306214723,12.558587875826017,12.403106469421097,12.523250579833984,182000,0.0,0.0
2017-01-25 00:00:00-05:00,12.55858878440563,12.827145513474369,12.55858878440563,12.728203773498535,64400,0.0,0.0
2017-01-26 00:00:00-05:00,12.756471343714512,12.791808639712785,12.678731988478331,12.777673721313477,70000,0.0,0.0
2017-01-27 00:00:00-05:00,12.784742766978315,12.90488689232117,12.728204434345217,12.749406814575195,48400,0.0,0.0
2017-01-30 00:00:00-05:00,12.721136313788817,12.798877022615606,12.615127114103265,12.728203773498535,242200,0.0,0.0
2017-01-31 00:00:00-05:00,12.60099219468383,12.770607183776734,12.60099219468383,12.728203773498535,72200,0.0,0.0
2017-02-01 00:00:00-05:00,12.671664783694155,12.72113565110498,12.671664783694155,12.707000732421875,46400,0.0,0.0
2017-02-02 00:00:00-05:00,12.714069514191898,12.841281099611413,12.70700205411524,12.749406814575195,127300,0.0,0.0
2017-02-03 00:00:00-05:00,12.749405963793874,12.770606994628906,12.69286628695355,12.770606994628906,110600,0.0,0.0
2017-02-06 00:00:00-05:00,12.791810227054974,12.791810227054974,12.721136974268559,12.749406814575195,82200,0.0,0.0
2017-02-07 00:00:00-05:00,12.74940431945946,12.890749449390238,12.74940431945946,12.827143669128418,97500,0.0,0.0
2017-02-08 00:00:00-05:00,12.890750338488866,12.919020175212793,12.820077094659057,12.855414390563965,83600,0.0,0.0
2017-02-09 00:00:00-05:00,12.897817832852962,12.933153780874253,12.897817832852962,12.904885292053223,47500,0.0,0.0
2017-02-10 00:00:00-05:00,12.968492550742154,12.996761042775892,12.890751838684082,12.890751838684082,110400,0.0,0.0
2017-02-13 00:00:00-05:00,12.911953956535951,12.982627207155629,12.911953956535951,12.961424827575684,52000,0.0,0.0
2017-02-14 00:00:00-05:00,13.025029215289083,13.032096674387763,12.897817647472825,12.947288513183594,78400,0.0,0.0
2017-02-15 00:00:00-05:00,12.926088687342686,13.003828048706055,12.904886308072612,13.003828048706055,47700,0.0,0.0
2017-02-16 00:00:00-05:00,12.98262551846733,13.003826547309458,12.954355682704547,12.968490600585938,43200,0.0,0.0
2017-02-17 00:00:00-05:00,12.933153594986234,12.961423431380954,12.904885106571506,12.947288513183594,36900,0.0,0.0
2017-02-21 00:00:00-05:00,13.003826589502323,13.145173072814941,12.96849064266415,13.145173072814941,164600,0.0,0.0
2017-02-22 00:00:00-05:00,13.19464533779505,13.208780257222303,13.095703597764507,13.159309387207031,70500,0.0,0.0
2017-02-23 00:00:00-05:00,13.145173771374724,13.180509720090717,13.088635444641113,13.088635444641113,63700,0.0,0.0
2017-02-24 00:00:00-05:00,13.088635444641113,13.138106312035518,13.06036560728429,13.088635444641113,78600,0.0,0.0
2017-02-27 00:00:00-05:00,13.081567321525641,13.088634780506235,13.03916391562205,13.067432403564453,43500,0.0,0.0
2017-02-28 00:00:00-05:00,13.010894231842475,13.109835962767821,13.010894231842475,13.10276985168457,46400,0.0,0.0
2017-03-01 00:00:00-05:00,13.102769225175864,13.145172629547782,13.081566848999945,13.131037712097168,54000,0.0,0.0
2017-03-02 00:00:00-05:00,13.074501298292851,13.074501298292851,12.926088687342686,13.003828048706055,72200,0.0,0.0
2017-03-03 00:00:00-05:00,12.933154477134703,12.989692805800535,12.91195344637257,12.97555923461914,45500,0.0,0.0
2017-03-06 00:00:00-05:00,12.947288699274774,12.968491076875555,12.83421204803063,12.904885292053223,208000,0.0,0.0
2017-03-07 00:00:00-05:00,12.933154728394792,13.032097816467285,12.911953697220772,13.032097816467285,171600,0.0,0.0
2017-03-08 00:00:00-05:00,13.067431699014048,13.07449915761359,12.968489974580269,12.996758460998535,75900,0.0,0.0
2017-03-09 00:00:00-05:00,12.947290833607088,12.96142575433772,12.820079242991872,12.911954879760742,70000,0.0,0.0
2017-03-10 00:00:00-05:00,12.926087669654004,12.961423617675296,12.841279507230889,12.904885292053223,52300,0.0,0.0
2017-03-13 00:00:00-04:00,12.968491042940178,13.003826990869003,12.954356124576645,12.982625961303711,67000,0.0,0.0
2017-03-14 00:00:00-04:00,13.060367071009406,13.102771831797105,12.968492785263102,13.074501991271973,183700,0.0,0.0
2017-03-15 00:00:00-04:00,13.081567614059557,13.180509346040493,13.06743269578228,13.173441886901855,104900,0.0,0.0
2017-03-16 00:00:00-04:00,13.173442108003485,13.21584686354703,13.145173618954475,13.180509567260742,99800,0.0,0.0
2017-03-17 00:00:00-04:00,13.102770329058353,13.145173737002676,13.010894705868951,13.039164543151855,102700,0.0,0.0
2017-03-20 00:00:00-04:00,13.046230283077856,13.173441851269255,13.046230283077856,13.123970985412598,36400,0.0,0.0
2017-03-21 00:00:00-04:00,13.19464426431777,13.244115130308238,13.15224085746594,13.173441886901855,90800,0.0,0.0
2017-03-22 00:00:00-04:00,13.222912755083696,13.321855835061031,13.201711725644268,13.300653457641602,79300,0.0,0.0
2017-03-23 00:00:00-04:00,13.286519951367216,13.491472244262695,13.286519951367216,13.491472244262695,140700,0.0,0.0
2017-03-24 00:00:00-04:00,13.470269353193261,13.55507752068411,13.456135781928197,13.505606651306152,120600,0.0,0.0
2017-03-27 00:00:00-04:00,13.470269864590016,13.491472244262695,13.427866453224798,13.491472244262695,84300,0.0,0.0
2017-03-28 00:00:00-04:00,13.427865690988886,13.5692121848229,13.427865690988886,13.449068069458008,90000,0.0,0.0
2017-03-29 00:00:00-04:00,13.392530501750475,13.505607164044482,13.378395581968688,13.491472244262695,69900,0.0,0.0
2017-03-30 00:00:00-04:00,13.427865028381348,13.491470812669975,13.385461621515596,13.427865028381348,95800,0.0,0.0
2017-03-31 00:00:00-04:00,13.434933754862183,13.590413826689968,13.427866295054537,13.583346366882324,101200,0.0,0.0
2017-04-03 00:00:00-04:00,13.654019161854679,13.837769066788178,13.646951702282612,13.823634147644043,111100,0.0,0.0
2017-04-04 00:00:00-04:00,13.823633926744286,13.851903764580808,13.781230517969567,13.816566467285156,84000,0.0,0.0
2017-04-05 00:00:00-04:00,13.922576236908256,13.929642347994353,13.738826345130036,13.774162292480469,218800,0.0,0.0
2017-04-06 00:00:00-04:00,13.767094985734913,13.809499740600586,13.689355631107848,13.809499740600586,78900,0.0,0.0
2017-04-07 00:00:00-04:00,13.795364003753361,13.851902325572846,13.70348838830925,13.752959251403809,124300,0.0,0.0
2017-04-10 00:00:00-04:00,13.710557716952007,13.710557716952007,13.66108684711035,13.703490257263184,174600,0.0,0.0
2017-04-11 00:00:00-04:00,13.639884248284735,13.731759874779073,13.611615757964996,13.696422576904297,206500,0.0,0.0
2017-04-12 00:00:00-04:00,13.710558200129206,13.731760579942872,13.639884948730467,13.639884948730469,119100,0.0,0.0
2017-04-13 00:00:00-04:00,13.668153030473086,13.738826272781774,13.668153030473086,13.675220489501953,78000,0.0,0.0
2017-04-17 00:00:00-04:00,13.68228922617682,13.710557716952007,13.604548517579873,13.703490257263184,100100,0.0,0.0
2017-04-18 00:00:00-04:00,13.60454756963461,13.696421843227432,13.562144162436386,13.576277732849121,81000,0.0,0.0
2017-04-19 00:00:00-04:00,13.562145335439519,13.668154536593924,13.562145335439519,13.583346366882324,83800,0.0,0.0
2017-04-20 00:00:00-04:00,13.675220341699255,13.795364447931506,13.668152882746774,13.767094612121582,55600,0.0,0.0
2017-04-21 00:00:00-04:00,13.752959626377097,13.795364379882812,13.731758597604196,13.795364379882812,37700,0.0,0.0
2017-04-24 00:00:00-04:00,13.781230159380362,13.788297618655596,13.724691833158516,13.738826751708984,77000,0.0,0.0
2017-04-25 00:00:00-04:00,13.703489268371273,13.788297430536987,13.65401840209961,13.65401840209961,76800,0.0,0.0
2017-04-26 00:00:00-04:00,13.717624955629162,13.767095824673767,13.696422576904295,13.696422576904297,45300,0.0,0.0
2017-04-27 00:00:00-04:00,13.710556508865702,13.774162292480469,13.710556508865702,13.774162292480469,40400,0.0,0.0
2017-04-28 00:00:00-04:00,13.781230738191724,13.830701607216112,13.760028359475521,13.823634147644043,69400,0.0,0.0
2017-05-01 00:00:00-04:00,13.788299280560668,13.986184120178224,13.788299280560668,13.986184120178223,75300,0.0,0.0
2017-05-02 00:00:00-04:00,13.993249529945738,14.04272174835205,13.936711199747215,14.04272174835205,120000,0.0,0.0
2017-05-03 00:00:00-04:00,13.964981592162827,14.007385004496815,13.92257817982884,13.950846672058105,80000,0.0,0.0
2017-05-04 00:00:00-04:00,13.957912151513545,13.957912151513545,13.802432096364415,13.851902961730957,164600,0.0,0.0
2017-05-05 00:00:00-04:00,13.781229755026427,13.901373863220215,13.724691430463466,13.901373863220215,118600,0.0,0.0
2017-05-08 00:00:00-04:00,14.014451317936539,14.367816203762452,13.964980449597721,13.99324893951416,284700,0.0,0.0
2017-05-09 00:00:00-04:00,14.120458785448529,14.205266940775683,14.063920464557059,14.078055381774902,175800,0.0,0.0
2017-05-10 00:00:00-04:00,14.155795319479985,14.275939413429894,14.106323111870166,14.162862777709961,227500,0.0,0.0
2017-05-11 00:00:00-04:00,14.261808189462853,14.332481442080622,14.11339422416752,14.12752914428711,127700,0.0,0.0
2017-05-12 00:00:00-04:00,14.205268231068324,14.205268231068324,14.085124119763536,14.106325149536133,106800,0.0,0.0
2017-05-15 00:00:00-04:00,14.2052686647741,14.61517187797944,14.141662877554301,14.502095222473145,175000,0.0,0.0
2017-05-16 00:00:00-04:00,14.523296589054498,15.08868122765264,14.523296589054498,14.961469650268555,241500,0.0,0.0
2017-05-17 00:00:00-04:00,14.848392690626646,14.904931018540356,14.10632562028161,14.29714298248291,239900,0.0,0.0
2017-05-18 00:00:00-04:00,14.148728244875736,14.46675578596855,14.148728244875736,14.367814064025879,118100,0.0,0.0
2017-05-19 00:00:00-04:00,14.431423419271649,14.841326673477045,14.410221038750953,14.61517333984375,166700,0.0,0.0
2017-05-22 00:00:00-04:00,14.72824837522323,14.820122651342334,14.699978537660398,14.72118091583252,151900,0.0,0.0
2017-05-23 00:00:00-04:00,14.770651561770189,14.770651561770189,14.68584474631537,14.714113235473633,53600,0.0,0.0
2017-05-24 00:00:00-04:00,14.699977579408525,14.714112497268523,14.487959203428387,14.593968391418457,123300,0.0,0.0
2017-05-25 00:00:00-04:00,14.699979229972298,14.834258268759672,14.601037489802712,14.791854858398438,102300,0.0,0.0
2017-05-26 00:00:00-04:00,14.834257381993634,14.834257381993634,14.721180729136456,14.76358413696289,56400,0.0,0.0
2017-05-30 00:00:00-04:00,14.834257536015658,14.834257536015658,14.664642554968804,14.671710014343262,79900,0.0,0.0
2017-05-31 00:00:00-04:00,14.699978317330272,14.707045776615049,14.558633175574805,14.586901664733887,162400,0.0,0.0
2017-06-01 00:00:00-04:00,14.671710590415051,14.996805646524413,14.671710590415051,14.75651741027832,112300,0.0,0.0
2017-06-02 00:00:00-04:00,14.820122277394972,14.933198928833006,14.749450381231211,14.933198928833008,60600,0.0,0.0
2017-06-05 00:00:00-04:00,14.80598702067592,14.86252533995571,14.678775465301428,14.813053131103516,81300,0.0,0.0
2017-06-06 00:00:00-04:00,14.813054201264816,14.84132403693698,14.784785713572608,14.798920631408691,48000,0.0,0.0
2017-06-07 00:00:00-04:00,14.904930911189599,15.124016761779785,14.904930911189599,15.124016761779785,196600,0.0,0.0
2017-06-08 00:00:00-04:00,15.272431508301485,15.823679893165668,15.194690798444178,15.774209022521973,297700,0.0,0.0
2017-06-09 00:00:00-04:00,16.007428865904718,16.749495926007352,15.9720929169389,16.078102111816406,435600,0.0,0.0
2017-06-12 00:00:00-04:00,16.09223722620994,16.099304685685023,15.611660765744706,15.781275749206543,283800,0.0,0.0
2017-06-13 00:00:00-04:00,15.760074231975697,15.908488193102285,15.625796538551805,15.632863998413086,138800,0.0,0.0
2017-06-14 00:00:00-04:00,15.583391346640614,15.639929675980667,15.413776358620456,15.491517066955566,159500,0.0,0.0
2017-06-15 00:00:00-04:00,15.434979007132515,15.434979007132515,15.138152435919192,15.293632507324219,231700,0.0,0.0
2017-06-16 00:00:00-04:00,15.25122851587701,15.38550755078415,15.180555268663774,15.336036682128906,92800,0.0,0.0
2017-06-19 00:00:00-04:00,15.936755867356553,16.74949618598588,15.88021753934565,16.261852264404297,718000,0.0,0.0
2017-06-20 00:00:00-04:00,17.208873064701038,17.4562287954177,16.544546591685503,16.608152389526367,991600,0.0,0.0
2017-06-21 00:00:00-04:00,16.961511363153875,16.961511363153875,16.19117594757225,16.25478172302246,468100,0.0,0.0
2017-06-22 00:00:00-04:00,16.431467969281236,16.92617937206455,16.360794719172173,16.50920867919922,477600,0.0,0.0
2017-06-23 00:00:00-04:00,16.226513666056654,16.233581124988937,15.682332808070335,15.724736213684082,807600,0.0,0.0
2017-06-26 00:00:00-04:00,15.760072860019807,16.05689940845331,15.654063667289275,15.79541015625,423400,0.0,0.0
2017-06-27 00:00:00-04:00,15.795407785186924,15.99329122245145,15.625792832683123,15.654061317443848,244700,0.0,0.0
2017-06-28 00:00:00-04:00,15.628580706199312,15.9966454321731,15.579033791174414,15.975410461425781,178000,0.034,0.0
2017-06-29 00:00:00-04:00,15.975413307306072,16.01080493152298,15.685208738989534,15.833850860595703,121100,0.0,0.0
2017-06-30 00:00:00-04:00,15.826772535752323,15.91170973376806,15.784302586692034,15.833850860595703,127200,0.0,0.0
2017-07-03 00:00:00-04:00,15.876319818950364,15.911710093915879,15.805537918966882,15.897553443908691,142100,0.0,0.0
2017-07-05 00:00:00-04:00,15.855082792827067,16.145287330169467,15.855082792827067,16.01080322265625,139900,0.0,0.0
2017-07-06 00:00:00-04:00,15.91171084745428,15.91171084745428,15.75599174015812,15.826773643493652,102700,0.0,0.0
2017-07-07 00:00:00-04:00,15.855083804198308,15.968334296724182,15.784301908856547,15.883397102355957,122600,0.0,0.0
2017-07-10 00:00:00-04:00,15.883396927439799,15.918787199694762,15.557800752474273,15.642739295959473,309700,0.0,0.0
2017-07-11 00:00:00-04:00,15.593192494537766,15.876318724908936,15.593192494537766,15.69936466217041,173200,0.0,0.0
2017-07-12 00:00:00-04:00,15.7418341780451,15.791381102495505,15.64274032914429,15.763069152832031,168100,0.0,0.0
2017-07-13 00:00:00-04:00,15.713521299436024,15.954178932584409,15.642739404383143,15.904630661010742,173400,0.0,0.0
2017-07-14 00:00:00-04:00,15.918786849034303,16.046193986429394,15.805536360250295,15.925865173339844,204600,0.0,0.0
2017-07-17 00:00:00-04:00,15.925866234883424,15.925866234883424,15.649818318828883,15.734755516052246,217300,0.0,0.0
2017-07-18 00:00:00-04:00,15.74891196301583,15.770146937074713,15.479942375198613,15.557801246643066,197300,0.0,0.0
2017-07-19 00:00:00-04:00,15.73475382528721,15.798457391385721,15.64273831317395,15.706441879272461,538700,0.0,0.0
2017-07-20 00:00:00-04:00,15.713520203289214,15.755988797337467,15.614425017106939,15.706441879272461,115900,0.0,0.0
2017-07-21 00:00:00-04:00,15.678129164693077,15.805536301615517,15.649817217628264,15.741832733154297,100200,0.0,0.0
2017-07-24 00:00:00-04:00,15.741834149247598,15.833851023103536,15.706443874719891,15.720599174499512,119400,0.0,0.0
2017-07-25 00:00:00-04:00,15.748911364853916,15.812614934558635,15.671051146314293,15.727676391601562,113500,0.0,0.0
2017-07-26 00:00:00-04:00,15.727677191274896,15.784302439441275,15.635661669274185,15.734755516052246,109200,0.0,0.0
2017-07-27 00:00:00-04:00,15.77722441815484,15.77722441815484,15.600270360616372,15.614425659179688,137400,0.0,0.0
2017-07-28 00:00:00-04:00,15.706444019447828,15.819694519042969,15.642740444669004,15.819694519042969,89400,0.0,0.0
2017-07-31 00:00:00-04:00,15.791378083260177,15.819691377562721,15.642737338328356,15.77014446258545,124400,0.0,0.0
2017-08-01 00:00:00-04:00,15.770146557276293,15.770146557276293,15.61442611803288,15.69936466217041,138100,0.0,0.0
2017-08-02 00:00:00-04:00,15.678129568214436,15.699364541598824,15.642739295959473,15.642739295959473,72400,0.0,0.0
2017-08-03 00:00:00-04:00,15.642740702546913,15.649819027644854,15.444551649961952,15.47994327545166,163300,0.0,0.0
2017-08-04 00:00:00-04:00,15.437472081917237,15.45870705550133,15.09772060488591,15.182659149169922,391000,0.0,0.0
2017-08-07 00:00:00-04:00,15.189734772066029,15.331298549925611,15.161422826525456,15.28175163269043,143600,0.0,0.0
2017-08-08 00:00:00-04:00,15.331301120945769,15.45162994728958,15.310066145690108,15.43747329711914,133200,0.0,0.0
2017-08-09 00:00:00-04:00,15.288832356024324,15.409161181073754,15.288832356024324,15.30298900604248,175300,0.0,0.0
2017-08-10 00:00:00-04:00,15.189735849464599,15.246362444666715,14.97031319326575,15.026938438415527,299800,0.0,0.0
2017-08-11 00:00:00-04:00,14.878296888598427,15.140188127283563,14.878296888598427,15.126032829284668,108200,0.0,0.0
2017-08-14 00:00:00-04:00,15.14726803376188,15.430394274102285,15.14726803376188,15.345457077026367,117200,0.0,0.0
2017-08-15 00:00:00-04:00,15.35961372655649,15.409160649859508,15.324222102731184,15.345457077026367,123900,0.0,0.0
2017-08-16 00:00:00-04:00,15.331298863994709,15.57903480529785,15.331298863994709,15.579034805297852,143000,0.0,0.0
2017-08-17 00:00:00-04:00,15.543644427524905,15.571957725960884,15.302988141080968,15.317143440246582,130700,0.0,0.0
2017-08-18 00:00:00-04:00,15.288831640692639,15.487019331464248,15.274674991336841,15.416238784790039,103800,0.0,0.0
2017-08-21 00:00:00-04:00,15.444552338208847,15.61442809797212,15.437474012795478,15.571959495544434,100100,0.0,0.0
2017-08-22 00:00:00-04:00,15.692285813251639,15.741832733154297,15.607347271952575,15.741832733154297,119500,0.0,0.0
2017-08-23 00:00:00-04:00,15.699364322841953,15.784301515091279,15.663972701027792,15.671051025390625,130400,0.0,0.0
2017-08-24 00:00:00-04:00,15.586113833141297,15.713520971567617,15.571957184415634,15.671051025390625,74300,0.0,0.0
2017-08-25 00:00:00-04:00,15.763067123893824,16.06034998238402,15.763067123893824,15.911707878112793,190300,0.0,0.0
2017-08-28 00:00:00-04:00,16.02496100832673,16.166524811955,16.02496100832673,16.04619598388672,111800,0.0,0.0
2017-08-29 00:00:00-04:00,16.010802307326898,16.208989970248624,15.996645659960434,16.15236473083496,126900,0.0,0.0
2017-08-30 00:00:00-04:00,16.25853846415253,16.329320357803272,16.131132675643993,16.230226516723633,100700,0.0,0.0
2017-08-31 00:00:00-04:00,16.230226394998137,16.30808661243524,16.159444501878255,16.173601150512695,128100,0.0,0.0
2017-09-01 00:00:00-04:00,16.187757825052753,16.633681457332695,16.180679500724207,16.421337127685547,166700,0.0,0.0
2017-09-05 00:00:00-04:00,16.3859476773234,16.626605336173974,16.286853823697577,16.47088623046875,149200,0.0,0.0
2017-09-06 00:00:00-04:00,16.47088517478762,16.6124476208866,16.46380684997481,16.555822372436523,81200,0.0,0.0
2017-09-07 00:00:00-04:00,16.584136021980257,16.846027295323896,16.584136021980257,16.725698471069336,135800,0.0,0.0
2017-09-08 00:00:00-04:00,16.72569789071868,16.831871411417023,16.65491734365632,16.6903076171875,45400,0.0,0.0
2017-09-11 00:00:00-04:00,16.711543054335333,16.7752466284983,16.555822606358102,16.6690731048584,133200,0.0,0.0
2017-09-12 00:00:00-04:00,16.7044663740364,16.7044663740364,16.612449491162753,16.61952781677246,33500,0.0,0.0
2017-09-13 00:00:00-04:00,16.577058021641356,16.591214671843225,16.364713668823242,16.364713668823242,93700,0.0,0.0
2017-09-14 00:00:00-04:00,16.301009231138394,16.421338051387572,16.27977425695828,16.378868103027344,66600,0.0,0.0
2017-09-15 00:00:00-04:00,16.350555573620888,16.407180819371554,16.30808697682097,16.343477249145508,101100,0.0,0.0
2017-09-18 00:00:00-04:00,16.37178962448331,16.42133789710472,16.34347767589489,16.38594627380371,70800,0.0,0.0
2017-09-19 00:00:00-04:00,16.350555881418654,16.38594615440941,16.308087283819273,16.329320907592773,96000,0.0,0.0
2017-09-20 00:00:00-04:00,16.166523491751498,16.357634206027278,16.06742964733548,16.329320907592773,122900,0.0,0.0
2017-09-21 00:00:00-04:00,16.237303863209522,16.499195098876953,16.237303863209522,16.499195098876953,97700,0.0,0.0
2017-09-22 00:00:00-04:00,16.485041496874448,16.895574877493758,16.456728198185754,16.881418228149414,266100,0.0,0.0
2017-09-25 00:00:00-04:00,16.7469310367086,16.7469310367086,16.29392910470942,16.499195098876953,151900,0.0,0.0
2017-09-26 00:00:00-04:00,16.54166590913928,16.54166590913928,16.46380569172832,16.48504066467285,50300,0.0,0.0
2017-09-27 00:00:00-04:00,16.485040850804488,16.55582139464746,16.336398738619106,16.41425895690918,73900,0.0,0.0
2017-09-28 00:00:00-04:00,16.32932017159335,16.34347682017253,16.216069683064536,16.301008224487305,110100,0.0,0.0
2017-09-29 00:00:00-04:00,16.654918968050822,16.916810257850212,16.52043348542132,16.888498306274414,357100,0.0,0.0
2017-10-02 00:00:00-04:00,16.987590863303478,16.987590863303478,16.69738629405957,16.860183715820312,264000,0.0,0.0
2017-10-03 00:00:00-04:00,16.938043523975796,17.1716228386168,16.938043523975796,17.06545066833496,297400,0.0,0.0
2017-10-04 00:00:00-04:00,17.1574654095649,17.221168978849672,17.015902972306108,17.199934005737305,234700,0.0,0.0
2017-10-05 00:00:00-04:00,17.199934702546543,17.199934702546543,16.789401322775422,16.94512176513672,371800,0.0,0.0
2017-10-06 00:00:00-04:00,16.754009136410264,17.044213663969554,16.754009136410264,17.00882339477539,186300,0.0,0.0
2017-10-09 00:00:00-04:00,17.079604519065427,17.079604519065427,16.952198735564544,17.044214248657227,132700,0.0,0.0
2017-10-10 00:00:00-04:00,17.129155208806225,17.129155208806225,16.93096615637164,16.959278106689453,178700,0.0,0.0
2017-10-11 00:00:00-04:00,16.952200596034046,17.107919692993164,16.952200596034046,17.107919692993164,66000,0.0,0.0
2017-10-12 00:00:00-04:00,17.122074679631453,17.24948181479199,17.058371112051184,17.221168518066406,122400,0.0,0.0
2017-10-13 00:00:00-04:00,17.256559218367062,17.348576084962843,17.178700350538705,17.26363754272461,71200,0.0,0.0
2017-10-16 00:00:00-04:00,17.26363894551178,17.26363894551178,17.09376319728409,17.100841522216797,85000,0.0,0.0
2017-10-17 00:00:00-04:00,17.100838877061804,17.100838877061804,16.980510071923074,17.072526931762695,74500,0.0,0.0
2017-10-18 00:00:00-04:00,17.178700107332077,17.199933730051775,17.079604917781683,17.150386810302734,111800,0.0,0.0
2017-10-19 00:00:00-04:00,17.058370465250846,17.15746429992847,16.973431928346994,17.001745223999023,136400,0.0,0.0
2017-10-20 00:00:00-04:00,17.065449220933512,17.17869970630248,16.987589005972744,17.044214248657227,146900,0.0,0.0
2017-10-23 00:00:00-04:00,17.086682843157522,17.143308085842005,17.015902302341125,17.044214248657227,129900,0.0,0.0
2017-10-24 00:00:00-04:00,17.19285706382304,17.313184528196253,17.122075170034073,17.13623046875,127800,0.0,0.0
2017-10-25 00:00:00-04:00,17.129155016508083,17.33442104167838,17.129155016508083,17.277795791625977,114900,0.0,0.0
2017-10-26 00:00:00-04:00,17.26363747883951,17.433513212635013,17.23532553156642,17.39104461669922,84300,0.0,0.0
2017-10-27 00:00:00-04:00,17.398121365040396,17.468903251889902,17.242402294013242,17.313182830810547,84200,0.0,0.0
2017-10-30 00:00:00-04:00,17.306105857172575,17.327339478190886,17.171620407163733,17.313182830810547,102900,0.0,0.0
2017-10-31 00:00:00-04:00,17.34149878449592,17.34149878449592,17.178701364817307,17.24240493774414,37900,0.0,0.0
2017-11-01 00:00:00-04:00,17.242402653714038,17.242402653714038,17.05129196024919,17.072526931762695,66000,0.0,0.0
2017-11-02 00:00:00-04:00,17.093764259240956,17.107920909985857,16.987592078759214,17.015905380249023,74000,0.0,0.0
2017-11-03 00:00:00-04:00,17.015902362268672,17.051292632801513,16.846025283564657,16.916807174682617,132800,0.0,0.0
2017-11-06 00:00:00-05:00,16.91680892795699,16.98759082641085,16.8884969786069,16.923887252807617,108600,0.0,0.0
2017-11-07 00:00:00-05:00,17.044216388838304,17.178701863370417,17.015904438967173,17.157466888427734,80300,0.0,0.0
2017-11-08 00:00:00-05:00,17.143308085842005,17.143308085842005,16.973432357788553,17.044214248657227,88900,0.0,0.0
2017-11-09 00:00:00-05:00,17.044215645452226,17.051293970124398,16.84602660478855,16.881418228149414,121300,0.0,0.0
2017-11-10 00:00:00-05:00,16.874338462056674,17.192856294834446,16.874338462056674,17.171621322631836,96600,0.0,0.0
2017-11-13 00:00:00-05:00,17.270715745229808,17.270715745229808,17.157465256412745,17.207012176513672,87400,0.0,0.0
2017-11-14 00:00:00-05:00,17.164543088230417,17.164543088230417,16.874338550206787,16.980510711669922,97900,0.0,0.0
2017-11-15 00:00:00-05:00,16.902652740478516,16.90973106552271,16.867262465310006,16.902652740478516,78500,0.0,0.0
2017-11-16 00:00:00-05:00,16.987589706840268,17.14330879313413,16.987589706840268,17.13623046875,44500,0.0,0.0
2017-11-17 00:00:00-05:00,17.122074463618,17.122074463618,16.99466733006484,17.044214248657227,61000,0.0,0.0
2017-11-20 00:00:00-05:00,17.044213942280244,17.086682536017147,16.98758870061362,17.05837059020996,152200,0.0,0.0
2017-11-21 00:00:00-05:00,17.136229795600926,17.38396573910453,17.136229795600926,17.291950225830078,178400,0.0,0.0
2017-11-22 00:00:00-05:00,17.32733917236328,17.398121057963486,17.313182525232804,17.32733917236328,129700,0.0,0.0
2017-11-24 00:00:00-05:00,17.178701128015167,17.178701128015167,17.065450633273567,17.129154205322266,123300,0.0,0.0
2017-11-27 00:00:00-05:00,16.994670487275584,17.022982438851386,16.81063807684904,16.888498306274414,201800,0.0,0.0
2017-11-28 00:00:00-05:00,16.874339715439202,16.952199935913086,16.853104741659315,16.952199935913086,116200,0.0,0.0
2017-11-29 00:00:00-05:00,16.916808691556646,16.92388701630836,16.711542673966555,16.810636520385742,194100,0.0,0.0
2017-11-30 00:00:00-05:00,16.84602444970769,16.84602444970769,16.739852293312282,16.768165588378906,123700,0.0,0.0
2017-12-01 00:00:00-05:00,16.711540302222208,16.711540302222208,16.485039342522565,16.520429611206055,120200,0.0,0.0
2017-12-04 00:00:00-05:00,16.654918037230914,16.789402162291758,16.619526412173492,16.782323837280273,140000,0.0,0.0
2017-12-05 00:00:00-05:00,16.690308079596864,16.73985500393419,16.612447855608252,16.6690731048584,94100,0.0,0.0
2017-12-06 00:00:00-05:00,16.49211825441002,16.562900150147666,16.44964965698838,16.456727981567383,177300,0.0,0.0
2017-12-07 00:00:00-05:00,16.357633558780936,16.442570750618867,16.35055523445239,16.421337127685547,97200,0.0,0.0
2017-12-08 00:00:00-05:00,16.527509260509593,16.56997785634633,16.456727367413478,16.48504066467285,61700,0.0,0.0
2017-12-11 00:00:00-05:00,16.548743670388028,16.718620761918242,16.548743670388028,16.697385787963867,77800,0.0,0.0
2017-12-12 00:00:00-05:00,16.59829127576697,16.59829127576697,16.492117760315217,16.54166603088379,82900,0.0,0.0
2017-12-13 00:00:00-05:00,16.59121242493188,16.810635073135,16.59121242493188,16.789400100708008,130100,0.0,0.0
2017-12-14 00:00:00-05:00,16.739853151725804,16.860181961824942,16.718619529389198,16.853103637695312,78300,0.0,0.0
2017-12-15 00:00:00-05:00,16.775243732975284,16.867259240854597,16.718618493499047,16.838947296142578,87800,0.0,0.0
2017-12-18 00:00:00-05:00,16.838949630168763,16.902651852113543,16.76816773349942,16.881418228149414,166600,0.0,0.0
2017-12-19 00:00:00-05:00,16.987590517360935,16.987590517360935,16.930965269638495,16.93804359436035,139400,0.0,0.0
2017-12-20 00:00:00-05:00,16.91680885530272,17.10084125047141,16.91680885530272,17.051294326782227,105400,0.0,0.0
2017-12-21 00:00:00-05:00,17.172627761026,17.202403263476718,17.060972466384005,17.127965927124023,173600,1.183,0.0
2017-12-22 00:00:00-05:00,17.05352276692151,17.13540395092412,17.05352276692151,17.09818458557129,102200,0.0,0.0
2017-12-26 00:00:00-05:00,17.11307354101814,17.403377512416625,17.098185793824957,17.39593505859375,148200,0.0,0.0
2017-12-27 00:00:00-05:00,17.18751475235877,17.261952085420447,17.180070877075195,17.180070877075195,126000,0.0,0.0
2017-12-28 00:00:00-05:00,17.27683791520215,17.41082482687288,17.27683791520215,17.299169540405273,59300,0.0,0.0
2017-12-29 00:00:00-05:00,17.38849311123909,17.45548656125602,17.336387410064564,17.403379440307617,102400,0.0,0.0
2018-01-02 00:00:00-05:00,17.73834559209995,17.902106559905267,17.67879602019131,17.73090171813965,178500,0.0,0.0
2018-01-03 00:00:00-05:00,17.9021069771328,18.02120612372581,17.79045170467358,17.954214096069336,121100,0.0,0.0
2018-01-04 00:00:00-05:00,18.363618014719993,19.703484180668255,18.363618014719993,18.758134841918945,1355400,0.0,0.0
2018-01-05 00:00:00-05:00,18.840012375919432,18.99633088118816,18.7953505543171,18.91444969177246,409900,0.0,0.0
2018-01-08 00:00:00-05:00,19.093100506855652,19.204755783081055,18.981445230630246,19.204755783081055,217500,0.0,0.0
2018-01-09 00:00:00-05:00,19.24197743590274,19.323857224294475,19.145208477202463,19.174983978271484,127500,0.0,0.0
2018-01-10 00:00:00-05:00,19.130318792861743,19.160092868937276,18.87723275723767,18.929338455200195,132200,0.0,0.0
2018-01-11 00:00:00-05:00,18.877234812153855,19.115433125782783,18.877234812153855,19.093101501464844,82700,0.0,0.0
2018-01-12 00:00:00-05:00,19.107987894949197,19.35363006591797,19.107987894949197,19.35363006591797,107900,0.0,0.0
2018-01-16 00:00:00-05:00,19.383405540275646,19.465285317320458,19.20475539816698,19.227087020874023,137700,0.0,0.0
2018-01-17 00:00:00-05:00,19.338743703406642,19.338743703406642,19.12287701394451,19.21964454650879,86500,0.0,0.0
2018-01-18 00:00:00-05:00,19.25686316726039,19.41318027216002,19.23453154380021,19.27174949645996,82600,0.0,0.0
2018-01-19 00:00:00-05:00,19.428069460217234,19.696041862719365,19.37596375472443,19.643936157226562,107700,0.0,0.0
2018-01-22 00:00:00-05:00,19.666267022394983,19.87469125608624,19.59927356941472,19.815141677856445,121800,0.0,0.0
2018-01-23 00:00:00-05:00,19.88957726563736,20.246876149038396,19.88957726563736,20.224544525146484,126400,0.0,0.0
2018-01-24 00:00:00-05:00,20.328755175803987,20.410636373927577,20.231987648745633,20.276649475097656,142400,0.0,0.0
2018-01-25 00:00:00-05:00,20.380861140957183,20.403192764309882,20.254318114839645,20.343643188476562,166800,0.0,0.0
2018-01-26 00:00:00-05:00,20.499963282038596,20.686055898238187,20.485075531996873,20.62650489807129,140600,0.0,0.0
2018-01-29 00:00:00-05:00,20.529735380139538,20.589284954782755,19.85235843615775,20.239431381225586,238100,0.0,0.0
2018-01-30 00:00:00-05:00,19.800253886075005,19.815141635544148,19.323855841479972,19.43551254272461,301000,0.0,0.0
2018-01-31 00:00:00-05:00,19.55461174620079,19.78536618443459,19.55461174620079,19.696041107177734,133300,0.0,0.0
2018-02-01 00:00:00-05:00,19.45784313445411,19.70348532648863,19.316413771003965,19.41318130493164,149800,0.0,0.0
2018-02-02 00:00:00-05:00,19.316413266505755,19.405736923217773,19.055883331510174,19.405736923217773,270500,0.0,0.0
2018-02-05 00:00:00-05:00,19.465285124446133,19.53227857212961,18.877233263392508,18.936782836914062,231600,0.0,0.0
2018-02-06 00:00:00-05:00,18.47527480775069,18.86979166731835,18.177526904196796,18.78791046142578,327100,0.0,0.0
2018-02-07 00:00:00-05:00,18.423167693388386,18.750691072140867,18.423167693388386,18.542266845703125,160500,0.0,0.0
2018-02-08 00:00:00-05:00,18.47527198494285,18.542265430478405,17.93932584043221,17.94676971435547,295000,0.0,0.0
2018-02-09 00:00:00-05:00,17.678796454000018,17.78300785245387,16.904650580417638,17.35871696472168,707200,0.0,0.0
2018-02-12 00:00:00-05:00,17.57458690912685,17.916996637173998,17.39593817017521,17.835115432739258,387200,0.0,0.0
2018-02-13 00:00:00-05:00,17.939326558655626,18.38594907351581,17.931882684434342,18.371061325073242,175000,0.0,0.0
2018-02-14 00:00:00-05:00,18.445499577280714,18.676254010676637,18.304068799495,18.60926055908203,107000,0.0,0.0
2018-02-15 00:00:00-05:00,18.981444125672073,18.981444125672073,18.706026468559898,18.80279541015625,150000,0.0,0.0
2018-02-16 00:00:00-05:00,18.81768466578869,18.86234649330264,18.54226698660922,18.579484939575195,168100,0.0,0.0
2018-02-20 00:00:00-05:00,18.281736351746837,18.363617548844058,18.05842580301203,18.155193328857422,143400,0.0,0.0
2018-02-21 00:00:00-05:00,18.48271792797453,18.936784349708834,18.237075740102878,18.713472366333008,347300,0.0,0.0
2018-02-22 00:00:00-05:00,18.698584396769363,18.892119444372305,18.698584396769363,18.78046417236328,67400,0.0,0.0
2018-02-23 00:00:00-05:00,18.921897883032937,18.921897883032937,18.698587304291387,18.79535484313965,80400,0.0,0.0
2018-02-26 00:00:00-05:00,18.996332434190755,19.308968050513325,18.88467716116994,19.063325881958008,185100,0.0,0.0
2018-02-27 00:00:00-05:00,19.04844040071131,19.04844040071131,18.64647966626747,18.661367416381836,190400,0.0,0.0
2018-02-28 00:00:00-05:00,18.64647966626747,18.78791045280593,18.64647966626747,18.661367416381836,88400,0.0,0.0
2018-03-01 00:00:00-05:00,18.691142907918017,18.802798194175825,18.53482437133789,18.53482437133789,92100,0.0,0.0
2018-03-02 00:00:00-05:00,18.534821626995623,18.80279541015625,18.467828181205466,18.80279541015625,110400,0.0,0.0
2018-03-05 00:00:00-05:00,18.668809164049588,18.854901759951108,18.609259590152057,18.847457885742188,83700,0.0,0.0
2018-03-06 00:00:00-05:00,19.085658884653704,19.085658884653704,18.892122387130463,18.921897888183594,225000,0.0,0.0
2018-03-07 00:00:00-05:00,18.77302056342681,18.87723338257787,18.71347098952928,18.847457885742188,116000,0.0,0.0
2018-03-08 00:00:00-05:00,18.89956409413788,18.92933959177501,18.765577194318535,18.854902267456055,84600,0.0,0.0
2018-03-09 00:00:00-05:00,19.011220970104763,19.21964377643819,19.011220970104763,19.145206451416016,74200,0.0,0.0
2018-03-12 00:00:00-04:00,19.241976170842364,19.279194124957716,19.160094968059862,19.21964454650879,70300,0.0,0.0
2018-03-13 00:00:00-04:00,19.21964295619799,19.24197457868376,18.832570018420974,18.936782836914062,124800,0.0,0.0
2018-03-14 00:00:00-04:00,18.907008985157503,18.966558563859813,18.862347156074257,18.86979103088379,78100,0.0,0.0
2018-03-15 00:00:00-04:00,18.959114195750473,19.063327020598447,18.90700849321344,18.988889694213867,74500,0.0,0.0
2018-03-16 00:00:00-04:00,18.951670814240746,19.02610814256212,18.86979103088379,18.86979103088379,37600,0.0,0.0
2018-03-19 00:00:00-04:00,18.86978950836895,18.914451333848643,18.76557668921789,18.847457885742188,97600,0.0,0.0
2018-03-20 00:00:00-04:00,18.95166928511941,18.95166928511941,18.81023993447142,18.847457885742188,69000,0.0,0.0
2018-03-21 00:00:00-04:00,18.877235542378948,18.884679417439546,18.728360880715,18.78791046142578,73400,0.0,0.0
2018-03-22 00:00:00-04:00,18.609261813741444,18.66136751965608,18.408281445407276,18.43805694580078,158500,0.0,0.0
2018-03-23 00:00:00-04:00,18.21474453542673,18.289181864933404,17.835115432739258,17.835115432739258,243000,0.0,0.0
2018-03-26 00:00:00-04:00,18.050983182170924,18.356174949194784,17.976545854165945,18.110532760620117,255200,0.0,0.0
2018-03-27 00:00:00-04:00,18.237074214284284,18.30406766171458,17.939326347801753,17.954214096069336,151000,0.0,0.0
2018-03-28 00:00:00-04:00,18.013763644794867,18.013763644794867,17.7457898554392,17.82767105102539,135200,0.0,0.0
2018-03-29 00:00:00-04:00,17.991434270382296,18.71347311330518,17.991434270382296,18.53482437133789,88300,0.0,0.0
2018-04-02 00:00:00-04:00,18.609258863661022,18.609258863661022,18.192411862651674,18.423166275024414,144700,0.0,0.0
2018-04-03 00:00:00-04:00,18.549711086963953,18.601816789660162,18.423168057655765,18.512493133544922,60100,0.0,0.0
2018-04-04 00:00:00-04:00,18.237075726631485,18.594373196040152,18.162638398894526,18.586929321289062,80400,0.0,0.0
2018-04-05 00:00:00-04:00,18.661365289840667,18.86978950836895,18.661365289840667,18.847457885742188,68600,0.0,0.0
2018-04-06 00:00:00-04:00,18.698585617822772,18.74324744558812,18.40828018791323,18.482717514038086,65300,0.0,0.0
2018-04-09 00:00:00-04:00,18.609260542518165,18.862346599478325,18.482717514038086,18.482717514038086,74500,0.0,0.0
2018-04-10 00:00:00-04:00,18.86978948514577,18.86978948514577,18.713470966498484,18.720914840698242,82500,0.0,0.0
2018-04-11 00:00:00-04:00,18.631590513519587,18.69858395911172,18.534821572209268,18.54970932006836,69300,0.0,0.0
2018-04-12 00:00:00-04:00,18.624148186863042,18.70602796734297,18.549710861157195,18.579484939575195,180800,0.0,0.0
2018-04-13 00:00:00-04:00,18.64647810676706,18.64647810676706,18.311512275852763,18.505048751831055,66500,0.0,0.0
2018-04-16 00:00:00-04:00,18.38594907351581,18.475272724623544,18.34872970240939,18.371061325073242,61800,0.0,0.0
2018-04-17 00:00:00-04:00,18.348733006932857,18.385952384742318,18.311515048897487,18.36362075805664,43000,0.0,0.0
2018-04-18 00:00:00-04:00,18.415722132349213,18.415722132349213,18.289179117132118,18.356172561645508,50600,0.0,0.0
2018-04-19 00:00:00-04:00,18.46038546637823,18.46038546637823,18.251962661743164,18.251962661743164,49700,0.0,0.0
2018-04-20 00:00:00-04:00,18.2519635145262,18.2519635145262,17.76812301287914,17.857446670532227,195100,0.0,0.0
2018-04-23 00:00:00-04:00,18.214744428647197,18.214744428647197,18.04353956562727,18.177526473999023,302800,0.0,0.0
2018-04-24 00:00:00-04:00,18.44549956086261,18.579485044158663,18.423167937092984,18.482717514038086,168500,0.0,0.0
2018-04-25 00:00:00-04:00,18.34128607091353,18.385949316832296,18.23707466998411,18.311511993408203,89200,0.0,0.0
2018-04-26 00:00:00-04:00,18.3487310878664,18.3487310878664,18.16263847760452,18.237075805664062,76900,0.0,0.0
2018-04-27 00:00:00-04:00,18.244519310036655,18.385950088500977,18.244519310036655,18.385950088500977,55800,0.0,0.0
2018-04-30 00:00:00-04:00,18.430614609126255,18.53482602965417,18.31151543715889,18.341289520263672,49900,0.0,0.0
2018-05-01 00:00:00-04:00,18.341284306328006,18.34872817993164,18.244516789028232,18.34872817993164,62200,0.0,0.0
2018-05-02 00:00:00-04:00,18.400836791575895,18.400836791575895,18.237075805664062,18.237075805664062,41700,0.0,0.0
2018-05-03 00:00:00-04:00,18.237075454745586,18.408280312146438,18.237075454745586,18.39339256286621,57700,0.0,0.0
2018-05-04 00:00:00-04:00,18.40828029262372,18.40828029262372,18.333842966075448,18.385950088500977,41800,0.0,0.0
2018-05-07 00:00:00-04:00,18.49016001437232,18.631590781520508,18.46038451822584,18.616703033447266,76100,0.0,0.0
2018-05-08 00:00:00-04:00,18.70602862462198,18.944228359205162,18.70602862462198,18.86979103088379,171500,0.0,0.0
2018-05-09 00:00:00-04:00,18.95911318235021,18.996332553440013,18.91445135681629,18.974000930786133,62200,0.0,0.0
2018-05-10 00:00:00-04:00,19.011221607384964,19.33129970209413,19.011221607384964,19.308969497680664,114600,0.0,0.0
2018-05-11 00:00:00-04:00,19.279193107155947,19.279193107155947,19.11543213001028,19.204755783081055,85200,0.0,0.0
2018-05-14 00:00:00-04:00,19.27919149351343,19.480171825761694,19.227085796954345,19.398290634155273,135500,0.0,0.0
2018-05-15 00:00:00-04:00,19.353630188259114,19.39084813994238,19.24941878772689,19.383405685424805,69800,0.0,0.0
2018-05-16 00:00:00-04:00,19.50250614887834,19.629049180812988,19.40573719634211,19.599273681640625,81200,0.0,0.0
2018-05-17 00:00:00-04:00,19.5099480321045,19.5099480321045,18.9814457152498,19.085657119750977,164700,0.0,0.0
2018-05-18 00:00:00-04:00,19.14520749960031,19.539724349975586,19.137763624713156,19.539724349975586,88000,0.0,0.0
2018-05-21 00:00:00-04:00,19.800250836994067,20.365972451739466,19.792806963405795,20.112886428833008,457500,0.0,0.0
2018-05-22 00:00:00-04:00,20.291540534868208,20.3138721615751,20.038454444619795,20.14266586303711,314900,0.0,0.0
2018-05-23 00:00:00-04:00,20.075669751810782,20.19476890563965,19.934240393997694,20.19476890563965,263600,0.0,0.0
2018-05-24 00:00:00-04:00,20.28409575301288,20.418082667719563,19.95657234148255,20.031009674072266,464000,0.0,0.0
2018-05-25 00:00:00-04:00,20.090555365789108,20.306423446520487,19.95656847702808,20.254316329956055,382600,0.0,0.0
2018-05-29 00:00:00-04:00,20.321312430554997,20.328756305322912,19.986346584642472,20.07567024230957,377600,0.0,0.0
2018-05-30 00:00:00-04:00,20.08311360975545,20.15755093578029,19.85235917687497,20.068225860595703,267700,0.0,0.0
2018-05-31 00:00:00-04:00,20.246877551366094,20.284095507323137,20.14266471909315,20.21710205078125,365300,0.0,0.0
2018-06-01 00:00:00-04:00,20.440409310559673,20.440409310559673,20.306423838982862,20.351085662841797,189900,0.0,0.0
2018-06-04 00:00:00-04:00,20.373418931523684,20.455298711921444,20.22454428026138,20.284093856811523,144100,0.0,0.0
2018-06-05 00:00:00-04:00,20.32875394546574,20.447853088378906,20.291535995720537,20.447853088378906,175900,0.0,0.0
2018-06-06 00:00:00-04:00,20.470187644214796,20.61161842911154,20.388306439310266,20.58928680419922,115800,0.0,0.0
2018-06-07 00:00:00-04:00,20.656277036354314,20.656277036354314,20.49995994567871,20.49995994567871,121800,0.0,0.0
2018-06-08 00:00:00-04:00,20.3883046079467,20.3883046079467,20.20965588401705,20.239431381225586,108500,0.0,0.0
2018-06-11 00:00:00-04:00,20.239432242239985,20.239432242239985,19.95657068582098,19.971458435058594,156300,0.0,0.0
2018-06-12 00:00:00-04:00,20.001232917073917,20.098000442652868,19.934239468683167,19.95656967163086,82000,0.0,0.0
2018-06-13 00:00:00-04:00,19.889578966639522,19.897022841906775,19.011222981713985,19.174983978271484,341800,0.0,0.0
2018-06-14 00:00:00-04:00,19.264304994759396,19.368517814406705,18.869789598224788,19.35363006591797,166200,0.0,0.0
2018-06-15 00:00:00-04:00,19.13032036720054,19.167538320301272,18.929340012999216,19.085657119750977,100300,0.0,0.0
2018-06-18 00:00:00-04:00,19.026107177811337,19.23453140258789,18.877233948491405,19.23453140258789,99500,0.0,0.0
2018-06-19 00:00:00-04:00,18.82512925963543,18.82512925963543,18.095645143573574,18.2668514251709,284400,0.0,0.0
2018-06-20 00:00:00-04:00,18.318955526310624,18.482716498972472,18.274292281224263,18.46782875061035,122200,0.0,0.0
2018-06-21 00:00:00-04:00,18.318954521185898,18.318954521185898,17.902106108561124,17.976543426513672,205700,0.0,0.0
2018-06-22 00:00:00-04:00,18.103089005990473,18.184970209316777,18.02865167749146,18.140308380126953,110200,0.0,0.0
2018-06-25 00:00:00-04:00,17.991432700831535,17.991432700831535,17.194956596629055,17.269393920898438,443900,0.0,0.0
2018-06-26 00:00:00-04:00,16.99397811249482,17.11307727649002,16.659010826399548,17.01630973815918,807600,0.0,0.0
2018-06-27 00:00:00-04:00,16.748335024149316,16.986533339551166,16.673897695642754,16.785552978515625,642100,0.0,0.0
2018-06-28 00:00:00-04:00,16.59201514590416,16.852543622581575,16.52502170339462,16.800437927246094,474900,0.0,0.0
2018-06-29 00:00:00-04:00,17.023753755442304,17.209846378209484,17.023753755442304,17.180070877075195,208400,0.0,0.0
2018-07-02 00:00:00-04:00,16.673896040651368,16.74833336176955,16.405923672309246,16.726001739501953,195500,0.0,0.0
2018-07-03 00:00:00-04:00,16.78555539167991,16.85999273088791,16.76322518375942,16.792999267578125,100300,0.0,0.0
2018-07-05 00:00:00-04:00,16.867433245474462,16.897208743133714,16.525023541036266,16.547353744506836,338600,0.0,0.0
2018-07-06 00:00:00-04:00,16.316600412609223,16.458031196441805,16.24216308323555,16.338932037353516,751400,0.0,0.0
2018-07-09 00:00:00-04:00,16.495246943167228,16.837658044540955,16.495246943167228,16.748332977294922,325600,0.0,0.0
2018-07-10 00:00:00-04:00,16.74833590350447,16.889766693115234,16.7334481530667,16.889766693115234,251200,0.0,0.0
2018-07-11 00:00:00-04:00,16.53246469206596,16.62178975822643,16.435697171851402,16.45802879333496,209200,0.0,0.0
2018-07-12 00:00:00-04:00,16.785553748398677,17.046083700234096,16.785553748398677,16.986534118652344,144700,0.0,0.0
2018-07-13 00:00:00-04:00,16.971644197672866,17.01630744297735,16.897208295046397,16.919538497924805,95700,0.0,0.0
2018-07-16 00:00:00-04:00,16.82277248443255,16.949315517952765,16.80788473465983,16.941871643066406,99600,0.0,0.0
2018-07-17 00:00:00-04:00,16.815326690673828,16.852544641084563,16.72600162200474,16.815326690673828,124500,0.0,0.0
2018-07-18 00:00:00-04:00,16.696231720449635,16.792999267578125,16.636682133038068,16.792999267578125,86500,0.0,0.0
2018-07-19 00:00:00-04:00,16.458031851280815,16.584574890318816,16.420812475226096,16.5101375579834,290000,0.0,0.0
2018-07-20 00:00:00-04:00,16.644120841239644,16.807881800833123,16.644120841239644,16.800437927246094,80100,0.0,0.0
2018-07-23 00:00:00-04:00,16.53991099204708,16.599460571631155,16.391037752973876,16.46547508239746,698700,0.0,0.0
2018-07-24 00:00:00-04:00,16.792996222264414,16.90465150094129,16.73344664565182,16.867433547973633,348200,0.0,0.0
2018-07-25 00:00:00-04:00,16.778107726258725,16.830213421594205,16.666451042227013,16.800437927246094,241100,0.0,0.0
2018-07-26 00:00:00-04:00,16.577130257676217,16.644123711739667,16.510136803612767,16.56224250793457,221700,0.0,0.0
2018-07-27 00:00:00-04:00,16.562239311783106,16.562239311783106,16.42080855607844,16.480358123779297,126600,0.0,0.0
2018-07-30 00:00:00-04:00,16.39848123448453,16.44314306315763,16.242162704467773,16.242162704467773,245200,0.0,0.0
2018-07-31 00:00:00-04:00,16.249606958150316,16.420811821867986,16.227275333406023,16.338932037353516,163800,0.0,0.0
2018-08-01 00:00:00-04:00,16.10073169339356,16.10073169339356,15.929526836119807,15.936970710754395,311500,0.0,0.0
2018-08-02 00:00:00-04:00,15.654110801931596,15.847647285933158,15.60200367872915,15.75087833404541,253600,0.0,0.0
2018-08-03 00:00:00-04:00,15.706217111557997,15.721104861619018,15.527568370147712,15.535012245178223,260100,0.0,0.0
2018-08-06 00:00:00-04:00,15.31169917616656,15.39358037596656,15.237261850873276,15.378692626953125,372100,0.0,0.0
2018-08-07 00:00:00-04:00,15.71366145502967,15.922084283001317,15.706217579777249,15.907197952270508,131400,0.0,0.0
2018-08-08 00:00:00-04:00,15.79554062123097,15.907197325846212,15.66899758647114,15.869977951049805,162900,0.0,0.0
2018-08-09 00:00:00-04:00,16.093290217925798,16.227275710180603,16.056070842487795,16.1900577545166,74000,0.0,0.0
2018-08-10 00:00:00-04:00,16.11562002710984,16.137951651823478,16.04118269783835,16.085845947265625,87900,0.0,0.0
2018-08-13 00:00:00-04:00,16.018853016267478,16.11562055364023,16.018853016267478,16.100732803344727,94100,0.0,0.0
2018-08-14 00:00:00-04:00,16.07840347290039,16.115621430891093,16.03374163935673,16.07840347290039,93500,0.0,0.0
2018-08-15 00:00:00-04:00,15.624334032185942,15.698771353789866,15.475460808751913,15.66899585723877,231100,0.0,0.0
2018-08-16 00:00:00-04:00,15.683884881130487,15.810427912217126,15.62433530295877,15.75087833404541,106800,0.0,0.0
2018-08-17 00:00:00-04:00,15.57222861784719,15.884864238483441,15.475461091833662,15.862532615661621,187600,0.0,0.0
2018-08-20 00:00:00-04:00,15.795538795778898,15.795538795778898,15.549896629606788,15.646665573120117,173100,0.0,0.0
2018-08-21 00:00:00-04:00,15.817871556148832,16.026295786595522,15.817871556148832,15.936970710754395,95300,0.0,0.0
2018-08-22 00:00:00-04:00,15.788095997635226,15.929526775607284,15.780653542802826,15.922082901000977,61800,0.0,0.0
2018-08-23 00:00:00-04:00,15.907195861305262,15.907195861305262,15.758321215374153,15.862532615661621,90300,0.0,0.0
2018-08-24 00:00:00-04:00,15.944413834774503,16.018851157842175,15.914638337637896,15.989075660705566,61000,0.0,0.0
2018-08-27 00:00:00-04:00,16.14539605423124,16.22727584130849,15.989077515676469,16.100732803344727,109800,0.0,0.0
2018-08-28 00:00:00-04:00,16.15283765508497,16.257049052932675,16.1453937809853,16.249605178833008,89700,0.0,0.0
2018-08-29 00:00:00-04:00,16.15283763014175,16.242161279652187,16.078400309033842,16.123062133789062,54600,0.0,0.0
2018-08-30 00:00:00-04:00,15.974189038825177,16.22727510324156,15.780653972882247,15.78809642791748,141400,0.0,0.0
2018-08-31 00:00:00-04:00,15.81787325534357,15.892310589911764,15.81787325534357,15.884866714477539,49900,0.0,0.0
2018-09-04 00:00:00-04:00,15.825315801963388,15.877421505853711,15.773210098073065,15.78809642791748,122600,0.0,0.0
2018-09-05 00:00:00-04:00,15.631779979780648,15.661555480281278,15.5201246924513,15.587118148803711,132400,0.0,0.0
2018-09-06 00:00:00-04:00,15.505237323968709,15.557343031353742,15.423356115349918,15.438243865966797,55700,0.0,0.0
2018-09-07 00:00:00-04:00,15.34891899451872,15.423354902200147,15.274481667063359,15.371249198913574,140400,0.0,0.0
2018-09-10 00:00:00-04:00,15.281924694012124,15.31914264578815,15.237261448152271,15.274480819702148,74200,0.0,0.0
2018-09-11 00:00:00-04:00,15.073500007588175,15.17026753108456,14.999062686558903,15.155381202697754,134200,0.0,0.0
2018-09-12 00:00:00-04:00,15.043725115023651,15.356360740074692,15.021394911660348,15.311698913574219,143700,0.0,0.0
2018-09-13 00:00:00-04:00,15.415910009563277,15.497791206334943,15.207487210179165,15.35636043548584,191300,0.0,0.0
2018-09-14 00:00:00-04:00,15.41591048106482,15.41591048106482,15.04372527675395,15.110718727111816,127800,0.0,0.0
2018-09-17 00:00:00-04:00,15.036282056960443,15.207486901486101,15.036282056960443,15.155381202697754,63800,0.0,0.0
2018-09-18 00:00:00-04:00,15.348919894332733,15.490349263037738,15.348919894332733,15.482905387878418,88000,0.0,0.0
2018-09-19 00:00:00-04:00,15.616890985521069,15.758321762084961,15.609447110988874,15.758321762084961,68900,0.0,0.0
2018-09-20 00:00:00-04:00,15.81787189465196,15.81787189465196,15.639223158920528,15.6541109085083,62900,0.0,0.0
2018-09-21 00:00:00-04:00,15.892307548559788,16.04862464344153,15.877419800540443,15.959300994873047,119500,0.0,0.0
2018-09-24 00:00:00-04:00,15.907196413181047,15.907196413181047,15.683884436536918,15.758321762084961,60200,0.0,0.0
2018-09-25 00:00:00-04:00,15.773209064445892,15.855088842433366,15.728545818517608,15.765765190124512,30500,0.0,0.0
2018-09-26 00:00:00-04:00,15.795539591937352,15.907196289276648,15.780653262762813,15.847646713256836,99300,0.0,0.0
2018-09-27 00:00:00-04:00,15.810427786481256,15.847647159901292,15.765765958151134,15.840203285217285,30500,0.0,0.0
2018-09-28 00:00:00-04:00,15.862532194915826,16.033738459127594,15.862532194915826,15.996519088745117,120600,0.0,0.0
2018-10-01 00:00:00-04:00,16.0411840951356,16.16028326443475,15.981634510486025,16.07840347290039,113600,0.0,0.0
2018-10-02 00:00:00-04:00,15.944414818046972,15.944414818046972,15.75087833404541,15.75087833404541,63300,0.0,0.0
2018-10-03 00:00:00-04:00,15.847647083837673,15.847647083837673,15.698772430419922,15.698772430419922,93900,0.0,0.0
2018-10-04 00:00:00-04:00,15.631777836830844,15.646665585040209,15.34147384561732,15.408467292785645,136700,0.0,0.0
2018-10-05 00:00:00-04:00,15.17771187344632,15.326586520098125,14.969289071862413,15.274480819702148,139100,0.0,0.0
2018-10-08 00:00:00-04:00,14.976732925091307,15.147937774658201,14.961845176492313,15.147937774658203,243400,0.0,0.0
2018-10-09 00:00:00-04:00,15.14793783575258,15.162825584411621,15.036282560357492,15.162825584411621,199800,0.0,0.0
2018-10-10 00:00:00-04:00,15.073501185382522,15.11816301358029,14.95440203033919,14.969289779663086,216000,0.0,0.0
2018-10-11 00:00:00-04:00,14.552441009396377,14.827858686966618,14.43334185687246,14.522666931152344,170600,0.0,0.0
2018-10-12 00:00:00-04:00,14.671540863301777,14.716204112463817,14.299355638928533,14.455674171447754,150400,0.0,0.0
2018-10-15 00:00:00-04:00,14.254693584586652,14.299355413269923,14.150482177734373,14.150482177734375,122200,0.0,0.0
2018-10-16 00:00:00-04:00,14.143038133220186,14.448229895144602,14.143038133220186,14.351462364196777,120200,0.0,0.0
2018-10-17 00:00:00-04:00,14.291913288597682,14.291913288597682,14.098376800132154,14.113263130187988,223700,0.0,0.0
2018-10-18 00:00:00-04:00,14.004933225643963,14.098455974931774,13.802301840931765,13.817889213562012,210800,0.851,0.0
2018-10-19 00:00:00-04:00,14.277705261477424,14.503717688684386,14.114042320253262,14.230944633483887,154800,0.0,0.0
2018-10-22 00:00:00-04:00,15.064849825927233,15.189545826079755,14.503717825240884,14.682968139648438,301100,0.0,0.0
2018-10-23 00:00:00-04:00,14.340054282059459,14.534891980148563,14.269912591827886,14.464750289916992,158100,0.0,0.0
2018-10-24 00:00:00-04:00,14.456956909280137,14.511512714553252,14.27770658000672,14.293293952941895,76000,0.0,0.0
2018-10-25 00:00:00-04:00,14.347847830076851,14.745316908727036,14.347847830076851,14.644001960754395,146400,0.0,0.0
2018-10-26 00:00:00-04:00,14.433576946084894,14.581652525483975,14.332260511239566,14.495924949645996,112900,0.0,0.0
2018-10-29 00:00:00-04:00,14.34005357104416,14.34005357104416,13.950378194187017,14.075074195861816,264500,0.0,0.0
2018-10-30 00:00:00-04:00,14.059489633878352,14.324467547508265,14.059489633878352,14.238739967346191,139000,0.0,0.0
2018-10-31 00:00:00-04:00,14.38681407045002,14.566065871924708,14.379021871097434,14.534891128540039,78000,0.0,0.0
2018-11-01 00:00:00-04:00,14.573858800837305,15.267480453691658,14.573858800837305,15.103816032409668,130500,0.0,0.0
2018-11-02 00:00:00-04:00,15.306448715312877,15.509080094794843,15.002502389336744,15.150579452514648,159300,0.0,0.0
2018-11-05 00:00:00-05:00,15.111611438669538,15.134992497656174,15.002502803052586,15.064850807189941,36800,0.0,0.0
2018-11-06 00:00:00-05:00,14.947947747918057,15.251894067283423,14.924566690084722,15.205133438110352,90400,0.0,0.0
2018-11-07 00:00:00-05:00,15.329829910008128,15.399971599163989,15.212927590246245,15.337623596191406,83300,0.0,0.0
2018-11-08 00:00:00-05:00,15.27527442731298,15.31424136876152,15.096024118260035,15.197339057922363,104000,0.0,0.0
2018-11-09 00:00:00-05:00,15.010296302158245,15.025883674621582,14.807664919615842,15.025883674621582,115200,0.0,0.0
2018-11-12 00:00:00-05:00,15.080438029304164,15.080438029304164,14.776490211486816,14.776490211486816,129200,0.0,0.0
2018-11-13 00:00:00-05:00,14.971327100270779,15.415558273644749,14.971327100270779,15.329829216003418,116000,0.0,0.0
2018-11-14 00:00:00-05:00,15.368795859553584,15.399970602268645,15.072643236228258,15.220720291137695,83000,0.0,0.0
2018-11-15 00:00:00-05:00,15.275274719714774,15.641569030420744,15.251893662501967,15.571427345275879,87000,0.0,0.0
2018-11-16 00:00:00-05:00,15.688330026007705,15.719504769688694,15.485700138055657,15.63377571105957,123700,0.0,0.0
2018-11-19 00:00:00-05:00,15.633777410326354,15.66495215739579,15.47011444769309,15.47790813446045,100400,0.0,0.0
2018-11-20 00:00:00-05:00,15.205134290425464,15.244101235838361,15.049263535786512,15.134992599487305,59100,0.0,0.0
2018-11-21 00:00:00-05:00,15.267483450785022,15.579223497169071,15.23630870289972,15.275277137756348,68700,0.0,0.0
2018-11-23 00:00:00-05:00,15.010296199077596,15.111611146406208,14.854425448501962,14.955741882324219,26700,0.0,0.0
2018-11-26 00:00:00-05:00,14.96353601563949,15.057057279584535,14.916773897173277,14.986915588378906,79900,0.0,0.0
2018-11-27 00:00:00-05:00,14.893393446406769,14.955741447525691,14.877806074503637,14.940154075622559,60600,0.0,0.0
2018-11-28 00:00:00-05:00,15.0025029321709,15.275276010054563,14.908980181913133,15.2518949508667,43500,0.0,0.0
2018-11-29 00:00:00-05:00,15.010296647612012,15.057057279584535,14.854425892378682,14.986915588378906,51200,0.0,0.0
2018-11-30 00:00:00-05:00,14.963536339524888,15.384385009374235,14.963536339524888,15.31424331665039,125100,0.0,0.0
2018-12-03 00:00:00-05:00,15.922137494859063,15.937724868021883,15.711712416642156,15.797441482543945,164700,0.0,0.0
2018-12-04 00:00:00-05:00,15.742886729649916,15.766266302256911,15.35321133026743,15.399971961975098,107600,0.0,0.0
2018-12-06 00:00:00-05:00,15.127197559120825,15.501285552978516,15.080436931512,15.501285552978516,84800,0.0,0.0
2018-12-07 00:00:00-05:00,15.392177670162354,15.423352414403674,15.041469229915638,15.080437660217285,97400,0.0,0.0
2018-12-10 00:00:00-05:00,14.971328375026577,15.010296807496832,14.729730039685808,14.908980369567871,110200,0.0,0.0
2018-12-11 00:00:00-05:00,15.018090867058081,15.158374254448399,14.971328746932148,15.07264518737793,39200,0.0,0.0
2018-12-12 00:00:00-05:00,15.376590902874424,15.46231996641655,15.322036584799864,15.399971961975098,73900,0.0,0.0
2018-12-13 00:00:00-05:00,15.57922239113737,15.594809763973409,15.31424299889943,15.470113754272461,88400,0.0,0.0
2018-12-14 00:00:00-05:00,15.392176080429515,15.423350821451047,15.23630534830879,15.30644702911377,118300,0.0,0.0
2018-12-17 00:00:00-05:00,15.275276581775751,15.275276581775751,15.049264127314961,15.07264518737793,118200,0.0,0.0
2018-12-18 00:00:00-05:00,15.150580367674426,15.415559765580298,14.8700135965991,14.932361602783203,190300,0.0,0.0
2018-12-19 00:00:00-05:00,14.947947811074433,15.018089498377197,14.784283378536786,14.79207706451416,114500,0.0,0.0
2018-12-20 00:00:00-05:00,14.709541440091707,14.872981412897698,14.67685282205887,14.701369285583496,198500,0.879,0.0
2018-12-21 00:00:00-05:00,14.701368548473955,14.701368548473955,14.43986585203909,14.60330581665039,152300,0.0,0.0
2018-12-24 00:00:00-05:00,14.537930989486952,14.889324284118254,14.537930989486952,14.693197250366211,116000,0.0,0.0
2018-12-26 00:00:00-05:00,14.807604399103612,14.832119301736638,14.578788769561982,14.619647979736328,149400,0.0,0.0
2018-12-27 00:00:00-05:00,14.627821697444109,14.791261672973633,14.586962482901288,14.791261672973633,200100,0.0,0.0
2018-12-28 00:00:00-05:00,14.913840763170526,15.036419964556654,14.7177137292169,14.840292930603027,140200,0.0,0.0
2018-12-31 00:00:00-05:00,14.889322760474087,15.036418410405405,14.881150606735797,14.922011375427246,192400,0.0,0.0
2019-01-02 00:00:00-05:00,14.74222806341219,14.856635093688963,14.676850836192449,14.856635093688965,90800,0.0,0.0
2019-01-03 00:00:00-05:00,14.725884527524496,14.725884527524496,14.317286188083832,14.570616722106934,28700,0.0,0.0
2019-01-04 00:00:00-05:00,14.71771410047704,15.093623868700853,14.71771410047704,15.069108963012695,66000,0.0,0.0
2019-01-07 00:00:00-05:00,15.044591912074084,15.158998957302618,15.044591912074084,15.15082836151123,92400,0.0,0.0
2019-01-08 00:00:00-05:00,15.306095123291016,15.338783742246912,15.208032383781614,15.306095123291016,27400,0.0,0.0
2019-01-09 00:00:00-05:00,15.461362489506524,15.53491032130679,15.387814657706258,15.526738166809082,96900,0.0,0.0
2019-01-10 00:00:00-05:00,15.518565525103593,15.551254142068156,15.395986328844577,15.453189849853516,65000,0.0,0.0
2019-01-11 00:00:00-05:00,15.453189622532737,15.583940971109506,15.453189622532737,15.510393142700195,43700,0.0,0.0
2019-01-14 00:00:00-05:00,15.436845551220191,15.494049072265625,15.19168715854574,15.494049072265625,66200,0.0,0.0
2019-01-15 00:00:00-05:00,15.502220632618938,15.559425710151883,15.436844959831703,15.53490924835205,61700,0.0,0.0
2019-01-16 00:00:00-05:00,15.616630307604762,15.624802462102469,15.526738166809082,15.526738166809082,50900,0.0,0.0
2019-01-17 00:00:00-05:00,15.526737582087142,15.780068127259485,15.485878369816422,15.608457565307617,127100,0.0,0.0
2019-01-18 00:00:00-05:00,15.706519179151943,16.066086144495756,15.706519179151943,15.959851264953613,162400,0.0,0.0
2019-01-22 00:00:00-05:00,15.780068257520323,15.959852533825257,15.624802002666671,15.641144752502441,125900,0.0,0.0
2019-01-23 00:00:00-05:00,15.698347915759744,15.763725148328664,15.592113030193277,15.665660858154297,49400,0.0,0.0
2019-01-24 00:00:00-05:00,15.665660632007963,15.763724920766693,15.665660632007963,15.722864151000977,78700,0.0,0.0
2019-01-25 00:00:00-05:00,15.820929188696919,15.992539753799724,15.820929188696919,15.927164077758789,98600,0.0,0.0
2019-01-28 00:00:00-05:00,15.788239861419797,15.927163361594982,15.731036342291015,15.910819053649902,108600,0.0,0.0
2019-01-29 00:00:00-05:00,15.976194726751224,15.976194726751224,15.861787688493658,15.910819053649902,82200,0.0,0.0
2019-01-30 00:00:00-05:00,15.935337434246218,16.066088796191853,15.869961753273401,16.05791664123535,153400,0.0,0.0
2019-01-31 00:00:00-05:00,16.123291015625,16.155979632802012,16.066087494244286,16.123291015625,51900,0.0,0.0
2019-02-01 00:00:00-05:00,16.14780678782966,16.25404167175293,16.09877542284038,16.25404167175293,104200,0.0,0.0
2019-02-04 00:00:00-05:00,16.31941725299893,16.425653695004684,16.278558042183786,16.40930938720703,46800,0.0,0.0
2019-02-05 00:00:00-05:00,16.50737442580819,16.646297931046306,16.50737442580819,16.613609313964844,43600,0.0,0.0
2019-02-06 00:00:00-05:00,16.60543571312368,16.60543571312368,16.42565301087443,16.54006004333496,106100,0.0,0.0
2019-02-07 00:00:00-05:00,16.433825223100854,16.49920089312296,16.180493137921133,16.30307388305664,104500,0.0,0.0
2019-02-08 00:00:00-05:00,16.1886658528936,16.40113717750318,16.098775277670335,16.1151180267334,22600,0.0,0.0
2019-02-11 00:00:00-05:00,16.38479222987562,16.531887876451407,16.286729504611042,16.49920082092285,113200,0.0,0.0
2019-02-12 00:00:00-05:00,16.5890941554605,16.5890941554605,16.50737572368989,16.548234939575195,65600,0.0,0.0
2019-02-13 00:00:00-05:00,16.71984243800327,16.956830210802032,16.71984243800327,16.752531051635742,105500,0.0,0.0
2019-02-14 00:00:00-05:00,16.75253272097405,16.90780053384248,16.64629783344031,16.768877029418945,88000,0.0,0.0
2019-02-15 00:00:00-05:00,16.71984373473477,16.809735870516896,16.60543669550589,16.687156677246094,90900,0.0,0.0
2019-02-19 00:00:00-05:00,16.809736663173076,17.22650718688965,16.809736663173076,17.22650718688965,190700,0.0,0.0
2019-02-20 00:00:00-05:00,17.242850354606535,17.488008736483817,17.210161739060776,17.471664428710938,130000,0.0,0.0
2019-02-21 00:00:00-05:00,17.47983835858321,17.47983835858321,17.33274269104004,17.33274269104004,38100,0.0,0.0
2019-02-22 00:00:00-05:00,17.528870846096034,17.798545710250785,17.45532301417391,17.700481414794922,190700,0.0,0.0
2019-02-25 00:00:00-05:00,18.41961545383271,18.983480087879677,18.386926835736542,18.90176010131836,654200,0.0,0.0
2019-02-26 00:00:00-05:00,18.75466439234215,18.75466439234215,18.427784474046113,18.607568740844727,271900,0.0,0.0
2019-02-27 00:00:00-05:00,18.54219531623042,18.54219531623042,18.23165966794814,18.435958862304688,113600,0.0,0.0
2019-02-28 00:00:00-05:00,18.509505283920863,18.664773096208602,18.32972256773651,18.615741729736328,172500,0.0,0.0
2019-03-01 00:00:00-05:00,18.909931680936744,19.155091633167263,18.909931680936744,19.0897159576416,295100,0.0,0.0
2019-03-04 00:00:00-05:00,19.36756226805373,19.808847672227333,19.163263094587673,19.22046661376953,388100,0.0,0.0
2019-03-05 00:00:00-05:00,19.302186677703517,19.383905100497337,18.934447540415313,19.02433967590332,383000,0.0,0.0
2019-03-06 00:00:00-05:00,19.024340851955476,19.073372220398603,18.80369735594275,18.86090087890625,194200,0.0,0.0
2019-03-07 00:00:00-05:00,18.795526118252052,18.860901798924893,18.19080068235849,18.378755569458008,179200,0.0,0.0
2019-03-08 00:00:00-05:00,17.774029052485503,18.10090743596781,17.128442881263748,18.051876068115234,468000,0.0,0.0
2019-03-11 00:00:00-04:00,18.403271465330484,18.67294633460462,18.378755001331335,18.64842987060547,226300,0.0,0.0
2019-03-12 00:00:00-04:00,18.795524456127847,18.795524456127847,18.591225277256893,18.656600952148438,98100,0.0,0.0
2019-03-13 00:00:00-04:00,18.583053588867188,18.615742206471857,18.45230223580666,18.583053588867188,107600,0.0,0.0
2019-03-14 00:00:00-04:00,18.68111642995541,18.689288583720934,18.386925129112345,18.509504318237305,103400,0.0,0.0
2019-03-15 00:00:00-04:00,18.656600856030416,18.82004082175676,18.656600856030416,18.81186866760254,119700,0.0,0.0
2019-03-18 00:00:00-04:00,19.204123139656257,19.228639602661133,19.048855324650173,19.228639602661133,141400,0.0,0.0
2019-03-19 00:00:00-04:00,19.269498456045838,19.269498456045838,19.130574952302286,19.18777847290039,96700,0.0,0.0
2019-03-20 00:00:00-04:00,19.163262960777402,19.236810787405943,19.04068221061051,19.12240219116211,68400,0.0,0.0
2019-03-21 00:00:00-04:00,18.9998232248352,19.08971536037514,18.98347891679539,19.06519889831543,60400,0.0,0.0
2019-03-22 00:00:00-04:00,18.967134641534862,18.98347894960292,18.52584923445043,18.574880599975586,67100,0.0,0.0
2019-03-25 00:00:00-04:00,18.55036605488029,18.68111740459237,18.45230176325671,18.615741729736328,85600,0.0,0.0
2019-03-26 00:00:00-04:00,18.61574098533465,18.61574098533465,18.419613968609205,18.452301025390625,52800,0.0,0.0
2019-03-27 00:00:00-04:00,18.427785170333056,18.525849461262986,18.386925958341685,18.517677307128906,55800,0.0,0.0
2019-03-28 00:00:00-04:00,18.444130309676513,18.558537355350648,18.411443250346373,18.525850296020508,69700,0.0,0.0
2019-03-29 00:00:00-04:00,18.983479747732368,19.171434622380236,18.901759762635315,19.07337188720703,134800,0.0,0.0
2019-04-01 00:00:00-04:00,19.59637619317476,19.66175186583096,19.473797001779253,19.653579711914062,175100,0.0,0.0
2019-04-02 00:00:00-04:00,19.678095548924986,19.678095548924986,19.065198052726725,19.547344207763672,140000,0.0,0.0
2019-04-03 00:00:00-04:00,19.776161670643933,19.857880097449314,19.661753067494054,19.743473052978516,103500,0.0,0.0
2019-04-04 00:00:00-04:00,19.857879768586155,19.964116215560313,19.759817034572066,19.955944061279297,141000,0.0,0.0
2019-04-05 00:00:00-04:00,19.980460296054073,20.02131950831371,19.906912467043494,20.013147354125977,78600,0.0,0.0
2019-04-08 00:00:00-04:00,19.849707971321223,19.882395027787425,19.645408802700853,19.866050720214844,104700,0.0,0.0
2019-04-09 00:00:00-04:00,19.83336519287933,19.83336519287933,19.67809737632676,19.743473052978516,40600,0.0,0.0
2019-04-10 00:00:00-04:00,19.759816658244965,19.923255064715438,19.759816658244965,19.833364486694336,31500,0.0,0.0
2019-04-11 00:00:00-04:00,19.612720965073866,19.66992448516669,19.44928100022664,19.580032348632812,107200,0.0,0.0
2019-04-12 00:00:00-04:00,19.784332275390625,19.90691303301268,19.75981737080948,19.784332275390625,119800,0.0,0.0
2019-04-15 00:00:00-04:00,19.539173257577623,19.678096760953068,19.408421908362975,19.637237548828125,146000,0.0,0.0
2019-04-16 00:00:00-04:00,19.96411392987823,20.086693112701337,19.849706900400516,19.874221801757812,123500,0.0,0.0
2019-04-17 00:00:00-04:00,20.021318423302198,20.021318423302198,19.90691138823202,19.980459213256836,62800,0.0,0.0
2019-04-18 00:00:00-04:00,19.947771083760024,20.086694583445865,19.898739718776486,19.988630294799805,102800,0.0,0.0
2019-04-22 00:00:00-04:00,19.78433287071885,19.923256382682307,19.64541091743452,19.808849334716797,139200,0.0,0.0
2019-04-23 00:00:00-04:00,19.75981543988932,19.77615974713231,19.678095462353284,19.702611923217773,144000,0.0,0.0
2019-04-24 00:00:00-04:00,19.63723824656058,19.702613923490777,19.490142583797876,19.506486892700195,50300,0.0,0.0
2019-04-25 00:00:00-04:00,19.27766952048062,19.29401382792159,19.040681738623416,19.15509033203125,166100,0.0,0.0
2019-04-26 00:00:00-04:00,18.991650598248288,19.106057634322163,18.918102772578237,19.09788703918457,84500,0.0,0.0
2019-04-29 00:00:00-04:00,19.204122628247667,19.244981840155308,18.958964239443777,19.00799560546875,103600,0.0,0.0
2019-04-30 00:00:00-04:00,19.097886890607796,19.097886890607796,18.92627477915312,18.95896339416504,76200,0.0,0.0
2019-05-01 00:00:00-04:00,19.040682052635603,19.089714975767144,18.926275016019954,18.94261932373047,62500,0.0,0.0
2019-05-02 00:00:00-04:00,18.93444810218985,18.942620256447498,18.705632459012914,18.79552459716797,45300,0.0,0.0
2019-05-03 00:00:00-04:00,18.999824532106082,19.089716673830996,18.918104544963352,19.04068374633789,67400,0.0,0.0
2019-05-06 00:00:00-04:00,17.970154249570243,18.370580423326395,17.81488644874923,18.346065521240234,175500,0.0,0.0
2019-05-07 00:00:00-04:00,18.149938390391434,18.149938390391434,17.37360244213963,17.67596435546875,300700,0.0,0.0
2019-05-08 00:00:00-04:00,17.6759640123895,18.060047460621735,17.60241774305294,17.806716918945312,175100,0.0,0.0
2019-05-09 00:00:00-04:00,17.316399606400324,17.749512887282894,17.169303941693375,17.54521369934082,179300,0.0,0.0
2019-05-10 00:00:00-04:00,17.51252560688301,18.00284394076051,17.438977778867432,17.806716918945312,147400,0.0,0.0
2019-05-13 00:00:00-04:00,17.120271539480804,17.16113075113094,16.801563765629503,16.981348037719727,222600,0.0,0.0
2019-05-14 00:00:00-04:00,17.22650566589797,17.4634934473272,17.15295784122538,17.349084854125977,78300,0.0,0.0
2019-05-15 00:00:00-04:00,17.4389761463011,17.569727481937488,17.324569117288977,17.340911865234375,83000,0.0,0.0
2019-05-16 00:00:00-04:00,17.41446234375222,17.700481518606946,17.33274235683957,17.54521369934082,93900,0.0,0.0
2019-05-17 00:00:00-04:00,17.120272533867915,17.389947398987612,17.079411761165474,17.210163116455078,160400,0.0,0.0
2019-05-20 00:00:00-04:00,16.956830352076008,17.03037817468294,16.809734706862148,16.850595474243164,119100,0.0,0.0
2019-05-21 00:00:00-04:00,17.40628952607982,17.40628952607982,17.071238995313294,17.103927612304688,63900,0.0,0.0
2019-05-22 00:00:00-04:00,17.087584137256954,17.161131970395836,16.96500493491852,17.11210060119629,42400,0.0,0.0
2019-05-23 00:00:00-04:00,16.768877642153775,16.899628997132513,16.61360982361186,16.875112533569336,139500,0.0,0.0
2019-05-24 00:00:00-04:00,16.866938545873765,16.93231421625781,16.67081153472162,16.678983688354492,65900,0.0,0.0
2019-05-28 00:00:00-04:00,16.88328515169964,16.932316521493277,16.752533793130514,16.760705947875977,87700,0.0,0.0
2019-05-29 00:00:00-04:00,16.711673736572266,16.809736471221626,16.56457807591916,16.711673736572266,126400,0.0,0.0
2019-05-30 00:00:00-04:00,16.817909339156095,16.817909339156095,16.589093684133605,16.621782302856445,27800,0.0,0.0
2019-05-31 00:00:00-04:00,16.360277341085713,16.572748657568777,16.360277341085713,16.54006004333496,86800,0.0,0.0
2019-06-03 00:00:00-04:00,16.54823387588372,16.6462981698559,16.43382683181541,16.597265243530273,86700,0.0,0.0
2019-06-04 00:00:00-04:00,16.56457686562199,16.597263921890463,16.433825523190198,16.580921173095703,43800,0.0,0.0
2019-06-05 00:00:00-04:00,16.564578637229783,16.589093542383306,16.409310816981282,16.441999435424805,48500,0.0,0.0
2019-06-06 00:00:00-04:00,16.38479435314864,16.499202959021854,16.38479435314864,16.441999435424805,36200,0.0,0.0
2019-06-07 00:00:00-04:00,16.433826822730015,16.736188741508844,16.433826822730015,16.556406021118164,55700,0.0,0.0
2019-06-10 00:00:00-04:00,16.67081390498376,16.76070604904732,16.474686865946204,16.564579010009766,123400,0.0,0.0
2019-06-11 00:00:00-04:00,16.93231616093547,16.989521242935584,16.678985603937118,16.719844818115234,211100,0.0,0.0
2019-06-12 00:00:00-04:00,16.711673005607313,16.711673005607313,16.580921659341158,16.589092254638672,69100,0.0,0.0
2019-06-13 00:00:00-04:00,16.662640204228136,16.83425232163828,16.58909237657793,16.646297454833984,97700,0.0,0.0
2019-06-14 00:00:00-04:00,16.474683776376487,16.58909080469002,16.409308108957486,16.51554298400879,54200,0.0,0.0
2019-06-17 00:00:00-04:00,16.654469257554396,17.095756255446652,16.654469257554396,16.777050018310547,69400,0.0,0.0
2019-06-18 00:00:00-04:00,16.850598032185076,17.398119928774015,16.850598032185076,17.33274269104004,82400,0.0,0.0
2019-06-19 00:00:00-04:00,17.34091301615125,17.37360163156933,17.04672327078343,17.136613845825195,51300,0.0,0.0
2019-06-20 00:00:00-04:00,17.626931518863184,17.626931518863184,17.324569630747337,17.52069664001465,73400,0.0,0.0
2019-06-21 00:00:00-04:00,17.479836559159068,17.55338438535943,17.32457031156184,17.38994598388672,35700,0.0,0.0
2019-06-24 00:00:00-04:00,17.39811828316376,17.52886962890625,17.389946129219982,17.52886962890625,49700,0.0,0.0
2019-06-25 00:00:00-04:00,17.365429386906396,17.406288597286352,17.242850197087556,17.291881561279297,47700,0.0,0.0
2019-06-26 00:00:00-04:00,17.398117232987108,17.610586987984416,17.389945079536613,17.577899932861328,41100,0.0,0.0
2019-06-27 00:00:00-04:00,17.798545710250785,17.81488846059418,17.68413710577243,17.700481414794922,55000,0.0,0.0
2019-06-28 00:00:00-04:00,17.782202006111667,17.806718470479368,17.708654171687726,17.765857696533203,27900,0.0,0.0
2019-07-01 00:00:00-04:00,18.141768344912368,18.337895376481047,18.141768344912368,18.190799713134766,165200,0.0,0.0
2019-07-02 00:00:00-04:00,17.99467313920638,18.17445586638013,17.937469615045604,18.076393127441406,119000,0.0,0.0
2019-07-03 00:00:00-04:00,18.092734598200703,18.223485946655273,18.06004754042657,18.223485946655273,20600,0.0,0.0
2019-07-05 00:00:00-04:00,17.29188227066863,18.092734672930447,17.29188227066863,17.986499786376953,90700,0.0,0.0
2019-07-08 00:00:00-04:00,17.823060384205526,17.85574900182703,17.74134039883085,17.7576847076416,47600,0.0,0.0
2019-07-09 00:00:00-04:00,17.626932525790536,17.74951171875,17.24285063886981,17.74951171875,31200,0.0,0.0
2019-07-10 00:00:00-04:00,17.82305966842065,17.904779650513404,17.72499693685256,17.806716918945312,32000,0.0,0.0
2019-07-11 00:00:00-04:00,17.708651188078342,17.782199010110716,17.569727697425957,17.73316764831543,34700,0.0,0.0
2019-07-12 00:00:00-04:00,17.86391983896788,17.86391983896788,17.74951124440806,17.78219985961914,52700,0.0,0.0
2019-07-15 00:00:00-04:00,17.74134029890753,17.945639481854027,17.70048108578986,17.912952423095703,57600,0.0,0.0
2019-07-16 00:00:00-04:00,17.823060154788465,17.921124447711616,17.79854525056697,17.81488800048828,45000,0.0,0.0
2019-07-17 00:00:00-04:00,17.80671739525927,17.83940445376331,17.708653102389032,17.774028778076172,39500,0.0,0.0
2019-07-18 00:00:00-04:00,17.62693298873304,17.684136509704544,17.577901621997324,17.67596435546875,33500,0.0,0.0
2019-07-19 00:00:00-04:00,17.733170636055423,18.174456083919925,17.733170636055423,17.765857696533203,62800,0.0,0.0
2019-07-22 00:00:00-04:00,17.733167731062956,17.733167731062956,17.561555625960334,17.577899932861328,37800,0.0,0.0
2019-07-23 00:00:00-04:00,17.798544030693925,17.798544030693925,17.610587612029924,17.68413543701172,33100,0.0,0.0
2019-07-24 00:00:00-04:00,17.79037247781984,17.994671652185215,17.651448976904227,17.70865249633789,30000,0.0,0.0
2019-07-25 00:00:00-04:00,17.87209247038847,17.87209247038847,17.700480353302016,17.74951171875,32700,0.0,0.0
2019-07-26 00:00:00-04:00,17.81488822068567,17.81488822068567,17.553385514563757,17.716825485229492,118700,0.0,0.0
2019-07-29 00:00:00-04:00,17.80671615723028,18.231657240312728,17.692307563722856,18.133594512939453,276800,0.0,0.0
2019-07-30 00:00:00-04:00,18.09273443388327,18.09273443388327,17.96198308661618,18.002843856811523,64300,0.0,0.0
2019-07-31 00:00:00-04:00,17.994672742483413,18.019187647338054,17.700481414794922,17.700481414794922,92700,0.0,0.0
2019-08-01 00:00:00-04:00,17.765857523489668,17.91295319090481,17.16113210308898,17.25102424621582,95600,0.0,0.0
2019-08-02 00:00:00-04:00,17.218332986271953,17.40628783972589,16.89962679487798,17.128440856933594,92000,0.0,0.0
2019-08-05 00:00:00-04:00,16.752532711615242,16.899628370179048,15.894476781565103,15.94350814819336,432700,0.0,0.0
2019-08-06 00:00:00-04:00,16.262213667180585,16.319417185556983,16.008883132079838,16.07425880432129,130900,0.0,0.0
2019-08-07 00:00:00-04:00,16.017055759810688,16.098775742199937,15.894476565566327,16.04157066345215,173900,0.0,0.0
2019-08-08 00:00:00-04:00,16.2213552100455,16.303075193813097,16.15597953476723,16.2785587310791,65900,0.0,0.0
2019-08-09 00:00:00-04:00,16.180494527327156,16.24587020296302,16.033400426155758,16.08243179321289,64100,0.0,0.0
2019-08-12 00:00:00-04:00,15.869960556057853,16.18049462758253,15.771896262656918,15.927164077758789,100600,0.0,0.0
2019-08-13 00:00:00-04:00,15.927162999557899,16.54823265924255,15.763724599859176,16.46651268005371,80000,0.0,0.0
2019-08-14 00:00:00-04:00,16.180493844929515,16.278558133587065,16.139634633884945,16.25404167175293,119800,0.0,0.0
2019-08-15 00:00:00-04:00,16.441997765203066,16.45016836030484,16.27855780694635,16.4256534576416,89000,0.0,0.0
2019-08-16 00:00:00-04:00,16.62178217699587,16.629954331614698,16.50737512969048,16.523717880249023,28300,0.0,0.0
2019-08-19 00:00:00-04:00,16.768876117535275,16.981347439727706,16.278557801604972,16.956830978393555,119600,0.0,0.0
2019-08-20 00:00:00-04:00,17.005862725995954,17.079410552978516,16.915972149767594,17.079410552978516,113600,0.0,0.0
2019-08-21 00:00:00-04:00,17.038552914632838,17.340914845756785,17.038552914632838,17.33274269104004,69800,0.0,0.0
2019-08-22 00:00:00-04:00,17.201990021969213,17.357257832396193,17.185647272460336,17.31639862060547,77800,0.0,0.0
2019-08-23 00:00:00-04:00,17.1202717896114,17.283710197278822,16.948659669079717,17.005863189697266,100700,0.0,0.0
2019-08-26 00:00:00-04:00,17.06306569675685,17.316397785413663,17.06306569675685,17.308225631713867,111400,0.0,0.0
2019-08-27 00:00:00-04:00,17.39811716154595,17.512524192025314,17.226505057148014,17.283708572387695,51800,0.0,0.0
2019-08-28 00:00:00-04:00,17.234678506060494,17.234678506060494,17.014035023254493,17.218334197998047,44100,0.0,0.0
2019-08-29 00:00:00-04:00,17.24284996079445,17.373601302633283,17.193818597274625,17.308225631713867,164100,0.0,0.0
2019-08-30 00:00:00-04:00,17.242851958181166,17.291883327380713,17.06306767331762,17.11210060119629,54600,0.0,0.0
2019-09-03 00:00:00-04:00,16.98135007749356,17.332743392458983,16.95683361235119,17.1611328125,98700,0.0,0.0
2019-09-04 00:00:00-04:00,17.365429602158276,17.414460966957783,17.120271219481754,17.193819046020508,58700,0.0,0.0
2019-09-05 00:00:00-04:00,17.365429386906396,17.42263290490992,17.267365099843943,17.291881561279297,106200,0.0,0.0
2019-09-06 00:00:00-04:00,17.340913060633827,17.430805194585155,17.29188169605991,17.38994598388672,311100,0.0,0.0
2019-09-09 00:00:00-04:00,17.42263448175954,17.5370415281211,17.332742340373116,17.4634952545166,83000,0.0,0.0
2019-09-10 00:00:00-04:00,17.455320748461684,17.626931294885406,17.406287827758707,17.577899932861328,66900,0.0,0.0
2019-09-11 00:00:00-04:00,17.610588062384714,17.610588062384714,17.512525332353867,17.56972885131836,53200,0.0,0.0
2019-09-12 00:00:00-04:00,17.64327788336822,17.782201392634075,17.57790220598894,17.659622192382812,41100,0.0,0.0
2019-09-13 00:00:00-04:00,17.782199399258488,17.89660643217748,17.667792366339494,17.85574722290039,74200,0.0,0.0
2019-09-16 00:00:00-04:00,17.774030318542227,17.774030318542227,17.61876249082364,17.651451110839844,61600,0.0,0.0
2019-09-17 00:00:00-04:00,17.537039388444406,17.61058721175451,17.40628804893286,17.52069664001465,106400,0.0,0.0
2019-09-18 00:00:00-04:00,17.4553231165481,17.57790231757752,17.430806652870572,17.54521369934082,117300,0.0,0.0
2019-09-19 00:00:00-04:00,17.528870573068243,17.528870573068243,17.406289815987943,17.42263412475586,55400,0.0,0.0
2019-09-20 00:00:00-04:00,17.406287756283998,17.406287756283998,17.24284936398189,17.283708572387695,164000,0.0,0.0
2019-09-23 00:00:00-04:00,17.20198928002966,17.20198928002966,17.12844145503534,17.152957916259766,59800,0.0,0.0
2019-09-24 00:00:00-04:00,17.079410541672342,17.112099157500282,17.005862714738466,17.038551330566406,96800,0.0,0.0
2019-09-25 00:00:00-04:00,16.997691861244313,16.997691861244313,16.86694050528698,16.973176956176758,108300,0.0,0.0
2019-09-26 00:00:00-04:00,16.891455158049627,16.89962731175569,16.801563025961904,16.817907333374023,44400,0.0,0.0
2019-09-27 00:00:00-04:00,16.809735859528544,16.86693937910559,16.540061011037462,16.646297454833984,134300,0.0,0.0
2019-09-30 00:00:00-04:00,16.64629854433045,16.777049900115347,16.64629854433045,16.719844818115234,38600,0.0,0.0
2019-10-01 00:00:00-04:00,16.687156439829362,16.785220728258196,16.687156439829362,16.703500747680664,65400,0.0,0.0
2019-10-02 00:00:00-04:00,16.711672540414078,16.744359596731226,16.59726394660667,16.662639617919922,63100,0.0,0.0
2019-10-03 00:00:00-04:00,16.752532124024018,16.817907796795,16.597264316688314,16.744359970092773,49500,0.0,0.0
2019-10-04 00:00:00-04:00,16.621780992724247,16.695328820374453,16.613608838687668,16.646297454833984,25500,0.0,0.0
2019-10-07 00:00:00-04:00,16.491029288396543,16.66263984341159,16.491029288396543,16.605436325073242,25700,0.0,0.0
2019-10-08 00:00:00-04:00,16.59726569699419,16.59726569699419,16.433827280813926,16.441999435424805,46000,0.0,0.0
2019-10-09 00:00:00-04:00,16.597265134575924,16.77704941256486,16.597265134575924,16.711673736572266,72900,0.0,0.0
2019-10-10 00:00:00-04:00,16.768877168859735,16.989520658663455,16.768877168859735,16.907800674438477,118900,0.0,0.0
2019-10-11 00:00:00-04:00,17.08758308690395,17.308226572757913,17.038551720718303,17.201990127563477,164200,0.0,0.0
2019-10-14 00:00:00-04:00,17.275540116575858,17.512527940354584,17.275540116575858,17.438980102539062,116200,0.0,0.0
2019-10-15 00:00:00-04:00,17.561557401691694,17.561557401691694,17.463494667727954,17.47983741760254,170100,0.0,0.0
2019-10-16 00:00:00-04:00,17.447149648147448,17.553384532058598,17.447149648147448,17.52886962890625,75800,0.0,0.0
2019-10-17 00:00:00-04:00,17.569728536783998,17.81488691615126,17.545212075375687,17.78219985961914,111600,0.0,0.0
2019-10-18 00:00:00-04:00,17.643276905987033,17.708652579744708,17.447149884714005,17.51252555847168,49000,0.0,0.0
2019-10-21 00:00:00-04:00,17.52886857083725,17.577899932861328,17.496179957035267,17.577899932861328,25400,0.0,0.0
2019-10-22 00:00:00-04:00,17.553384408896356,17.63510438908178,17.422633064071277,17.471664428710938,53200,0.0,0.0
2019-10-23 00:00:00-04:00,17.496179565936608,17.496179565936608,17.438976051740724,17.455320358276367,22800,0.0,0.0
2019-10-24 00:00:00-04:00,17.398117912793488,17.455321430503208,17.373601451484056,17.4471492767334,33200,0.0,0.0
2019-10-25 00:00:00-04:00,17.50435448522405,17.57790231757752,17.43897880742975,17.54521369934082,51600,0.0,0.0
2019-10-28 00:00:00-04:00,17.61058937713512,17.69230936404777,17.54521369934082,17.54521369934082,84900,0.0,0.0
2019-10-29 00:00:00-04:00,17.463493359934862,17.553383932890124,17.42263259161071,17.504352569580078,21000,0.0,0.0
2019-10-30 00:00:00-04:00,17.398116938419307,17.4144596863647,17.0794091939616,17.340911865234375,68400,0.0,0.0
2019-10-31 00:00:00-04:00,17.226506720993623,17.324571012789672,17.226506720993623,17.3000545501709,33600,0.0,0.0
2019-11-01 00:00:00-04:00,17.430804288110195,17.675962656909487,17.430804288110195,17.577899932861328,67100,0.0,0.0
2019-11-04 00:00:00-05:00,17.70865181062921,17.855747459865132,17.692307503229898,17.83940315246582,120800,0.0,0.0
2019-11-05 00:00:00-05:00,17.872092151778478,17.96198272705078,17.855747844027523,17.96198272705078,42300,0.0,0.0
2019-11-06 00:00:00-05:00,17.978327034801737,17.978327034801737,17.90477920860141,17.96198272705078,43100,0.0,0.0
2019-11-07 00:00:00-05:00,17.978327089626774,18.346066221749822,17.978327089626774,18.256174087524414,86000,0.0,0.0
2019-11-08 00:00:00-05:00,18.14993953445361,18.215316772460938,18.03553248529907,18.215316772460938,57700,0.0,0.0
2019-11-11 00:00:00-05:00,17.97015595423497,17.97015595423497,17.765856771182712,17.953811645507812,54200,0.0,0.0
2019-11-12 00:00:00-05:00,17.823060989379883,17.888436668163614,17.7495131559133,17.823060989379883,76200,0.0,0.0
2019-11-13 00:00:00-05:00,17.74951146981313,17.78220008543933,17.65144874029249,17.72499656677246,32300,0.0,0.0
2019-11-14 00:00:00-05:00,17.659621498886807,17.790372848510742,17.65144934470043,17.790372848510742,25700,0.0,0.0
2019-11-15 00:00:00-05:00,17.68413627177748,17.708652734155006,17.6024178478771,17.69230842590332,53500,0.0,0.0
2019-11-18 00:00:00-05:00,17.65962122497987,17.765856110396935,17.528869877383936,17.55338478088379,61800,0.0,0.0
2019-11-19 00:00:00-05:00,17.79037285864673,17.83940422511388,17.749512087691574,17.83123207092285,50500,0.0,0.0
2019-11-20 00:00:00-05:00,17.774029350960422,17.782201505519595,17.496182330664872,17.54521369934082,72500,0.0,0.0
2019-11-21 00:00:00-05:00,17.504354468594556,17.561557991775334,17.42263448175954,17.4634952545166,68400,0.0,0.0
2019-11-22 00:00:00-05:00,17.381773921608495,17.406288824685152,17.210161806676975,17.234678268432617,66100,0.0,0.0
2019-11-25 00:00:00-05:00,17.26736570660816,17.479837037143774,17.26736570660816,17.357257843017578,104100,0.0,0.0
2019-11-26 00:00:00-05:00,17.373604419889624,17.5043557851885,17.373604419889624,17.438980102539062,64600,0.0,0.0
2019-11-27 00:00:00-05:00,17.455321802091227,17.577900993889937,17.438977494203666,17.52886962890625,31200,0.0,0.0
2019-11-29 00:00:00-05:00,17.37360175607136,17.381773909984442,17.16930258428126,17.193819046020508,22600,0.0,0.0
2019-12-02 00:00:00-05:00,17.169300915118704,17.234676581388694,17.128440149525687,17.177473068237305,46300,0.0,0.0
2019-12-03 00:00:00-05:00,17.07941221394186,17.136615738562647,17.014036534563946,17.05489730834961,79400,0.0,0.0
2019-12-04 00:00:00-05:00,17.1284420623336,17.316398487693718,17.1284420623336,17.218334197998047,64100,0.0,0.0
2019-12-05 00:00:00-05:00,17.1529582764551,17.283709621706443,17.1529582764551,17.193819046020508,93000,0.0,0.0
2019-12-06 00:00:00-05:00,17.210163005347948,17.357258668768896,17.210163005347948,17.32457160949707,27200,0.0,0.0
2019-12-09 00:00:00-05:00,17.324570774699417,17.357257832396193,17.251022946532903,17.31639862060547,51500,0.0,0.0
2019-12-10 00:00:00-05:00,17.447150339705477,17.488009552364932,17.38994681851062,17.39811897277832,41800,0.0,0.0
2019-12-11 00:00:00-05:00,17.528870114957872,17.553385018789985,17.414461515251556,17.53704071044922,68000,0.0,0.0
2019-12-12 00:00:00-05:00,17.68413557266486,17.78219985961914,17.49618071123803,17.78219985961914,89100,0.0,0.0
2019-12-13 00:00:00-05:00,17.872093200683594,17.961983781231535,17.684136767874474,17.872093200683594,99500,0.0,0.0
2019-12-16 00:00:00-05:00,18.076392531381064,18.16628311266427,17.97015608257489,18.051876068115234,89300,0.0,0.0
2019-12-17 00:00:00-05:00,18.21531594713795,18.28886221920558,18.092735190107398,18.248003005981445,87600,0.0,0.0
2019-12-18 00:00:00-05:00,18.15811026191749,18.223485936106933,18.027358913538603,18.182626724243164,65800,0.0,0.0
2019-12-19 00:00:00-05:00,18.225899535291024,18.327720917350085,18.115594521590005,18.302265167236328,132400,0.821,0.0
2019-12-20 00:00:00-05:00,18.242871096824267,18.387117119069885,18.20044646256217,18.35317611694336,117200,0.0,0.0
2019-12-23 00:00:00-05:00,18.32772041576644,18.361659796593315,18.141048156832902,18.16650390625,47900,0.0,0.0
2019-12-24 00:00:00-05:00,18.158018925513723,18.234384556500697,18.158018925513723,18.2004451751709,37000,0.0,0.0
2019-12-26 00:00:00-05:00,18.25135449168251,18.319234870637885,18.217413493006873,18.22589874267578,62200,0.0,0.0
2019-12-27 00:00:00-05:00,18.3277198450065,18.404085472483697,18.200444338676455,18.251354217529297,98600,0.0,0.0
2019-12-30 00:00:00-05:00,18.319234595465044,18.4804510999609,18.251354217529297,18.251354217529297,147400,0.0,0.0
2019-12-31 00:00:00-05:00,18.319235620734712,18.48045213425334,18.319235620734712,18.429540634155273,70600,0.0,0.0
2020-01-02 00:00:00-05:00,18.650151912297314,18.735002792394663,18.548332150897235,18.70954704284668,151300,0.0,0.0
2020-01-03 00:00:00-05:00,18.56529998779297,18.65015086311696,18.54833110744484,18.56529998779297,62500,0.0,0.0
2020-01-06 00:00:00-05:00,18.505907867949567,18.60772925856435,18.505907867949567,18.5483341217041,47800,0.0,0.0
2020-01-07 00:00:00-05:00,18.75197415572582,18.75197415572582,18.573787137475293,18.624698638916016,97100,0.0,0.0
2020-01-08 00:00:00-05:00,18.616213388675895,18.718033154765337,18.573787137475293,18.624698638916016,38900,0.0,0.0
2020-01-09 00:00:00-05:00,18.667122907455543,18.845308303833008,18.667122907455543,18.845308303833008,52500,0.0,0.0
2020-01-10 00:00:00-05:00,18.87076467161791,18.87076467161791,18.675608768704723,18.69257926940918,69800,0.0,0.0
2020-01-13 00:00:00-05:00,18.785912310251607,19.074404325972917,18.785912310251607,19.0489501953125,52100,0.0,0.0
2020-01-14 00:00:00-05:00,18.964099381686214,18.964099381686214,18.735002494583867,18.828338623046875,62300,0.0,0.0
2020-01-15 00:00:00-05:00,18.794398738526688,18.828339739396867,18.726518355182325,18.75197410583496,56200,0.0,0.0
2020-01-16 00:00:00-05:00,18.7943978548071,19.031979994539167,18.735002724473066,18.930158615112305,119200,0.0,0.0
2020-01-17 00:00:00-05:00,18.98955372122801,19.023494720458984,18.845307711288207,19.023494720458984,45900,0.0,0.0
2020-01-21 00:00:00-05:00,18.66712224749217,18.66712224749217,18.302264599166023,18.387115478515625,180700,0.0,0.0
2020-01-22 00:00:00-05:00,18.539846420288086,18.599241549297265,18.49742017214161,18.539846420288086,60800,0.0,0.0
2020-01-23 00:00:00-05:00,18.26832556201238,18.26832556201238,17.91195315675895,18.141048431396484,180900,0.0,0.0
2020-01-24 00:00:00-05:00,17.945894020093565,18.081654793458927,17.78467749482366,17.844074249267578,129700,0.0,0.0
2020-01-27 00:00:00-05:00,17.021020847621337,17.233147234719695,16.74101408138734,17.148296356201172,192900,0.0,0.0
2020-01-28 00:00:00-05:00,17.01253611225987,17.32648388675103,17.004052480707845,17.250118255615234,102400,0.0,0.0
2020-01-29 00:00:00-05:00,17.25860270821836,17.377392965209975,17.139812451226742,17.173751831054688,183100,0.0,0.0
2020-01-30 00:00:00-05:00,16.902230379666022,16.995566506721495,16.78344012224697,16.953140258789062,143300,0.0,0.0
2020-01-31 00:00:00-05:00,16.800410185643845,16.834351186378978,16.537373903530547,16.656164169311523,189300,0.0,0.0
2020-02-03 00:00:00-05:00,16.231911681391765,16.596769354302666,16.223428049441484,16.562829971313477,297400,0.0,0.0
2020-02-04 00:00:00-05:00,16.910715529668988,17.33496829611971,16.842835151772707,17.301027297973633,171700,0.0,0.0
2020-02-05 00:00:00-05:00,17.46224490050855,17.555581032883932,17.3179988861084,17.3179988861084,244800,0.0,0.0
2020-02-06 00:00:00-05:00,17.436789646471574,17.547096282126038,17.351940380147852,17.453760147094727,106200,0.0,0.0
2020-02-07 00:00:00-05:00,17.39436557724316,17.555582101597775,17.360424574896474,17.428306579589844,206100,0.0,0.0
2020-02-10 00:00:00-05:00,17.309513247540615,17.716795531389586,17.309513247540615,17.691341400146484,85500,0.0,0.0
2020-02-11 00:00:00-05:00,17.631945686602098,17.928921330595347,17.631945686602098,17.810131072998047,117600,0.0,0.0
2020-02-12 00:00:00-05:00,17.82710207304966,17.97134808349721,17.82710207304966,17.945892333984375,67500,0.0,0.0
2020-02-13 00:00:00-05:00,17.6913411731602,17.733765803618336,17.53012466430664,17.53012466430664,71400,0.0,0.0
2020-02-14 00:00:00-05:00,17.504670298502493,17.665886820098045,17.470730915132716,17.487701416015625,53800,0.0,0.0
2020-02-18 00:00:00-05:00,17.48769974197393,17.742250757266046,17.48769974197393,17.589519500732422,74800,0.0,0.0
2020-02-19 00:00:00-05:00,17.69134167532796,17.708312175351285,17.623461293630612,17.66588592529297,34900,0.0,0.0
2020-02-20 00:00:00-05:00,17.725279982257618,17.784675110342047,17.589519227094385,17.614974975585938,54700,0.0,0.0
2020-02-21 00:00:00-05:00,17.640431820141522,17.776192583740063,17.57254981994629,17.57254981994629,95500,0.0,0.0
2020-02-24 00:00:00-05:00,17.139812724905628,17.233147234719695,16.970110967868585,17.148296356201172,145100,0.0,0.0
2020-02-25 00:00:00-05:00,17.233148176772282,17.30102855961861,16.808895379383724,16.842836380004883,136200,0.0,0.0
2020-02-26 00:00:00-05:00,16.85980846357479,17.054964380285057,16.834352710718438,16.936172485351562,112900,0.0,0.0
2020-02-27 00:00:00-05:00,16.791926928075448,16.910717196503743,16.401613502903,16.43555450439453,153200,0.0,0.0
2020-02-28 00:00:00-05:00,16.147062887866824,16.206458023635335,15.527652541604766,15.697354316711426,265500,0.0,0.0
2020-03-02 00:00:00-05:00,15.909481082130691,16.596770211727826,15.909481082130691,16.452524185180664,137700,0.0,0.0
2020-03-03 00:00:00-05:00,16.588282679812206,16.859805812394907,16.47797767157227,16.732528686523438,94300,0.0,0.0
2020-03-04 00:00:00-05:00,16.800410619324094,16.987082891394028,16.800410619324094,16.97859764099121,64600,0.0,0.0
2020-03-05 00:00:00-05:00,17.139813082812072,17.190722963627906,16.910716191546925,16.92768669128418,92200,0.0,0.0
2020-03-06 00:00:00-05:00,16.503433170916626,16.817379310050242,16.33373141791758,16.664648056030273,79400,0.0,0.0
2020-03-09 00:00:00-04:00,16.036754374537757,16.09614950336559,15.705837731985042,15.934934616088867,138600,0.0,0.0
2020-03-10 00:00:00-04:00,16.5204034730834,16.630710107543443,16.01978503889336,16.494949340820312,106200,0.0,0.0
2020-03-11 00:00:00-04:00,16.37615763527943,16.37615763527943,15.553107775717606,15.654929161071777,143700,0.0,0.0
2020-03-12 00:00:00-04:00,15.527651933140852,15.527651933140852,14.704602078436405,14.780967712402344,191400,0.0,0.0
2020-03-13 00:00:00-04:00,15.273099857742263,15.52765087467961,14.891271713940348,15.400375366210938,130900,0.0,0.0
2020-03-16 00:00:00-04:00,13.576089476453213,14.407624568470936,13.576089476453213,14.25489330291748,232800,0.0,0.0
2020-03-17 00:00:00-04:00,14.25489253666318,14.645205929696301,13.576088746687178,14.543384552001953,152200,0.0,0.0
2020-03-18 00:00:00-04:00,13.873067420965878,14.000342942215902,13.542149932838575,13.610031127929688,272800,0.0,0.0
2020-03-19 00:00:00-04:00,13.601545579946833,13.86458186723079,13.380933926019766,13.669425964355469,143800,0.0,0.0
2020-03-20 00:00:00-04:00,13.974886718392126,14.263378753288517,13.7457914352417,13.7457914352417,130300,0.0,0.0
2020-03-23 00:00:00-04:00,13.745791106381915,14.314289912324284,13.39790313726057,14.297319412231445,204800,0.0,0.0
2020-03-24 00:00:00-04:00,14.747026711352591,14.840362845843407,14.577326561291843,14.780967712402344,173400,0.0,0.0
2020-03-25 00:00:00-04:00,14.730057448434193,15.646443413939789,14.72157219839111,15.51916790008545,161700,0.0,0.0
2020-03-26 00:00:00-04:00,15.145826155249637,15.892510414123535,15.120370403162221,15.892510414123535,178500,0.0,0.0
2020-03-27 00:00:00-04:00,15.570078410253375,15.595532543013825,15.086430467052473,15.307042121887207,254200,0.0,0.0
2020-03-30 00:00:00-04:00,15.086429937654065,15.26461533430862,15.06945943747859,15.23915958404541,119800,0.0,0.0
2020-03-31 00:00:00-04:00,15.332495548731915,15.578562943394061,15.29007091715373,15.374921798706055,84400,0.0,0.0
2020-04-01 00:00:00-04:00,14.933699420437192,15.44280312241497,14.933699420437192,15.044004440307617,370000,0.0,0.0
2020-04-02 00:00:00-04:00,15.171278636230442,15.39189027510039,14.865817736437824,15.324009895324707,203400,0.0,0.0
2020-04-03 00:00:00-04:00,15.366436118036727,15.442801747453927,14.908242341533525,14.959152221679688,111000,0.0,0.0
2020-04-06 00:00:00-04:00,15.205219882993056,15.459770906699253,15.205219882993056,15.391890525817871,51200,0.0,0.0
2020-04-07 00:00:00-04:00,15.553108103852475,15.654929491354844,15.459771966841641,15.502198219299316,221900,0.0,0.0
2020-04-08 00:00:00-04:00,15.476741293310614,15.858569444472886,15.476741293310614,15.739777565002441,42500,0.0,0.0
2020-04-09 00:00:00-04:00,15.705839480464663,16.01130202660924,15.705839480464663,15.91796588897705,65300,0.0,0.0
2020-04-13 00:00:00-04:00,15.892509810129537,15.892509810129537,15.536137386430068,15.705839157104492,35700,0.0,0.0
2020-04-14 00:00:00-04:00,15.824628420514696,15.977359680742488,15.799174289407347,15.833113670349121,40400,0.0,0.0
2020-04-15 00:00:00-04:00,15.680383650432066,15.83311492274083,15.442803109859373,15.773719787597656,125100,0.0,0.0
2020-04-16 00:00:00-04:00,15.688868140236277,15.82462890495124,15.502197493352195,15.60401725769043,57500,0.0,0.0
2020-04-17 00:00:00-04:00,15.739777174338332,15.82462805231237,15.357950651048991,15.714323043823242,146600,0.0,0.0
2020-04-20 00:00:00-04:00,15.502197921820164,15.646443940616152,15.502197921820164,15.561593055725098,89500,0.0,0.0
2020-04-21 00:00:00-04:00,15.45977122422683,15.45977122422683,15.188249695124533,15.298556327819824,94400,0.0,0.0
2020-04-22 00:00:00-04:00,15.49371324573219,15.519168997661774,15.408862357696322,15.4767427444458,76300,0.0,0.0
2020-04-23 00:00:00-04:00,15.663411483968103,16.104634752968977,15.570076975122602,15.934934616088867,267400,0.0,0.0
2020-04-24 00:00:00-04:00,16.019785380644908,16.079182133449894,15.807658975815206,15.943421363830566,39600,0.0,0.0
2020-04-27 00:00:00-04:00,16.019785546550768,16.019785546550768,15.79917550743168,15.867055892944336,83200,0.0,0.0
2020-04-28 00:00:00-04:00,15.943421363830566,15.985845997438094,15.799175343810527,15.943421363830566,91200,0.0,0.0
2020-04-29 00:00:00-04:00,15.943421422895259,16.121606826782227,15.909480421166672,16.121606826782227,54500,0.0,0.0
2020-04-30 00:00:00-04:00,16.20645706312198,16.545858974823787,16.13009143068958,16.42706871032715,417400,0.0,0.0
2020-05-01 00:00:00-04:00,16.274337069621975,16.316761700706454,15.858569535089522,15.884023666381836,227600,0.0,0.0
2020-05-04 00:00:00-04:00,15.884024124531082,15.95190450726171,15.620987843749392,15.748263359069824,170000,0.0,0.0
2020-05-05 00:00:00-04:00,15.816144093482617,16.0452409971911,15.765234209901626,15.926450729370117,56300,0.0,0.0
2020-05-06 00:00:00-04:00,16.019785165728603,16.214942685534744,16.019785165728603,16.147062301635742,46000,0.0,0.0
2020-05-07 00:00:00-04:00,16.316763258339552,16.376158394886183,16.04524170932861,16.164031982421875,96200,0.0,0.0
2020-05-08 00:00:00-04:00,16.24888256044653,16.38464333235657,16.24888256044653,16.28282356262207,47900,0.0,0.0
2020-05-11 00:00:00-04:00,16.147060687834646,16.147060687834646,15.968873686410973,16.028268814086914,54700,0.0,0.0
2020-05-12 00:00:00-04:00,15.98584610940314,16.121606879973335,15.951905107562569,15.994331359863281,45500,0.0,0.0
2020-05-13 00:00:00-04:00,15.884024726506137,15.968875612734111,15.62098843575586,15.629473686218262,106600,0.0,0.0
2020-05-14 00:00:00-04:00,15.587048215294294,15.688867978583412,15.485226833609216,15.68038272857666,104400,0.0,0.0
2020-05-15 00:00:00-04:00,15.493711836674173,15.612502098083494,15.48522658680266,15.612502098083496,66400,0.0,0.0
2020-05-18 00:00:00-04:00,15.654928392771337,15.943420415654417,15.654928392771337,15.884023666381836,70600,0.0,0.0
2020-05-19 00:00:00-04:00,15.799175783303149,15.875539802241743,15.680383892784727,15.84160041809082,42500,0.0,0.0
2020-05-20 00:00:00-04:00,15.799175262451172,15.909480280300336,15.714324377277032,15.799175262451172,170900,0.0,0.0
2020-05-21 00:00:00-04:00,15.663412957409346,15.705839209417277,15.493712804565714,15.578563690185547,102400,0.0,0.0
2020-05-22 00:00:00-04:00,15.34946517728111,15.34946517728111,14.933697661514781,15.060973167419434,178200,0.0,0.0
2020-05-26 00:00:00-04:00,15.145824976405057,15.264615240108355,15.128854476334311,15.15431022644043,243100,0.0,0.0
2020-05-27 00:00:00-04:00,15.086430139813208,15.162795773230172,15.001579256194804,15.094915390014648,167200,0.0,0.0
2020-05-28 00:00:00-04:00,15.03551902539266,15.23916018027789,15.001579642109805,15.120369911193848,225500,0.0,0.0
2020-05-29 00:00:00-04:00,15.027033022501929,15.400375930294585,14.925213259355903,15.374921798706055,203500,0.0,0.0
2020-06-01 00:00:00-04:00,15.40886055243707,15.654927937072907,15.35795067293844,15.620986938476562,132500,0.0,0.0
2020-06-02 00:00:00-04:00,15.739777540566374,15.841598920183545,15.637957779345129,15.833113670349121,87300,0.0,0.0
2020-06-03 00:00:00-04:00,15.88402472227747,16.02827074330781,15.88402472227747,15.994331359863281,107000,0.0,0.0
2020-06-04 00:00:00-04:00,15.833114890989982,15.994331413481055,15.748264004500154,15.867055892944336,80300,0.0,0.0
2020-06-05 00:00:00-04:00,15.98584629900479,16.299792477773444,15.892510161232241,16.18948745727539,77500,0.0,0.0
2020-06-08 00:00:00-04:00,16.147063341374697,16.240397863748296,16.062212451438235,16.23191261291504,63100,0.0,0.0
2020-06-09 00:00:00-04:00,16.214942614174088,16.376157513727218,16.12160647982522,16.308277130126953,64100,0.0,0.0
2020-06-10 00:00:00-04:00,16.29979263334913,16.47797966003418,16.24039749725281,16.47797966003418,36100,0.0,0.0
2020-06-11 00:00:00-04:00,16.070696063409308,16.079181313377255,15.663412156927643,15.900994300842285,98500,0.0,0.0
2020-06-12 00:00:00-04:00,15.985845270513604,16.07918140228113,15.943420638835251,16.04524040222168,35400,0.0,0.0
2020-06-15 00:00:00-04:00,15.934936113429854,16.01130174864023,15.77371959260839,15.943421363830566,71200,0.0,0.0
2020-06-16 00:00:00-04:00,16.147062301635742,16.223427935821622,16.087665549627605,16.147062301635742,80500,0.0,0.0
2020-06-17 00:00:00-04:00,16.18948634309191,16.265851974487305,16.181001093115096,16.265851974487305,34200,0.0,0.0
2020-06-18 00:00:00-04:00,16.2913076985233,16.359188079833984,16.24039619874333,16.359188079833984,20600,0.0,0.0
2020-06-19 00:00:00-04:00,16.469492544508313,16.494948293551207,16.291307156395746,16.3507022857666,37900,0.0,0.0
2020-06-22 00:00:00-04:00,16.3846435546875,16.55434533107585,16.3252484184704,16.3846435546875,85500,0.0,0.0
2020-06-23 00:00:00-04:00,16.4016129397247,16.511917953992597,16.4016129397247,16.461008071899414,71000,0.0,0.0
2020-06-24 00:00:00-04:00,16.43555369117143,16.43555369117143,16.350702810037017,16.39312744140625,76500,0.0,0.0
2020-06-25 00:00:00-04:00,16.401613502903,16.43555450439453,16.3676741198075,16.43555450439453,21900,0.0,0.0
2020-06-26 00:00:00-04:00,16.393127985239104,16.401613235473633,16.359188602696985,16.401613235473633,22600,0.0,0.0
2020-06-29 00:00:00-04:00,16.350704137199763,16.486464910675952,16.308277883990904,16.47797966003418,69500,0.0,0.0
2020-06-30 00:00:00-04:00,16.511917926908055,16.579799927448917,16.503434295236417,16.554344177246094,70900,0.0,0.0
2020-07-01 00:00:00-04:00,16.67313324698968,16.97011050449756,16.67313324698968,16.8852596282959,69900,0.0,0.0
2020-07-02 00:00:00-04:00,17.097387286557034,17.29254318351939,17.097387286557034,17.190723419189453,100800,0.0,0.0
2020-07-06 00:00:00-04:00,18.234385846292636,18.429541753331982,18.158020209904013,18.35317611694336,275000,0.0,0.0
2020-07-07 00:00:00-04:00,18.22589930656926,18.302264937556235,17.920438401017314,18.2004451751709,182000,0.0,0.0
2020-07-08 00:00:00-04:00,18.33620606868838,18.66712272640615,18.33620606868838,18.616212844848633,173300,0.0,0.0
2020-07-09 00:00:00-04:00,18.7180334323941,18.79439906729185,18.39560201046718,18.5992431640625,218500,0.0,0.0
2020-07-10 00:00:00-04:00,18.51439148949772,18.718032634411465,18.33620609459668,18.522876739501953,115300,0.0,0.0
2020-07-13 00:00:00-04:00,18.582271050038678,18.7689433050914,18.539846420288086,18.539846420288086,126800,0.0,0.0
2020-07-14 00:00:00-04:00,18.37014518437971,18.616212575405466,18.37014518437971,18.582271575927734,132300,0.0,0.0
2020-07-15 00:00:00-04:00,18.480452452124254,18.565301716955222,18.183475170027904,18.336206436157227,97400,0.0,0.0
2020-07-16 00:00:00-04:00,17.928922502737752,17.937407752891712,17.436789322579955,17.606491088867188,137900,0.0,0.0
2020-07-17 00:00:00-04:00,17.56406509699869,17.665884854173186,17.538609348507137,17.614974975585938,90900,0.0,0.0
2020-07-20 00:00:00-04:00,17.844073632729454,18.039229535399745,17.844073632729454,17.996803283691406,41000,0.0,0.0
2020-07-21 00:00:00-04:00,18.11559429999006,18.20892881247352,18.047713918913022,18.141048431396484,62600,0.0,0.0
2020-07-22 00:00:00-04:00,18.030744584176333,18.081654468674877,17.835588678268536,17.937408447265625,89800,0.0,0.0
2020-07-23 00:00:00-04:00,17.81013243652814,17.971348954464148,17.699827420085192,17.801647186279297,50500,0.0,0.0
2020-07-24 00:00:00-04:00,17.462246275889516,17.462246275889516,17.105873836855192,17.30951499938965,109100,0.0,0.0
2020-07-27 00:00:00-04:00,17.360423786834794,17.385879537439266,17.19920888819446,17.351940155029297,57800,0.0,0.0
2020-07-28 00:00:00-04:00,17.394365064472026,17.394365064472026,17.32648468017578,17.32648468017578,37000,0.0,0.0
2020-07-29 00:00:00-04:00,17.479215545747238,17.75073707666125,17.479215545747238,17.699827194213867,35900,0.0,0.0
2020-07-30 00:00:00-04:00,17.73376607606311,17.73376607606311,17.326483791182618,17.56406593322754,38100,0.0,0.0
2020-07-31 00:00:00-04:00,17.462245581834758,17.70831298828125,17.419820948224825,17.70831298828125,65000,0.0,0.0
2020-08-03 00:00:00-04:00,17.810131820734313,18.07316809576982,17.750736689442032,18.01377296447754,78200,0.0,0.0
2020-08-04 00:00:00-04:00,18.14104938436197,18.50590705871582,18.022259115835983,18.50590705871582,154700,0.0,0.0
2020-08-05 00:00:00-04:00,18.471967697143555,18.633182599360904,18.438026695584515,18.471967697143555,84000,0.0,0.0
2020-08-06 00:00:00-04:00,18.45499741911064,18.590758190193334,18.34469239950447,18.573787689208984,37500,0.0,0.0
2020-08-07 00:00:00-04:00,18.412571826306092,18.412571826306092,18.073168297875995,18.20892906188965,124900,0.0,0.0
2020-08-10 00:00:00-04:00,18.208930063006036,18.463482723323768,18.208930063006036,18.44651222229004,54500,0.0,0.0
2020-08-11 00:00:00-04:00,18.40408706665039,18.45499694991306,18.276811549295708,18.40408706665039,87200,0.0,0.0
2020-08-12 00:00:00-04:00,18.463482200189507,18.463482200189507,18.32772143255838,18.40408706665039,38700,0.0,0.0
2020-08-13 00:00:00-04:00,18.404086798340458,18.454996680860923,18.268326032688563,18.370145797729492,50000,0.0,0.0
2020-08-14 00:00:00-04:00,18.3956017663077,18.53984778382269,18.3956017663077,18.531362533569336,50500,0.0,0.0
2020-08-17 00:00:00-04:00,18.66712263505705,18.95561465979779,18.633181635254164,18.870763778686523,51600,0.0,0.0
2020-08-18 00:00:00-04:00,18.870764054056632,18.94712968633154,18.777427921632647,18.845308303833008,63600,0.0,0.0
2020-08-19 00:00:00-04:00,18.828339173113896,18.836824423076237,18.735003041924084,18.777427673339844,59000,0.0,0.0
2020-08-20 00:00:00-04:00,18.58227261195076,18.76894488269401,18.58227261195076,18.726518630981445,62600,0.0,0.0
2020-08-21 00:00:00-04:00,18.582272072169495,18.75197383729819,18.582272072169495,18.718032836914062,42200,0.0,0.0
2020-08-24 00:00:00-04:00,18.85379411924801,18.85379411924801,18.74348910176336,18.819854736328125,49900,0.0,0.0
2020-08-25 00:00:00-04:00,18.73500360539987,18.794398738526688,18.692578972708144,18.75197410583496,60400,0.0,0.0
2020-08-26 00:00:00-04:00,18.624696733396846,18.624696733396846,18.522875359328893,18.56529998779297,84500,0.0,0.0
2020-08-27 00:00:00-04:00,18.48893762580129,18.641667272902815,18.48893762580129,18.55681800842285,21700,0.0,0.0
2020-08-28 00:00:00-04:00,18.709548322835797,18.94713047968306,18.709548322835797,18.921674728393555,41200,0.0,0.0
2020-08-31 00:00:00-04:00,18.819853672492012,18.819853672492012,18.650151912297314,18.70954704284668,23500,0.0,0.0
2020-09-01 00:00:00-04:00,18.836824665431287,18.92167392935448,18.802883665145234,18.904705047607422,29800,0.0,0.0
2020-09-02 00:00:00-04:00,18.981070409649952,18.989554041204727,18.777427647624535,18.870763778686523,27400,0.0,0.0
2020-09-03 00:00:00-04:00,18.768944154789207,18.794398286433555,18.37863074615099,18.488937377929688,94300,0.0,0.0
2020-09-04 00:00:00-04:00,18.471966315056047,18.607727074342414,18.32772030601479,18.51439094543457,37700,0.0,0.0
2020-09-08 00:00:00-04:00,18.285295062744773,18.285295062744773,17.8780127624893,17.988319396972656,53300,0.0,0.0
2020-09-09 00:00:00-04:00,18.141048947102483,18.327721214167934,18.04771443196575,18.242870330810547,61900,0.0,0.0
2020-09-10 00:00:00-04:00,18.2428706884117,18.2428706884117,17.98831965174576,17.996803283691406,77500,0.0,0.0
2020-09-11 00:00:00-04:00,18.09014019849004,18.149535335044806,18.030745061935274,18.132566452026367,59100,0.0,0.0
2020-09-14 00:00:00-04:00,18.310749324749416,18.370144453075028,18.251354196423804,18.344690322875977,15500,0.0,0.0
2020-09-15 00:00:00-04:00,18.497421264648438,18.51439176490935,18.378630999614007,18.497421264648438,35700,0.0,0.0
2020-09-16 00:00:00-04:00,18.514391536149695,18.531362036200925,18.276811009016324,18.395601272583008,20000,0.0,0.0
2020-09-17 00:00:00-04:00,18.34469220857746,18.387116842200736,18.242870822127145,18.378631591796875,17300,0.0,0.0
2020-09-18 00:00:00-04:00,18.522876171735728,18.63318118161777,18.505905672247444,18.60772705078125,24900,0.0,0.0
2020-09-21 00:00:00-04:00,18.412572295818507,18.454996928756092,18.276811528343014,18.438026428222656,25800,0.0,0.0
2020-09-22 00:00:00-04:00,18.387114952138308,18.421054331869,18.166503319503274,18.344690322875977,63500,0.0,0.0
2020-09-23 00:00:00-04:00,18.412571295427508,18.412571295427508,17.945892266489587,18.16650390625,67500,0.0,0.0
2020-09-24 00:00:00-04:00,17.92892319678319,17.971349449195355,17.844073928750966,17.937408447265625,18100,0.0,0.0
2020-09-25 00:00:00-04:00,17.810133523647284,17.988320552957397,17.60649236043294,17.818618774414062,49400,0.0,0.0
2020-09-28 00:00:00-04:00,17.801647381021116,17.996803283691406,17.801647381021116,17.996803283691406,36000,0.0,0.0
2020-09-29 00:00:00-04:00,17.84407311361111,17.99680276012986,17.65740084831712,17.954378128051758,41100,0.0,0.0
2020-09-30 00:00:00-04:00,17.928922398187996,18.039229031150256,17.827102633726188,17.920438766479492,38100,0.0,0.0
2020-10-01 00:00:00-04:00,17.996803028798148,18.115594913502992,17.920439013596745,17.988319396972656,42300,0.0,0.0
2020-10-02 00:00:00-04:00,17.878014154025287,17.95437979356661,17.81861901624784,17.886499404907227,13300,0.0,0.0
2020-10-05 00:00:00-04:00,17.801645801674244,17.99680168703047,17.801645801674244,17.903467178344727,23500,0.0,0.0
2020-10-06 00:00:00-04:00,17.827103513405348,17.962864284984192,17.716796875,17.716796875,38900,0.0,0.0
2020-10-07 00:00:00-04:00,17.95437894823049,18.039229834658766,17.903469063731944,17.937408447265625,18100,0.0,0.0
2020-10-08 00:00:00-04:00,17.886496618120674,18.12407875061035,17.87801136856077,18.12407875061035,12600,0.0,0.0
2020-10-09 00:00:00-04:00,18.259841099131723,18.293780481935155,18.141049213329666,18.276811599731445,19500,0.0,0.0
2020-10-12 00:00:00-04:00,18.45499741911064,18.616213941669855,18.45499741911064,18.573787689208984,31700,0.0,0.0
2020-10-13 00:00:00-04:00,18.61621336773141,18.667123250718856,18.565301866347966,18.65863800048828,27900,0.0,0.0
2020-10-14 00:00:00-04:00,18.582272147557024,18.61621314807885,18.488937632913963,18.497421264648438,126800,0.0,0.0
2020-10-15 00:00:00-04:00,18.24287028223034,18.421055680249957,18.141048898793425,18.370145797729492,51600,0.0,0.0
2020-10-16 00:00:00-04:00,18.387115684118577,18.607727325536032,18.327720553428478,18.582271575927734,84600,0.0,0.0
2020-10-19 00:00:00-04:00,18.539847487684195,18.7095476348526,18.471967105137633,18.590757369995117,218000,0.0,0.0
2020-10-20 00:00:00-04:00,18.582272908173927,18.735004179981843,18.582272908173927,18.667123794555664,53300,0.0,0.0
2020-10-21 00:00:00-04:00,18.78591348830914,18.836824989614414,18.743488855617414,18.75197410583496,58800,0.0,0.0
2020-10-22 00:00:00-04:00,18.845307735322574,18.930158615112305,18.7943978548071,18.930158615112305,47300,0.0,0.0
2020-10-23 00:00:00-04:00,18.828339121797644,18.981070383911632,18.80288337198,18.964099884033203,121100,0.0,0.0
2020-10-26 00:00:00-04:00,18.760459087394224,18.79439846938238,18.701063955117974,18.718032836914062,58800,0.0,0.0
2020-10-27 00:00:00-04:00,18.624698863663326,18.726518630981445,18.624698863663326,18.726518630981445,47000,0.0,0.0
2020-10-28 00:00:00-04:00,18.650151469931394,18.650151469931394,18.41257095336914,18.41257095336914,43700,0.0,0.0
2020-10-29 00:00:00-04:00,18.539846606339303,18.955614131971767,18.52287610691041,18.828338623046875,63000,0.0,0.0
2020-10-30 00:00:00-04:00,18.66712218059434,18.66712218059434,18.582271301548822,18.60772705078125,55800,0.0,0.0
2020-11-02 00:00:00-05:00,18.78591434317241,18.87076523081305,18.582273183872523,18.64166831970215,59700,0.0,0.0
2020-11-03 00:00:00-05:00,18.73500385143438,18.85379411924801,18.701064468514495,18.819854736328125,47400,0.0,0.0
2020-11-04 00:00:00-05:00,18.90470490833493,19.320472448400263,18.90470490833493,19.286531448364258,72700,0.0,0.0
2020-11-05 00:00:00-05:00,19.439262321781655,19.702298593200354,19.439262321781655,19.659873962402344,78400,0.0,0.0
2020-11-06 00:00:00-05:00,19.634420151420596,19.642905402097142,19.549570881447284,19.566539764404297,105200,0.0,0.0
2020-11-09 00:00:00-05:00,19.846546002319982,19.93988213872842,19.575024461927473,19.617450714111328,54800,0.0,0.0
2020-11-10 00:00:00-05:00,19.54956976629039,19.64290428161621,19.218651482365768,19.64290428161621,75700,0.0,0.0
2020-11-11 00:00:00-05:00,19.69381386797717,19.710784368106815,19.515628471803808,19.702299118041992,59100,0.0,0.0
2020-11-12 00:00:00-05:00,19.617450198868188,19.69381421400138,19.515628814697266,19.515628814697266,67200,0.0,0.0
2020-11-13 00:00:00-05:00,19.47320421070904,19.47320421070904,19.303502442972857,19.422292709350586,71500,0.0,0.0
2020-11-16 00:00:00-05:00,19.558053398086923,19.67684528238632,19.439263132183516,19.64290428161621,55500,0.0,0.0
2020-11-17 00:00:00-05:00,19.60048076711049,19.642905402097142,19.261078832028993,19.566539764404297,64200,0.0,0.0
2020-11-18 00:00:00-05:00,19.549569472063098,19.736240118301282,19.549569472063098,19.702299118041992,20600,0.0,0.0
2020-11-19 00:00:00-05:00,19.524113449369906,19.727754592895508,19.490172449584335,19.727754592895508,18100,0.0,0.0
2020-11-20 00:00:00-05:00,19.69381492265017,19.84654619520433,19.625934536892327,19.812606811523438,29900,0.0,0.0
2020-11-23 00:00:00-05:00,19.812607000321577,20.06715804474014,19.812607000321577,20.007762908935547,50200,0.0,0.0
2020-11-24 00:00:00-05:00,19.999276342486947,20.024732092612375,19.80412044671322,19.88897132873535,51100,0.0,0.0
2020-11-25 00:00:00-05:00,19.84654520797411,19.84654520797411,19.388353031499623,19.481687545776367,50500,0.0,0.0
2020-11-27 00:00:00-05:00,19.60896565424991,19.863516696242804,19.60896565424991,19.812606811523438,34800,0.0,0.0
2020-11-30 00:00:00-05:00,19.651389992954527,20.1520084372894,19.541084974655195,19.87200164794922,104700,0.0,0.0
2020-12-01 00:00:00-05:00,20.1689793456554,20.262313865057582,19.96533818732874,20.228374481201172,67500,0.0,0.0
2020-12-02 00:00:00-05:00,20.14352194351566,20.321708953949354,20.084126812836402,20.296253204345703,55600,0.0,0.0
2020-12-03 00:00:00-05:00,20.26231218543595,20.398074564795916,20.152007174051143,20.33019256591797,80700,0.0,0.0
2020-12-04 00:00:00-05:00,20.40655787853765,20.516864506600957,20.40655787853765,20.48292350769043,74100,0.0,0.0
2020-12-07 00:00:00-05:00,20.3726190848109,20.45746996613525,20.270797703542485,20.364133834838867,74000,0.0,0.0
2020-12-08 00:00:00-05:00,20.219887867937395,20.36413388099696,20.10958285484288,20.236858367919922,37300,0.0,0.0
2020-12-09 00:00:00-05:00,20.236858595735868,20.508380124929122,20.236858595735868,20.33867835998535,79200,0.0,0.0
2020-12-10 00:00:00-05:00,20.26231296656039,20.46595573425293,20.26231296656039,20.46595573425293,57500,0.0,0.0
2020-12-11 00:00:00-05:00,20.279282927790835,20.491409321634666,20.09261228383081,20.457469940185547,55800,0.0,0.0
2020-12-14 00:00:00-05:00,20.432014119613587,20.68656514398714,20.432014119613587,20.678081512451172,76400,0.0,0.0
2020-12-15 00:00:00-05:00,20.788386524774126,20.788386524774126,20.627170012859708,20.678081512451172,45800,0.0,0.0
2020-12-16 00:00:00-05:00,20.49140875741806,20.49140875741806,20.40655787853765,20.48292350769043,114700,0.0,0.0
2020-12-17 00:00:00-05:00,20.919129517796158,20.956653480189676,20.684610120559693,20.7690372467041,76800,2.305,0.0
2020-12-18 00:00:00-05:00,20.684610984504655,20.684610984504655,20.5063775234141,20.515758514404297,57500,0.0,0.0
2020-12-21 00:00:00-05:00,20.403188195084017,20.534518489069946,20.09362265265928,20.140525817871094,108500,0.0,0.0
2020-12-22 00:00:00-05:00,20.027957110451773,20.0842412654435,19.849721865530107,19.877864837646484,69100,0.0,0.0
2020-12-23 00:00:00-05:00,19.92476849160685,20.009195620789846,19.868484335231877,19.896625518798828,74600,0.0,0.0
2020-12-24 00:00:00-05:00,19.896625024394265,20.178049377758256,19.849721860120777,20.065479278564453,69900,0.0,0.0
2020-12-28 00:00:00-05:00,20.046719736222375,20.206193004859056,19.999814781187418,20.05609893798828,54200,0.0,0.0
2020-12-29 00:00:00-05:00,20.23433429519849,20.53451885203872,20.14990716493204,20.243715286254883,147900,0.0,0.0
2020-12-30 00:00:00-05:00,20.290619095825463,20.815943876197966,20.290619095825463,20.665851593017578,91600,0.0,0.0
2020-12-31 00:00:00-05:00,20.759657512296837,20.919130783637186,20.759657512296837,20.778419494628906,53500,0.0,0.0
2021-01-04 00:00:00-05:00,20.787799384340946,21.106745910122072,20.787799384340946,20.928510665893555,84600,0.0,0.0
2021-01-05 00:00:00-05:00,21.059842810881158,21.388168539101464,21.059842810881158,21.331884384155273,98700,0.0,0.0
2021-01-06 00:00:00-05:00,21.500738436595483,21.575784572233612,21.087983795965272,21.20055389404297,134400,0.0,0.0
2021-01-07 00:00:00-05:00,21.256838907033295,21.435074157338217,21.087984647717164,21.134889602661133,96600,0.0,0.0
2021-01-08 00:00:00-05:00,21.1348899424773,21.191174100073944,20.79718141841521,20.994176864624023,112500,0.0,0.0
2021-01-11 00:00:00-05:00,20.806561860588506,20.947273145488104,20.684610768232073,20.75965690612793,52700,0.0,0.0
2021-01-12 00:00:00-05:00,20.9941765270703,21.181792768364023,20.928511379389825,21.134889602661133,60700,0.0,0.0
2021-01-13 00:00:00-05:00,21.144270681701855,21.144270681701855,20.95665443962684,21.078603744506836,37200,0.0,0.0
2021-01-14 00:00:00-05:00,21.087985359166787,21.087985359166787,20.881608918173995,20.909751892089844,58800,0.0,0.0
2021-01-15 00:00:00-05:00,20.956653637900484,20.984796609907416,20.88160750178969,20.928510665893555,27400,0.0,0.0
2021-01-19 00:00:00-05:00,20.937892765969256,20.937892765969256,20.759657512296837,20.778419494628906,73100,0.0,0.0
2021-01-20 00:00:00-05:00,20.984797825320133,21.012939009715943,20.947273860470887,20.966035842895508,31900,0.0,0.0
2021-01-21 00:00:00-05:00,21.01293810930283,21.08798424654444,20.937891972061216,21.059843063354492,57300,0.0,0.0
2021-01-22 00:00:00-05:00,20.815943252529962,20.947273549067717,20.80656226145711,20.83470344543457,49600,0.0,0.0
2021-01-25 00:00:00-05:00,20.84408439240571,20.947273504747674,20.797181226381774,20.86284637451172,86500,0.0,0.0
2021-01-26 00:00:00-05:00,20.778418484680913,20.806561456811107,20.63770720251199,20.68461036682129,96300,0.0,0.0
2021-01-27 00:00:00-05:00,20.50637700949563,21.050461948604134,20.168668499276198,20.253095626831055,224500,0.0,0.0
2021-01-28 00:00:00-05:00,20.2155723130857,20.328142416521334,20.168669147044824,20.243715286254883,45100,0.0,0.0
2021-01-29 00:00:00-05:00,20.20619357028977,20.243715746126632,20.037339305921044,20.103004455566406,56600,0.0,0.0
2021-02-01 00:00:00-05:00,20.375045790771015,20.375045790771015,20.037339055495337,20.18743133544922,45800,0.0,0.0
2021-02-02 00:00:00-05:00,20.346904342366756,20.51575860243271,20.346904342366756,20.45947265625,22200,0.0,0.0
2021-02-03 00:00:00-05:00,20.468853559453297,20.853465243846095,20.412569402753178,20.515758514404297,25900,0.0,0.0
2021-02-04 00:00:00-05:00,20.468854361904455,20.52513852081111,20.14990781269815,20.23433494567871,32200,0.0,0.0
2021-02-05 00:00:00-05:00,20.36566494783861,20.41256990394126,20.328142772197612,20.346904754638672,20000,0.0,0.0
2021-02-08 00:00:00-05:00,20.34690515195675,20.581424569326153,20.34690515195675,20.421951293945312,125900,0.0,0.0
2021-02-09 00:00:00-05:00,20.684611122986805,20.909751329776746,20.59080479093894,20.86284637451172,79200,0.0,0.0
2021-02-10 00:00:00-05:00,21.003558416641606,21.087985549911668,20.994177425251472,21.04108238220215,49000,0.0,0.0
2021-02-11 00:00:00-05:00,21.106746023440813,21.18179215995452,21.08798404200213,21.116127014160156,30700,0.0,0.0
2021-02-12 00:00:00-05:00,21.031701435945532,21.08798559516597,20.994177470304468,21.012939453125,27100,0.0,0.0
2021-02-16 00:00:00-05:00,21.209936083463532,21.435074503103007,21.209936083463532,21.42569351196289,129200,0.0,0.0
2021-02-17 00:00:00-05:00,21.4350732452173,21.4350732452173,21.303741166203803,21.416311264038086,40500,0.0,0.0
2021-02-18 00:00:00-05:00,21.29436230284808,21.29436230284808,21.003556957677485,21.087984085083008,38100,0.0,0.0
2021-02-19 00:00:00-05:00,21.18179226503485,21.510119784876487,21.18179226503485,21.491357803344727,49700,0.0,0.0
2021-02-22 00:00:00-05:00,21.266219485886445,21.266219485886445,21.125508202263656,21.24745750427246,25200,0.0,0.0
2021-02-23 00:00:00-05:00,21.087985549911668,21.106747532691937,20.84408514149162,21.04108238220215,101900,0.0,0.0
2021-02-24 00:00:00-05:00,20.919129744913878,21.23807627175753,20.806561434993192,21.144269943237305,23300,0.0,0.0
2021-02-25 00:00:00-05:00,21.238076861010242,21.238076861010242,20.834703195913914,20.919130325317383,66900,0.0,0.0
2021-02-26 00:00:00-05:00,20.769037810018137,20.862845929305262,20.759656819165322,20.815942764282227,13300,0.0,0.0
2021-03-01 00:00:00-05:00,20.956654980942034,21.331885685543273,20.956654980942034,21.31312370300293,36000,0.0,0.0
2021-03-02 00:00:00-05:00,21.087984399487837,21.219316482543945,20.975416087429526,21.219316482543945,41700,0.0,0.0
2021-03-03 00:00:00-05:00,21.35064707207655,21.35064707207655,21.022319543750363,21.106746673583984,19800,0.0,0.0
2021-03-04 00:00:00-05:00,21.0223187881451,21.0223187881451,20.69399127161999,20.740896224975586,47000,0.0,0.0
2021-03-05 00:00:00-05:00,20.722135336873816,20.84408464355003,20.722135336873816,20.778419494628906,13000,0.0,0.0
2021-03-08 00:00:00-05:00,20.684611623466107,20.8347039054636,20.67523242142726,20.693992614746094,30800,0.0,0.0
2021-03-09 00:00:00-05:00,20.684610768232073,20.77841888791216,20.67523156658102,20.75965690612793,25600,0.0,0.0
2021-03-10 00:00:00-05:00,20.740897081763137,20.750278072821775,20.66585094253511,20.67523193359375,50500,0.0,0.0
2021-03-11 00:00:00-05:00,20.750277855751524,20.956654289159403,20.750277855751524,20.919130325317383,22300,0.0,0.0
2021-03-12 00:00:00-05:00,20.693992570044077,20.87222782549651,20.68461157878436,20.722135543823242,35300,0.0,0.0
2021-03-15 00:00:00-04:00,20.665850575688903,20.769037897020045,20.665850575688903,20.75965690612793,37500,0.0,0.0
2021-03-16 00:00:00-04:00,20.86284637451172,20.956654495800677,20.78780023532877,20.86284637451172,105000,0.0,0.0
2021-03-17 00:00:00-04:00,20.872226425721735,20.98479652404785,20.759656327395614,20.98479652404785,21900,0.0,0.0
2021-03-18 00:00:00-04:00,20.881608711225827,20.99417702729132,20.881608711225827,20.966035842895508,23100,0.0,0.0
2021-03-19 00:00:00-04:00,20.881607662682523,20.91912983640652,20.787799544510985,20.90036964416504,61600,0.0,0.0
2021-03-22 00:00:00-04:00,20.87222747035854,21.069222915737427,20.87222747035854,21.05046272277832,34700,0.0,0.0
2021-03-23 00:00:00-04:00,20.88160835661773,20.956654495800677,20.8347034013527,20.86284637451172,22700,0.0,0.0
2021-03-24 00:00:00-04:00,20.74089606414997,20.84408338225013,20.74089606414997,20.7690372467041,67500,0.0,0.0
2021-03-25 00:00:00-04:00,20.722135543823242,20.750278517602403,20.66585138550605,20.722135543823242,26400,0.0,0.0
2021-03-26 00:00:00-04:00,20.73151643031109,20.966035842895508,20.69399246546184,20.966035842895508,17200,0.0,0.0
2021-03-29 00:00:00-04:00,20.928510665893555,20.947272647231507,20.91912967522458,20.928510665893555,7300,0.0,0.0
2021-03-30 00:00:00-04:00,20.92851227476168,21.087985549911668,20.92851227476168,21.04108238220215,12200,0.0,0.0
2021-03-31 00:00:00-04:00,21.041081967831026,21.163031275018866,21.041081967831026,21.153650283813477,21800,0.0,0.0
2021-04-01 00:00:00-04:00,21.172411915089135,21.613309548224827,21.13488974013098,21.481977462768555,26600,0.0,0.0
2021-04-05 00:00:00-04:00,21.11612707650439,21.669593005892423,21.078603113516237,21.519500732421875,41100,0.0,0.0
2021-04-06 00:00:00-04:00,21.632068794982246,21.632068794982246,21.519500485789983,21.603927612304688,16600,0.0,0.0
2021-04-07 00:00:00-04:00,21.44445468193908,21.575784974443778,21.350646563332422,21.463214874267578,46800,0.0,0.0
2021-04-08 00:00:00-04:00,21.463215894983946,21.528882833600232,21.06922320949188,21.369409561157227,21800,0.0,0.0
2021-04-09 00:00:00-04:00,21.12550780106266,21.219315918109995,21.06922185728965,21.17241096496582,16900,0.0,0.0
2021-04-12 00:00:00-04:00,20.85346513422673,20.975416227217195,20.665850683132195,20.94727325439453,79600,0.0,0.0
2021-04-13 00:00:00-04:00,20.96603474113275,21.19117315067386,20.91912978753604,21.116127014160156,12700,0.0,0.0
2021-04-14 00:00:00-04:00,21.2005541413932,21.2005541413932,21.106746023440813,21.116127014160156,3900,0.0,0.0
2021-04-15 00:00:00-04:00,21.069223314419265,21.153650446676675,20.975416980125374,21.12550926208496,39800,0.0,0.0
2021-04-16 00:00:00-04:00,21.181793212890625,21.200555195261956,20.947273800972333,21.181793212890625,13200,0.0,0.0
2021-04-19 00:00:00-04:00,21.28498121990695,21.34126537485314,21.172411120773543,21.331884384155273,29900,0.0,0.0
2021-04-20 00:00:00-04:00,21.341265981691635,21.388169147273647,21.313123008797778,21.35064697265625,14700,0.0,0.0
2021-04-21 00:00:00-04:00,21.388168448546544,21.63206883793543,21.36940825647126,21.57578468322754,18600,0.0,0.0
2021-04-22 00:00:00-04:00,21.575785584025578,21.575785584025578,21.481977462768555,21.481977462768555,2200,0.0,0.0
2021-04-23 00:00:00-04:00,21.566403692569388,21.73525794593408,21.425692411179153,21.57578468322754,24500,0.0,0.0
2021-04-26 00:00:00-04:00,21.350646520338607,21.594546912528365,21.350646520338607,21.491357803344727,16400,0.0,0.0
2021-04-27 00:00:00-04:00,21.44445544991931,21.50073960740257,21.360028319073873,21.45383644104004,19800,0.0,0.0
2021-04-28 00:00:00-04:00,21.575784930996605,21.575784930996605,21.397549684926968,21.491357803344727,20900,0.0,0.0
2021-04-29 00:00:00-04:00,21.45383688393872,21.575786192543514,21.44445589262433,21.50074005126953,22000,0.0,0.0
2021-04-30 00:00:00-04:00,21.425694117653244,21.575786401655904,21.360028967057225,21.444456100463867,13800,0.0,0.0
2021-05-03 00:00:00-04:00,21.266219238511212,21.425692501892943,21.116126965827352,21.331884384155273,14500,0.0,0.0
2021-05-04 00:00:00-04:00,21.331884432981926,21.36002740513995,21.003556914769085,21.116127014160156,71500,0.0,0.0
2021-05-05 00:00:00-04:00,21.21931587526275,21.29436201090088,21.144269739624622,21.20055389404297,26100,0.0,0.0
2021-05-06 00:00:00-04:00,21.181792812409306,21.294362915267833,21.059843507783565,21.106746673583984,8800,0.0,0.0
2021-05-07 00:00:00-04:00,20.975416130544,21.2756006823046,20.975416130544,21.191173553466797,12800,0.0,0.0
2021-05-10 00:00:00-04:00,21.11612836051802,21.20055549313411,21.01293924526698,21.069223403930664,11900,0.0,0.0
2021-05-11 00:00:00-04:00,20.844083853198942,21.11612721897544,20.797180688388327,21.059843063354492,15700,0.0,0.0
2021-05-12 00:00:00-04:00,21.24745734915555,21.24745734915555,20.99417596693898,21.087984085083008,145100,0.0,0.0
2021-05-13 00:00:00-04:00,21.11612741552665,21.266219691406945,21.031700286688846,21.191173553466797,13700,0.0,0.0
2021-05-14 00:00:00-04:00,21.275601833650583,21.52888323387051,21.275601833650583,21.444456100463867,16100,0.0,0.0
2021-05-17 00:00:00-04:00,21.52888216812874,21.58516632453322,21.43507404796056,21.566404342651367,30500,0.0,0.0
2021-05-18 00:00:00-04:00,21.557023146736,21.669593247715664,21.557023146736,21.62268829345703,8000,0.0,0.0
2021-05-19 00:00:00-04:00,21.51950198905184,21.566405156284905,21.425693865344567,21.52888298034668,15000,0.0,0.0
2021-05-20 00:00:00-04:00,21.58516636837411,21.58516636837411,21.35064696209787,21.53826141357422,21100,0.0,0.0
2021-05-21 00:00:00-04:00,21.463215035864206,21.63206929277929,21.36940870579232,21.435073852539062,16800,0.0,0.0
2021-05-24 00:00:00-04:00,21.42569395476357,21.481978113526374,21.388169989427603,21.472597122192383,18100,0.0,0.0
2021-05-25 00:00:00-04:00,21.744639937356556,21.99792132906049,21.68835578005827,21.857208251953125,103600,0.0,0.0
2021-05-26 00:00:00-04:00,21.88535032671981,22.01668061810441,21.88535032671981,21.95101547241211,16300,0.0,0.0
2021-05-27 00:00:00-04:00,22.007299380496377,22.044823342894436,21.941634235540786,22.035442352294922,36900,0.0,0.0
2021-05-28 00:00:00-04:00,22.04482479178917,22.251201230819543,22.04482479178917,22.17615509033203,27200,0.0,0.0
2021-06-01 00:00:00-04:00,22.20429837222473,22.35439065528336,22.20429837222473,22.30748748779297,25500,0.0,0.0
2021-06-02 00:00:00-04:00,22.148014302894573,22.28872559517555,22.148014302894573,22.251201629638672,22400,0.0,0.0
2021-06-03 00:00:00-04:00,22.054205944994823,22.185536244502313,21.85720870649245,22.148014068603516,18700,0.0,0.0
2021-06-04 00:00:00-04:00,22.279344513754044,22.335628672590744,22.223060354917347,22.30748748779297,26900,0.0,0.0
2021-06-07 00:00:00-04:00,22.298105489046666,22.298105489046666,22.07296707463019,22.21367835998535,26900,0.0,0.0
2021-06-08 00:00:00-04:00,22.14801432201039,22.14801432201039,21.9697790640387,22.063587188720703,56800,0.0,0.0
2021-06-09 00:00:00-04:00,22.01668162681605,22.054205591354286,21.997921433788044,22.044824600219727,17500,0.0,0.0
2021-06-10 00:00:00-04:00,22.063587188720703,22.110490356441126,22.063587188720703,22.063587188720703,26300,0.0,0.0
2021-06-11 00:00:00-04:00,21.969778964711992,21.969778964711992,21.829067672945733,21.8759708404541,20400,0.0,0.0
2021-06-14 00:00:00-04:00,21.763402170113526,21.81968632805985,21.74464018771771,21.772781372070312,36600,0.0,0.0
2021-06-15 00:00:00-04:00,21.71649767471251,21.73525965750625,21.622689549984965,21.632070541381836,9400,0.0,0.0
2021-06-16 00:00:00-04:00,21.585166423404928,21.585166423404928,21.3225040435791,21.3225040435791,15300,0.0,0.0
2021-06-17 00:00:00-04:00,21.49135861628184,21.594547729368735,21.435074458798585,21.45383644104004,17000,0.0,0.0
2021-06-18 00:00:00-04:00,21.303741659873367,21.50073888833811,21.24745750427246,21.24745750427246,33200,0.0,0.0
2021-06-21 00:00:00-04:00,21.21931632109253,21.331884632294344,21.21931632109253,21.24745750427246,3600,0.0,0.0
2021-06-22 00:00:00-04:00,21.18179342050952,21.38816986089367,21.12550926208496,21.12550926208496,12700,0.0,0.0
2021-06-23 00:00:00-04:00,21.125509099438425,21.238077415420875,21.078604143411468,21.153650283813477,39500,0.0,0.0
2021-06-24 00:00:00-04:00,21.2474585702117,21.2474585702117,21.106747279529728,21.12550926208496,117500,0.0,0.0
2021-06-25 00:00:00-04:00,21.181792918428624,21.322504205775253,21.172411927373368,21.294363021850586,47700,0.0,0.0
2021-06-28 00:00:00-04:00,21.341265128562235,21.4350732452173,21.341265128562235,21.416311264038086,20800,0.0,0.0
2021-06-29 00:00:00-04:00,21.3787897400796,21.42569290521083,21.3131228039584,21.406930923461914,13700,0.0,0.0
2021-06-30 00:00:00-04:00,21.38816950319495,21.463215642919657,21.38816950319495,21.45383644104004,11800,0.0,0.0
2021-07-01 00:00:00-04:00,21.42569351196289,21.453836485383242,21.416312520822775,21.42569351196289,19200,0.0,0.0
2021-07-02 00:00:00-04:00,21.42569286168366,21.44445484339446,21.397549889117464,21.435073852539062,19300,0.0,0.0
2021-07-06 00:00:00-04:00,21.25683945875124,21.39755074875313,20.834703799504446,20.93789291381836,35800,0.0,0.0
2021-07-07 00:00:00-04:00,20.984797078307896,21.256838656816363,20.984797078307896,21.219316482543945,18600,0.0,0.0
2021-07-08 00:00:00-04:00,20.759658072273474,20.9191313479155,20.750278870095556,20.82532501220703,67400,0.0,0.0
2021-07-09 00:00:00-04:00,20.88160806349952,20.994176376073256,20.88160806349952,20.97541618347168,21900,0.0,0.0
2021-07-12 00:00:00-04:00,20.90037048762548,21.06922296005926,20.90037048762548,21.022319793701172,15300,0.0,0.0
2021-07-13 00:00:00-04:00,20.994177470304468,21.078604603755704,20.994177470304468,21.012939453125,9600,0.0,0.0
2021-07-14 00:00:00-04:00,21.01293926308637,21.01293926308637,20.87222797168727,20.881608963012695,36900,0.0,0.0
2021-07-15 00:00:00-04:00,20.84408409981423,20.97541618347168,20.84408409981423,20.97541618347168,29700,0.0,0.0
2021-07-16 00:00:00-04:00,20.90036968736984,20.975415824213997,20.834702752045295,20.87222671508789,30800,0.0,0.0
2021-07-19 00:00:00-04:00,20.77841909396232,20.77841909396232,20.684610973351983,20.703372955322266,41700,0.0,0.0
2021-07-20 00:00:00-04:00,20.712754507942346,20.85346579805276,20.712754507942346,20.75027847290039,88700,0.0,0.0
2021-07-21 00:00:00-04:00,20.825323507476014,20.909750634906295,20.77841855376973,20.90036964416504,28500,0.0,0.0
2021-07-22 00:00:00-04:00,20.966035039445202,20.966035039445202,20.787799791723774,20.815942764282227,15100,0.0,0.0
2021-07-23 00:00:00-04:00,20.750278816545173,20.975417242298573,20.47823543381742,20.60956573486328,55400,0.0,0.0
2021-07-26 00:00:00-04:00,20.159287799652244,20.309380075419323,19.971673349563925,20.140525817871094,60700,0.0,0.0
2021-07-27 00:00:00-04:00,19.6152022896857,19.6152022896857,18.320656001040774,19.099260330200195,180700,0.0,0.0
2021-07-28 00:00:00-04:00,19.258733897217617,19.662105764875164,19.258733897217617,19.60582160949707,107000,0.0,0.0
2021-07-29 00:00:00-04:00,19.62458314391944,19.671486307459062,19.51201304648696,19.558917999267578,49700,0.0,0.0
2021-07-30 00:00:00-04:00,19.343161430899837,19.521394891544926,19.305637467032824,19.493253707885742,42000,0.0,0.0
2021-08-02 00:00:00-04:00,19.643345368199252,19.74653268711198,19.643345368199252,19.662105560302734,73400,0.0,0.0
2021-08-03 00:00:00-04:00,19.774676979230424,19.93415025282265,19.709011829382064,19.88724708557129,48400,0.0,0.0
2021-08-04 00:00:00-04:00,19.906007027195027,20.056099307590678,19.868484851716673,19.9716739654541,21800,0.0,0.0
2021-08-05 00:00:00-04:00,19.83096093120869,19.9716740099793,19.83096093120869,19.943531036376953,30700,0.0,0.0
2021-08-06 00:00:00-04:00,19.859102652818205,19.943529779061517,19.859102652818205,19.93414878845215,24500,0.0,0.0
2021-08-09 00:00:00-04:00,20.00919563111317,20.328142166137695,20.00919563111317,20.328142166137695,29900,0.0,0.0
2021-08-10 00:00:00-04:00,20.40318885283509,20.61894628255065,20.40318885283509,20.56266212463379,16900,0.0,0.0
2021-08-11 00:00:00-04:00,20.637707612243073,20.80656186989454,20.57204246520996,20.57204246520996,23700,0.0,0.0
2021-08-12 00:00:00-04:00,20.52513862090386,20.52513862090386,20.38442732833045,20.421951293945312,14300,0.0,0.0
2021-08-13 00:00:00-04:00,20.34690370181303,20.34690370181303,20.23433360223259,20.281238555908203,8900,0.0,0.0
2021-08-16 00:00:00-04:00,20.19681106596447,20.440711452976124,20.19681106596447,20.365663528442383,16600,0.0,0.0
2021-08-17 00:00:00-04:00,20.253095720799895,20.253095720799895,19.99043334616154,20.00919532775879,20800,0.0,0.0
2021-08-18 00:00:00-04:00,19.99043439411677,20.131145684990535,19.99043439411677,20.074861526489258,73400,0.0,0.0
2021-08-19 00:00:00-04:00,19.962291717529297,20.074860026118635,19.962291717529297,19.962291717529297,22400,0.0,0.0
2021-08-20 00:00:00-04:00,19.727773964633815,19.784058123619207,19.605822866050783,19.615203857421875,24300,0.0,0.0
2021-08-23 00:00:00-04:00,19.643346579042763,19.727773711056216,19.643346579042763,19.699630737304688,37800,0.0,0.0
2021-08-24 00:00:00-04:00,19.849722913610254,20.121766290709573,19.849722913610254,19.943531036376953,16100,0.0,0.0
2021-08-25 00:00:00-04:00,19.93415029781037,19.93415029781037,19.85910415649414,19.85910415649414,17300,0.0,0.0
2021-08-26 00:00:00-04:00,19.765294668456484,19.765294668456484,19.615202396182497,19.662105560302734,5600,0.0,0.0
2021-08-27 00:00:00-04:00,19.624583752763325,19.643345734457654,19.577680587768555,19.577680587768555,10700,0.0,0.0
2021-08-30 00:00:00-04:00,19.465110177019227,19.549537304058834,19.230590777296104,19.25873374938965,26800,0.0,0.0
2021-08-31 00:00:00-04:00,19.34316193053825,19.39006509734246,19.305637965701983,19.324399948120117,44800,0.0,0.0
2021-09-01 00:00:00-04:00,19.38068379816142,19.690249346176927,19.38068379816142,19.624584197998047,28500,0.0,0.0
2021-09-02 00:00:00-04:00,19.71839171635476,19.71839171635476,19.324399050088946,19.4182071685791,26800,0.0,0.0
2021-09-03 00:00:00-04:00,19.32439928866975,19.521394729614258,19.32439928866975,19.521394729614258,34300,0.0,0.0
2021-09-07 00:00:00-04:00,19.662107059914412,20.037339558459056,19.652727857767836,20.018577575683594,55100,0.0,0.0
2021-09-08 00:00:00-04:00,20.0467188435918,20.0467188435918,19.93414874576146,19.962291717529297,27400,0.0,0.0
2021-09-09 00:00:00-04:00,19.89662572495131,19.906006715984514,19.774676420001814,19.840341567993164,27700,0.0,0.0
2021-09-10 00:00:00-04:00,19.93415025282265,19.971674218016652,19.86848510297429,19.88724708557129,18300,0.0,0.0
2021-09-13 00:00:00-04:00,19.840340874824648,19.971672955460047,19.840340874824648,19.877864837646484,22400,0.0,0.0
2021-09-14 00:00:00-04:00,19.72777229381662,19.72777229381662,19.50263388770169,19.53077507019043,20200,0.0,0.0
2021-09-15 00:00:00-04:00,19.41820830707329,19.493254448417176,19.41820830707329,19.427587509155273,41900,0.0,0.0
2021-09-16 00:00:00-04:00,19.19306681450471,19.25873374938965,19.19306681450471,19.25873374938965,17700,0.0,0.0
2021-09-17 00:00:00-04:00,19.305636913637862,19.39006404067747,19.239971767993953,19.25873374938965,42300,0.0,0.0
2021-09-20 00:00:00-04:00,19.024215808291228,19.024215808291228,18.677126282822904,18.780315399169922,72200,0.0,0.0
2021-09-21 00:00:00-04:00,18.789695034126936,19.333779972352605,18.789695034126936,19.20244789123535,55800,0.0,0.0
2021-09-22 00:00:00-04:00,19.41820741749557,19.502634546294853,19.230591178110267,19.33378028869629,23200,0.0,0.0
2021-09-23 00:00:00-04:00,19.286875528521158,19.493253751772215,19.249353353810744,19.465110778808594,9400,0.0,0.0
2021-09-24 00:00:00-04:00,19.352540775760065,19.41820771301302,19.221210479736328,19.221210479736328,60500,0.0,0.0
2021-09-27 00:00:00-04:00,19.155545890836205,19.305638173313106,19.13678390821631,19.268115997314453,39700,0.0,0.0
2021-09-28 00:00:00-04:00,19.36192086394781,19.474490961891206,19.258733545844116,19.315017700195312,54700,0.0,0.0
2021-09-29 00:00:00-04:00,19.42758685872239,19.540156961589965,19.35254071989104,19.436967849731445,16000,0.0,0.0
2021-09-30 00:00:00-04:00,19.512013245477824,19.774675616005013,19.512013245477824,19.690248489379883,10500,0.0,0.0
2021-10-01 00:00:00-04:00,19.652727777848607,19.652727777848607,19.50263549473757,19.643346786499023,40300,0.0,0.0
2021-10-04 00:00:00-04:00,19.51201434457458,19.615203458315865,19.474492169094827,19.540157318115234,8600,0.0,0.0
2021-10-05 00:00:00-04:00,19.64334618011804,19.7840574675358,19.54953805875917,19.624584197998047,16200,0.0,0.0
2021-10-06 00:00:00-04:00,19.521394729614258,19.58705987659576,19.502634537077444,19.521394729614258,14800,0.0,0.0
2021-10-07 00:00:00-04:00,19.699630737304688,19.699630737304688,19.596441622790216,19.699630737304688,26500,0.0,0.0
2021-10-08 00:00:00-04:00,19.793438153542258,19.924768447875977,19.793438153542258,19.924768447875977,18600,0.0,0.0
2021-10-11 00:00:00-04:00,19.99043400963083,20.05609915815954,19.81220054626465,19.81220054626465,55700,0.0,0.0
2021-10-12 00:00:00-04:00,19.680867857133162,19.802818948586303,19.680867857133162,19.793437957763672,32700,0.0,0.0
2021-10-13 00:00:00-04:00,20.009195371138528,20.018576361957493,19.962292206284765,19.98105239868164,30900,0.0,0.0
2021-10-14 00:00:00-04:00,19.793439214270332,19.87786634779247,19.755915248597756,19.802820205688477,27100,0.0,0.0
2021-10-15 00:00:00-04:00,19.69962943324868,19.93414883126355,19.652726269342114,19.906005859375,33100,0.0,0.0
2021-10-18 00:00:00-04:00,19.868484748125002,19.952911879062505,19.7840576171875,19.7840576171875,11600,0.0,0.0
2021-10-19 00:00:00-04:00,19.7371542013786,19.94353063592859,19.7371542013786,19.868484497070312,37300,0.0,0.0
2021-10-20 00:00:00-04:00,19.962292825542015,19.981053018520857,19.774676581824753,19.81220054626465,27200,0.0,0.0
2021-10-21 00:00:00-04:00,19.746533003650523,19.82157914099051,19.71839182042368,19.793437957763672,45500,0.0,0.0
2021-10-22 00:00:00-04:00,19.92476909852156,19.981053256610966,19.877865931653908,19.915388107299805,23100,0.0,0.0
2021-10-25 00:00:00-04:00,19.9435309919145,20.027958123292194,19.9435309919145,19.9716739654541,28100,0.0,0.0
2021-10-26 00:00:00-04:00,19.93415039760229,20.046720504760742,19.915388414869025,20.046720504760742,19600,0.0,0.0
2021-10-27 00:00:00-04:00,20.009195172425862,20.009195172425862,19.737153598341806,19.849721908569336,22300,0.0,0.0
2021-10-28 00:00:00-04:00,19.680868503988084,19.84034177473213,19.671487512857126,19.7840576171875,28500,0.0,0.0
2021-10-29 00:00:00-04:00,19.690249451076095,19.821579748133516,19.690249451076095,19.81220054626465,20300,0.0,0.0
2021-11-01 00:00:00-04:00,19.79343775345557,19.8966250729573,19.71839161689021,19.849721908569336,36600,0.0,0.0
2021-11-02 00:00:00-04:00,19.746533949160913,19.802819896791796,19.63396563238142,19.67148780822754,43400,0.0,0.0
2021-11-03 00:00:00-04:00,19.746534049899225,19.868485147813814,19.624584741225785,19.85910415649414,51300,0.0,0.0
2021-11-04 00:00:00-04:00,19.84972316517447,19.887247130453154,19.802819997817256,19.85910415649414,22700,0.0,0.0
2021-11-05 00:00:00-04:00,19.91538786999215,19.91538786999215,19.718392424406016,19.81220054626465,25800,0.0,0.0
2021-11-08 00:00:00-05:00,19.906006509734834,19.906006509734834,19.877865326167882,19.896625518798828,10900,0.0,0.0
2021-11-09 00:00:00-05:00,19.877865488082733,19.934149644916168,19.812200340236878,19.868484497070312,16200,0.0,0.0
2021-11-10 00:00:00-05:00,19.859103965109302,19.906007132014505,19.709011683923304,19.727773666381836,10400,0.0,0.0
2021-11-11 00:00:00-05:00,19.887246068974115,20.027957352776454,19.887246068974115,19.98105239868164,11900,0.0,0.0
2021-11-12 00:00:00-05:00,19.962291803152095,19.97167279378161,19.821578732950368,19.906005859375,46000,0.0,0.0
2021-11-15 00:00:00-05:00,19.849722913610254,20.018577176742088,19.849722913610254,19.943531036376953,12000,0.0,0.0
2021-11-16 00:00:00-05:00,20.056099706886222,20.056099706886222,19.6527278135679,20.046720504760742,29900,0.0,0.0
2021-11-17 00:00:00-05:00,20.112384232078966,20.112384232078966,19.943529977908774,20.065479278564453,25200,0.0,0.0
2021-11-18 00:00:00-05:00,19.840341362423853,19.943530473478866,19.67148710405786,19.896625518798828,25700,0.0,0.0
2021-11-19 00:00:00-05:00,19.95291247021205,20.037339603650892,19.91538850457649,19.990434646606445,20500,0.0,0.0
2021-11-22 00:00:00-05:00,19.96229341659836,20.065480743381094,19.943531433822894,20.018577575683594,20500,0.0,0.0
2021-11-23 00:00:00-05:00,19.96229306340858,19.999815239054477,19.896626124856294,19.915388107299805,24500,0.0,0.0
2021-11-24 00:00:00-05:00,19.924768642372573,20.065479928995273,19.924768642372573,20.05609893798828,12200,0.0,0.0
2021-11-26 00:00:00-05:00,19.91538669169255,19.91538669169255,19.71839125776171,19.746532440185547,6800,0.0,0.0
2021-11-29 00:00:00-05:00,19.709010267206768,19.746532440185547,19.662105314432043,19.746532440185547,23200,0.0,0.0
2021-11-30 00:00:00-05:00,19.66210697995704,19.727773919404125,19.624584803799856,19.643346786499023,30200,0.0,0.0
2021-12-01 00:00:00-05:00,19.699629279127432,19.74653244266705,19.014833071699414,19.558917999267578,42400,0.0,0.0
2021-12-02 00:00:00-05:00,19.483873160275042,19.596441475955427,19.45573018673439,19.540157318115234,12700,0.0,0.0
2021-12-03 00:00:00-05:00,19.51201390057817,19.60582202100463,19.46511073498548,19.493253707885742,45100,0.0,0.0
2021-12-06 00:00:00-05:00,19.568299232062255,19.69024853231949,19.521394278700996,19.662105560302734,41300,0.0,0.0
2021-12-07 00:00:00-05:00,19.830960783601174,19.952911879062505,19.774676626056543,19.7840576171875,33700,0.0,0.0
2021-12-08 00:00:00-05:00,19.92476919992818,20.14990762267277,19.877866032821817,20.103004455566406,29300,0.0,0.0
2021-12-09 00:00:00-05:00,20.056098999986443,20.3093803902349,20.056098999986443,20.27185821533203,59000,0.0,0.0
2021-12-10 00:00:00-05:00,20.478235053243854,20.478235053243854,20.1874314823719,20.346904754638672,32300,0.0,0.0
2021-12-13 00:00:00-05:00,20.30938022802161,20.3375232009048,20.271858053418434,20.299999237060547,36500,0.0,0.0
2021-12-14 00:00:00-05:00,20.1968120762852,20.29999939919891,20.1968120762852,20.27185821533203,32800,0.0,0.0
2021-12-15 00:00:00-05:00,20.271858053418434,20.46885349587753,20.03733864711509,20.299999237060547,38600,0.0,0.0
2021-12-16 00:00:00-05:00,20.299999237060547,20.56999969482422,20.299999237060547,20.530000686645508,31900,1.34,0.0
2021-12-17 00:00:00-05:00,20.200000762939453,20.25,20.15999984741211,20.229999542236328,21900,0.0,0.0
2021-12-20 00:00:00-05:00,19.90999984741211,20.170000076293945,19.90999984741211,20.1200008392334,26600,0.0,0.0
2021-12-21 00:00:00-05:00,20.239999771118164,20.739999771118164,20.149999618530273,20.59000015258789,49900,0.0,0.0
2021-12-22 00:00:00-05:00,20.600000381469727,20.68000030517578,20.479999542236328,20.479999542236328,22600,0.0,0.0
2021-12-23 00:00:00-05:00,20.530000686645508,20.530000686645508,20.43000030517578,20.5,20400,0.0,0.0
2021-12-27 00:00:00-05:00,20.489999771118164,21.0,20.459999084472656,20.780000686645508,30200,0.0,0.0
2021-12-28 00:00:00-05:00,20.799999237060547,20.850000381469727,20.6299991607666,20.760000228881836,43700,0.0,0.0
2021-12-29 00:00:00-05:00,20.600000381469727,20.8700008392334,20.559999465942383,20.690000534057617,62400,0.0,0.0
2021-12-30 00:00:00-05:00,20.59000015258789,20.639999389648438,20.350000381469727,20.43000030517578,87900,0.0,0.0
2021-12-31 00:00:00-05:00,20.399999618530273,20.719999313354492,20.389999389648438,20.40999984741211,28100,0.0,0.0
2022-01-03 00:00:00-05:00,20.3700008392334,20.829999923706055,20.3700008392334,20.709999084472656,20900,0.0,0.0
2022-01-04 00:00:00-05:00,20.670000076293945,20.670000076293945,20.56999969482422,20.59000015258789,14800,0.0,0.0
2022-01-05 00:00:00-05:00,20.5,20.56999969482422,20.290000915527344,20.309999465942383,21000,0.0,0.0
2022-01-06 00:00:00-05:00,20.299999237060547,20.3700008392334,20.25,20.270000457763672,22300,0.0,0.0
2022-01-07 00:00:00-05:00,20.25,20.25,20.110000610351562,20.15999984741211,18500,0.0,0.0
2022-01-10 00:00:00-05:00,20.18000030517578,20.270000457763672,20.170000076293945,20.200000762939453,13600,0.0,0.0
2022-01-11 00:00:00-05:00,20.18000030517578,20.350000381469727,20.09000015258789,20.290000915527344,11900,0.0,0.0
2022-01-12 00:00:00-05:00,20.5,20.579999923706055,20.40999984741211,20.459999084472656,15600,0.0,0.0
2022-01-13 00:00:00-05:00,20.040000915527344,20.260000228881836,19.989999771118164,19.989999771118164,17600,0.0,0.0
2022-01-14 00:00:00-05:00,19.969999313354492,20.0,19.729999542236328,19.780000686645508,14900,0.0,0.0
2022-01-18 00:00:00-05:00,19.81999969482422,19.90999984741211,19.770000457763672,19.790000915527344,17300,0.0,0.0
2022-01-19 00:00:00-05:00,19.719999313354492,19.860000610351562,19.700000762939453,19.719999313354492,12900,0.0,0.0
2022-01-20 00:00:00-05:00,20.100000381469727,20.100000381469727,19.940000534057617,20.0,7900,0.0,0.0
2022-01-21 00:00:00-05:00,19.899999618530273,19.899999618530273,19.65999984741211,19.65999984741211,15400,0.0,0.0
2022-01-24 00:00:00-05:00,19.649999618530273,19.649999618530273,19.100000381469727,19.34000015258789,57500,0.0,0.0
2022-01-25 00:00:00-05:00,19.09000015258789,19.3799991607666,19.059999465942383,19.280000686645508,20900,0.0,0.0
2022-01-26 00:00:00-05:00,19.420000076293945,19.530000686645508,19.18000030517578,19.530000686645508,17000,0.0,0.0
2022-01-27 00:00:00-05:00,19.209999084472656,19.209999084472656,18.959999084472656,19.030000686645508,19000,0.0,0.0
2022-01-28 00:00:00-05:00,19.0,19.18000030517578,18.75,18.860000610351562,29800,0.0,0.0
2022-01-31 00:00:00-05:00,19.020000457763672,19.059999465942383,18.790000915527344,18.920000076293945,23900,0.0,0.0
2022-02-01 00:00:00-05:00,18.8799991607666,19.049999237060547,18.8799991607666,18.899999618530273,6400,0.0,0.0
2022-02-02 00:00:00-05:00,19.040000915527344,19.040000915527344,18.829999923706055,18.950000762939453,5900,0.0,0.0
2022-02-03 00:00:00-05:00,18.899999618530273,18.989999771118164,18.809999465942383,18.8700008392334,8000,0.0,0.0
2022-02-04 00:00:00-05:00,18.809999465942383,18.860000610351562,18.760000228881836,18.770000457763672,10600,0.0,0.0
2022-02-07 00:00:00-05:00,18.700000762939453,18.760000228881836,18.540000915527344,18.559999465942383,68900,0.0,0.0
2022-02-08 00:00:00-05:00,18.3799991607666,18.610000610351562,18.3799991607666,18.5,30200,0.0,0.0
2022-02-09 00:00:00-05:00,18.68000030517578,18.690000534057617,18.600000381469727,18.670000076293945,20800,0.0,0.0
2022-02-10 00:00:00-05:00,18.540000915527344,18.649999618530273,18.510000228881836,18.540000915527344,7800,0.0,0.0
2022-02-11 00:00:00-05:00,18.350000381469727,18.5,18.239999771118164,18.260000228881836,33600,0.0,0.0
2022-02-14 00:00:00-05:00,18.200000762939453,18.209999084472656,17.979999542236328,17.979999542236328,27900,0.0,0.0
2022-02-15 00:00:00-05:00,18.270000457763672,18.389999389648438,18.110000610351562,18.3799991607666,25000,0.0,0.0
2022-02-16 00:00:00-05:00,18.3799991607666,18.59000015258789,18.3799991607666,18.579999923706055,27200,0.0,0.0
2022-02-17 00:00:00-05:00,18.65999984741211,18.65999984741211,18.43000030517578,18.479999542236328,8100,0.0,0.0
2022-02-18 00:00:00-05:00,18.420000076293945,18.59000015258789,18.3700008392334,18.549999237060547,22600,0.0,0.0
2022-02-22 00:00:00-05:00,18.3700008392334,18.3700008392334,18.239999771118164,18.290000915527344,40400,0.0,0.0
2022-02-23 00:00:00-05:00,18.329999923706055,18.469999313354492,18.280000686645508,18.31999969482422,11800,0.0,0.0
2022-02-24 00:00:00-05:00,17.969999313354492,18.049999237060547,17.719999313354492,18.040000915527344,46700,0.0,0.0
2022-02-25 00:00:00-05:00,18.079999923706055,18.200000762939453,17.969999313354492,18.200000762939453,21500,0.0,0.0
2022-02-28 00:00:00-05:00,18.110000610351562,18.229999542236328,18.100000381469727,18.18000030517578,13600,0.0,0.0
2022-03-01 00:00:00-05:00,18.0,18.3799991607666,18.0,18.139999389648438,16600,0.0,0.0
2022-03-02 00:00:00-05:00,18.190000534057617,18.260000228881836,18.010000228881836,18.06999969482422,22900,0.0,0.0
2022-03-03 00:00:00-05:00,18.0,18.0,17.829999923706055,17.889999389648438,6100,0.0,0.0
2022-03-04 00:00:00-05:00,17.56999969482422,17.600000381469727,17.520000457763672,17.559999465942383,17200,0.0,0.0
2022-03-07 00:00:00-05:00,17.3700008392334,17.389999389648438,16.920000076293945,16.920000076293945,36700,0.0,0.0
2022-03-08 00:00:00-05:00,16.65999984741211,16.780000686645508,16.579999923706055,16.670000076293945,40600,0.0,0.0
2022-03-09 00:00:00-05:00,16.639999389648438,16.790000915527344,16.549999237060547,16.790000915527344,40000,0.0,0.0
2022-03-10 00:00:00-05:00,16.719999313354492,16.729999542236328,16.649999618530273,16.700000762939453,18300,0.0,0.0
2022-03-11 00:00:00-05:00,16.860000610351562,16.860000610351562,16.510000228881836,16.520000457763672,51700,0.0,0.0
2022-03-14 00:00:00-04:00,16.270000457763672,16.350000381469727,15.779999732971191,15.9399995803833,72900,0.0,0.0
2022-03-15 00:00:00-04:00,15.819999694824219,15.819999694824219,15.180000305175781,15.449999809265137,142100,0.0,0.0
2022-03-16 00:00:00-04:00,16.309999465942383,16.56999969482422,16.0,16.450000762939453,109200,0.0,0.0
2022-03-17 00:00:00-04:00,16.43000030517578,16.610000610351562,16.309999465942383,16.510000228881836,26800,0.0,0.0
2022-03-18 00:00:00-04:00,16.5,16.899999618530273,16.489999771118164,16.75,18100,0.0,0.0
2022-03-21 00:00:00-04:00,16.6200008392334,16.6200008392334,16.190000534057617,16.31999969482422,23400,0.0,0.0
2022-03-22 00:00:00-04:00,16.31999969482422,16.549999237060547,16.270000457763672,16.450000762939453,23000,0.0,0.0
2022-03-23 00:00:00-04:00,16.40999984741211,16.700000762939453,16.299999237060547,16.530000686645508,21400,0.0,0.0
2022-03-24 00:00:00-04:00,16.520000457763672,16.829999923706055,16.209999084472656,16.5,5900,0.0,0.0
2022-03-25 00:00:00-04:00,16.389999389648438,16.440000534057617,16.280000686645508,16.299999237060547,11700,0.0,0.0
2022-03-28 00:00:00-04:00,16.280000686645508,16.299999237060547,16.049999237060547,16.1299991607666,9900,0.0,0.0
2022-03-29 00:00:00-04:00,16.260000228881836,16.399999618530273,16.15999984741211,16.280000686645508,11300,0.0,0.0
2022-03-30 00:00:00-04:00,16.399999618530273,16.600000381469727,16.25,16.59000015258789,7300,0.0,0.0
2022-03-31 00:00:00-04:00,16.579999923706055,16.579999923706055,16.350000381469727,16.350000381469727,12200,0.0,0.0
2022-04-01 00:00:00-04:00,16.649999618530273,16.850000381469727,16.649999618530273,16.729999542236328,10800,0.0,0.0
2022-04-04 00:00:00-04:00,16.690000534057617,16.780000686645508,16.420000076293945,16.739999771118164,10900,0.0,0.0
2022-04-05 00:00:00-04:00,16.829999923706055,16.979999542236328,16.610000610351562,16.610000610351562,15000,0.0,0.0
2022-04-06 00:00:00-04:00,16.530000686645508,16.600000381469727,16.450000762939453,16.450000762939453,6000,0.0,0.0
2022-04-07 00:00:00-04:00,16.31999969482422,16.31999969482422,16.139999389648438,16.170000076293945,4900,0.0,0.0
2022-04-08 00:00:00-04:00,16.260000228881836,16.40999984741211,16.25,16.270000457763672,5200,0.0,0.0
2022-04-11 00:00:00-04:00,16.030000686645508,16.030000686645508,15.84000015258789,15.84000015258789,24900,0.0,0.0
2022-04-12 00:00:00-04:00,16.15999984741211,16.389999389648438,15.880000114440918,16.06999969482422,28000,0.0,0.0
2022-04-13 00:00:00-04:00,16.079999923706055,16.110000610351562,16.0,16.06999969482422,20400,0.0,0.0
2022-04-14 00:00:00-04:00,15.989999771118164,16.1200008392334,15.960000038146973,16.06999969482422,6700,0.0,0.0
2022-04-18 00:00:00-04:00,16.079999923706055,16.079999923706055,15.930000305175781,15.979999542236328,19400,0.0,0.0
2022-04-19 00:00:00-04:00,15.859999656677246,15.979999542236328,15.850000381469727,15.850000381469727,9000,0.0,0.0
2022-04-20 00:00:00-04:00,15.800000190734863,15.819999694824219,15.75,15.779999732971191,21100,0.0,0.0
2022-04-21 00:00:00-04:00,15.720000267028809,15.720000267028809,15.369999885559082,15.40999984741211,86700,0.0,0.0
2022-04-22 00:00:00-04:00,15.40999984741211,15.470000267028809,15.289999961853027,15.380000114440918,24300,0.0,0.0
2022-04-25 00:00:00-04:00,15.140000343322754,15.180000305175781,15.029999732971191,15.119999885559082,24200,0.0,0.0
2022-04-26 00:00:00-04:00,15.0600004196167,15.0600004196167,14.920000076293945,14.920000076293945,19000,0.0,0.0
2022-04-27 00:00:00-04:00,15.210000038146973,15.34000015258789,15.079999923706055,15.079999923706055,27800,0.0,0.0
2022-04-28 00:00:00-04:00,15.140000343322754,15.140000343322754,14.989999771118164,15.119999885559082,21800,0.0,0.0
2022-04-29 00:00:00-04:00,15.300000190734863,15.5,15.300000190734863,15.3100004196167,39200,0.0,0.0
2022-05-02 00:00:00-04:00,15.170000076293945,15.380000114440918,15.170000076293945,15.300000190734863,55200,0.0,0.0
2022-05-03 00:00:00-04:00,15.399999618530273,15.520000457763672,15.329999923706055,15.399999618530273,8000,0.0,0.0
2022-05-04 00:00:00-04:00,15.220000267028809,15.449999809265137,15.170000076293945,15.420000076293945,16900,0.0,0.0
2022-05-05 00:00:00-04:00,15.1899995803833,15.300000190734863,14.979999542236328,15.029999732971191,15100,0.0,0.0
2022-05-06 00:00:00-04:00,15.0,15.079999923706055,14.75,14.789999961853027,12600,0.0,0.0
2022-05-09 00:00:00-04:00,14.579999923706055,14.65999984741211,14.300000190734863,14.34000015258789,13000,0.0,0.0
2022-05-10 00:00:00-04:00,14.390000343322754,14.5,14.319999694824219,14.449999809265137,59300,0.0,0.0
2022-05-11 00:00:00-04:00,14.59000015258789,14.829999923706055,14.569999694824219,14.630000114440918,27400,0.0,0.0
2022-05-12 00:00:00-04:00,14.430000305175781,14.600000381469727,14.430000305175781,14.4399995803833,27400,0.0,0.0
2022-05-13 00:00:00-04:00,14.550000190734863,14.789999961853027,14.550000190734863,14.6899995803833,36300,0.0,0.0
2022-05-16 00:00:00-04:00,14.6899995803833,14.699999809265137,14.4399995803833,14.510000228881836,32000,0.0,0.0
2022-05-17 00:00:00-04:00,14.609999656677246,14.890000343322754,14.609999656677246,14.779999732971191,21100,0.0,0.0
2022-05-18 00:00:00-04:00,14.649999618530273,14.739999771118164,14.470000267028809,14.470000267028809,22800,0.0,0.0
2022-05-19 00:00:00-04:00,14.569999694824219,14.800000190734863,14.460000038146973,14.800000190734863,10500,0.0,0.0
2022-05-20 00:00:00-04:00,14.800000190734863,14.880000114440918,14.699999809265137,14.760000228881836,32700,0.0,0.0
2022-05-23 00:00:00-04:00,15.069999694824219,15.100000381469727,14.770000457763672,14.850000381469727,22200,0.0,0.0
2022-05-24 00:00:00-04:00,14.510000228881836,14.59000015258789,14.489999771118164,14.59000015258789,17500,0.0,0.0
2022-05-25 00:00:00-04:00,14.510000228881836,14.760000228881836,14.510000228881836,14.569999694824219,14000,0.0,0.0
2022-05-26 00:00:00-04:00,14.569999694824219,14.819999694824219,14.569999694824219,14.8100004196167,23900,0.0,0.0
2022-05-27 00:00:00-04:00,14.930000305175781,15.0600004196167,14.84000015258789,15.029999732971191,23900,0.0,0.0
2022-05-31 00:00:00-04:00,15.279999732971191,15.279999732971191,15.039999961853027,15.239999771118164,49400,0.0,0.0
2022-06-01 00:00:00-04:00,15.369999885559082,15.369999885559082,15.079999923706055,15.130000114440918,2700,0.0,0.0
2022-06-02 00:00:00-04:00,15.09000015258789,15.420000076293945,15.09000015258789,15.380000114440918,20100,0.0,0.0
2022-06-03 00:00:00-04:00,15.359999656677246,15.430000305175781,15.15999984741211,15.350000381469727,22700,0.0,0.0
2022-06-06 00:00:00-04:00,15.489999771118164,15.600000381469727,15.359999656677246,15.479999542236328,25000,0.0,0.0
2022-06-07 00:00:00-04:00,15.420000076293945,15.800000190734863,15.420000076293945,15.640000343322754,24000,0.0,0.0
2022-06-08 00:00:00-04:00,15.770000457763672,15.789999961853027,15.630000114440918,15.710000038146973,12600,0.0,0.0
2022-06-09 00:00:00-04:00,15.760000228881836,15.819999694824219,15.369999885559082,15.710000038146973,40300,0.0,0.0
2022-06-10 00:00:00-04:00,15.630000114440918,15.760000228881836,15.579999923706055,15.720000267028809,18900,0.0,0.0
2022-06-13 00:00:00-04:00,15.4399995803833,15.4399995803833,15.130000114440918,15.279999732971191,9900,0.0,0.0
2022-06-14 00:00:00-04:00,15.489999771118164,15.739999771118164,15.489999771118164,15.59000015258789,6000,0.0,0.0
2022-06-15 00:00:00-04:00,15.729999542236328,16.0,15.729999542236328,15.989999771118164,21400,0.0,0.0
2022-06-16 00:00:00-04:00,15.609999656677246,15.779999732971191,15.180000305175781,15.609999656677246,7200,0.0,0.0
2022-06-17 00:00:00-04:00,15.829999923706055,15.880000114440918,15.680000305175781,15.8100004196167,16900,0.0,0.0
2022-06-21 00:00:00-04:00,15.989999771118164,16.350000381469727,15.9399995803833,16.350000381469727,20700,0.0,0.0
2022-06-22 00:00:00-04:00,16.290000915527344,16.290000915527344,15.880000114440918,16.0,11900,0.0,0.0
2022-06-23 00:00:00-04:00,16.010000228881836,16.209999084472656,15.819999694824219,16.059999465942383,15500,0.0,0.0
2022-06-24 00:00:00-04:00,16.219999313354492,16.360000610351562,16.09000015258789,16.25,40800,0.0,0.0
2022-06-27 00:00:00-04:00,16.34000015258789,16.59000015258789,16.34000015258789,16.399999618530273,32200,0.0,0.0
2022-06-28 00:00:00-04:00,16.6200008392334,16.649999618530273,16.459999084472656,16.579999923706055,13100,0.0,0.0
2022-06-29 00:00:00-04:00,16.540000915527344,16.649999618530273,16.440000534057617,16.559999465942383,5700,0.0,0.0
2022-06-30 00:00:00-04:00,16.760000228881836,16.979999542236328,16.760000228881836,16.93000030517578,13300,0.0,0.0
2022-07-01 00:00:00-04:00,16.93000030517578,16.989999771118164,16.799999237060547,16.989999771118164,2500,0.0,0.0
2022-07-05 00:00:00-04:00,16.84000015258789,17.0,16.84000015258789,16.989999771118164,10300,0.0,0.0
2022-07-06 00:00:00-04:00,16.8700008392334,16.940000534057617,16.559999465942383,16.729999542236328,18700,0.0,0.0
2022-07-07 00:00:00-04:00,16.690000534057617,17.010000228881836,16.690000534057617,17.0,46200,0.0,0.0
2022-07-08 00:00:00-04:00,16.889999389648438,16.979999542236328,16.850000381469727,16.940000534057617,2100,0.0,0.0
2022-07-11 00:00:00-04:00,16.610000610351562,16.690000534057617,16.549999237060547,16.549999237060547,15300,0.0,0.0
2022-07-12 00:00:00-04:00,16.690000534057617,16.690000534057617,16.43000030517578,16.469999313354492,19300,0.0,0.0
2022-07-13 00:00:00-04:00,16.389999389648438,16.469999313354492,16.389999389648438,16.450000762939453,2500,0.0,0.0
2022-07-14 00:00:00-04:00,16.389999389648438,16.389999389648438,16.209999084472656,16.280000686645508,4100,0.0,0.0
2022-07-15 00:00:00-04:00,16.079999923706055,16.100000381469727,16.020000457763672,16.100000381469727,9800,0.0,0.0
2022-07-18 00:00:00-04:00,16.25,16.260000228881836,16.149999618530273,16.15999984741211,3400,0.0,0.0
2022-07-19 00:00:00-04:00,16.209999084472656,16.209999084472656,16.1200008392334,16.149999618530273,20100,0.0,0.0
2022-07-20 00:00:00-04:00,16.059999465942383,16.299999237060547,16.059999465942383,16.239999771118164,7900,0.0,0.0
2022-07-21 00:00:00-04:00,16.219999313354492,16.280000686645508,16.1200008392334,16.1200008392334,1400,0.0,0.0
2022-07-22 00:00:00-04:00,16.209999084472656,16.209999084472656,16.06999969482422,16.06999969482422,2100,0.0,0.0
2022-07-25 00:00:00-04:00,16.100000381469727,16.1299991607666,16.100000381469727,16.1299991607666,4200,0.0,0.0
2022-07-26 00:00:00-04:00,16.170000076293945,16.3799991607666,16.139999389648438,16.139999389648438,7600,0.0,0.0
2022-07-27 00:00:00-04:00,16.18000030517578,16.190000534057617,16.15999984741211,16.18000030517578,9500,0.0,0.0
2022-07-28 00:00:00-04:00,16.190000534057617,16.239999771118164,16.100000381469727,16.100000381469727,2400,0.0,0.0
2022-07-29 00:00:00-04:00,16.0,16.0,15.789999961853027,15.850000381469727,23600,0.0,0.0
2022-08-01 00:00:00-04:00,15.710000038146973,15.84000015258789,15.5600004196167,15.619999885559082,12500,0.0,0.0
2022-08-02 00:00:00-04:00,15.5,15.5600004196167,15.1899995803833,15.510000228881836,20900,0.0,0.0
2022-08-03 00:00:00-04:00,15.34000015258789,15.470000267028809,15.34000015258789,15.430000305175781,12800,0.0,0.0
2022-08-04 00:00:00-04:00,15.449999809265137,15.569999694824219,15.449999809265137,15.5,21600,0.0,0.0
2022-08-05 00:00:00-04:00,15.449999809265137,15.550000190734863,15.40999984741211,15.550000190734863,10900,0.0,0.0
2022-08-08 00:00:00-04:00,15.609999656677246,15.609999656677246,15.539999961853027,15.539999961853027,4900,0.0,0.0
2022-08-09 00:00:00-04:00,15.5,15.510000228881836,15.4399995803833,15.460000038146973,3200,0.0,0.0
2022-08-10 00:00:00-04:00,15.510000228881836,15.569999694824219,15.359999656677246,15.449999809265137,33900,0.0,0.0
2022-08-11 00:00:00-04:00,15.600000381469727,15.739999771118164,15.600000381469727,15.710000038146973,2000,0.0,0.0
2022-08-12 00:00:00-04:00,15.710000038146973,15.710000038146973,15.65999984741211,15.670000076293945,22900,0.0,0.0
2022-08-15 00:00:00-04:00,15.529999732971191,15.569999694824219,15.470000267028809,15.510000228881836,11900,0.0,0.0
2022-08-16 00:00:00-04:00,15.449999809265137,15.5,15.449999809265137,15.470000267028809,5600,0.0,0.0
2022-08-17 00:00:00-04:00,15.390000343322754,15.520000457763672,15.390000343322754,15.5,12000,0.0,0.0
2022-08-18 00:00:00-04:00,15.430000305175781,15.449999809265137,15.380000114440918,15.420000076293945,97700,0.0,0.0
2022-08-19 00:00:00-04:00,15.3100004196167,15.3100004196167,15.100000381469727,15.199999809265137,12800,0.0,0.0
2022-08-22 00:00:00-04:00,15.140000343322754,15.229999542236328,15.130000114440918,15.199999809265137,7600,0.0,0.0
2022-08-23 00:00:00-04:00,15.210000038146973,15.210000038146973,15.0,15.020000457763672,54500,0.0,0.0
2022-08-24 00:00:00-04:00,14.770000457763672,14.890000343322754,14.680000305175781,14.819999694824219,26300,0.0,0.0
2022-08-25 00:00:00-04:00,14.960000038146973,15.029999732971191,14.920000076293945,15.029999732971191,17400,0.0,0.0
2022-08-26 00:00:00-04:00,14.989999771118164,15.039999961853027,14.800000190734863,14.800000190734863,23000,0.0,0.0
2022-08-29 00:00:00-04:00,14.739999771118164,14.899999618530273,14.720000267028809,14.850000381469727,17800,0.0,0.0
2022-08-30 00:00:00-04:00,14.899999618530273,14.899999618530273,14.640000343322754,14.640000343322754,3300,0.0,0.0
2022-08-31 00:00:00-04:00,14.710000038146973,14.829999923706055,14.6899995803833,14.779999732971191,6800,0.0,0.0
2022-09-01 00:00:00-04:00,14.90999984741211,14.90999984741211,14.760000228881836,14.890000343322754,7900,0.0,0.0
2022-09-02 00:00:00-04:00,14.890000343322754,14.890000343322754,14.770000457763672,14.770000457763672,7700,0.0,0.0
2022-09-06 00:00:00-04:00,14.739999771118164,14.800000190734863,14.579999923706055,14.600000381469727,15700,0.0,0.0
2022-09-07 00:00:00-04:00,14.600000381469727,14.729999542236328,14.600000381469727,14.699999809265137,1300,0.0,0.0
2022-09-08 00:00:00-04:00,14.550000190734863,14.619999885559082,14.479999542236328,14.619999885559082,2900,0.0,0.0
2022-09-09 00:00:00-04:00,14.739999771118164,14.9399995803833,14.739999771118164,14.9399995803833,4100,0.0,0.0
2022-09-12 00:00:00-04:00,15.0,15.020000457763672,14.949999809265137,15.020000457763672,12600,0.0,0.0
2022-09-13 00:00:00-04:00,14.770000457763672,14.819999694824219,14.260000228881836,14.649999618530273,11100,0.0,0.0
2022-09-14 00:00:00-04:00,14.739999771118164,14.800000190734863,14.729999542236328,14.75,7000,0.0,0.0
2022-09-15 00:00:00-04:00,14.680000305175781,14.699999809265137,14.640000343322754,14.640000343322754,2400,0.0,0.0
2022-09-16 00:00:00-04:00,14.510000228881836,14.510000228881836,14.460000038146973,14.460000038146973,4500,0.0,0.0
2022-09-19 00:00:00-04:00,14.449999809265137,14.449999809265137,14.369999885559082,14.430000305175781,12600,0.0,0.0
2022-09-20 00:00:00-04:00,14.399999618530273,14.399999618530273,14.34000015258789,14.350000381469727,4700,0.0,0.0
2022-09-21 00:00:00-04:00,14.220000267028809,14.399999618530273,14.020000457763672,14.020000457763672,8800,0.0,0.0
2022-09-22 00:00:00-04:00,14.0,14.020000457763672,13.880000114440918,13.949999809265137,19600,0.0,0.0
2022-09-23 00:00:00-04:00,13.800000190734863,13.800000190734863,13.649999618530273,13.649999618530273,37100,0.0,0.0
2022-09-26 00:00:00-04:00,13.649999618530273,13.699999809265137,13.609999656677246,13.699999809265137,32200,0.0,0.0
2022-09-27 00:00:00-04:00,13.84000015258789,13.920000076293945,13.640000343322754,13.720000267028809,53200,0.0,0.0
2022-09-28 00:00:00-04:00,13.640000343322754,13.829999923706055,13.569999694824219,13.789999961853027,13500,0.0,0.0
2022-09-29 00:00:00-04:00,13.609999656677246,13.65999984741211,13.520000457763672,13.539999961853027,23300,0.0,0.0
2022-09-30 00:00:00-04:00,13.420000076293945,13.75,13.369999885559082,13.510000228881836,26300,0.0,0.0
2022-10-03 00:00:00-04:00,13.720000267028809,14.039999961853027,13.609999656677246,13.729999542236328,19500,0.0,0.0
2022-10-04 00:00:00-04:00,13.869999885559082,14.119999885559082,13.869999885559082,14.109999656677246,12200,0.0,0.0
2022-10-05 00:00:00-04:00,14.029999732971191,14.220000267028809,14.029999732971191,14.170000076293945,11000,0.0,0.0
2022-10-06 00:00:00-04:00,14.15999984741211,14.15999984741211,14.100000381469727,14.149999618530273,7800,0.0,0.0
2022-10-07 00:00:00-04:00,14.050000190734863,14.050000190734863,13.90999984741211,14.0,17100,0.0,0.0
2022-10-10 00:00:00-04:00,13.789999961853027,13.789999961853027,13.550000190734863,13.600000381469727,24200,0.0,0.0
2022-10-11 00:00:00-04:00,13.470000267028809,13.529999732971191,13.4399995803833,13.449999809265137,14700,0.0,0.0
2022-10-12 00:00:00-04:00,13.420000076293945,13.539999961853027,13.420000076293945,13.520000457763672,13100,0.0,0.0
2022-10-13 00:00:00-04:00,13.260000228881836,13.800000190734863,13.25,13.649999618530273,23400,0.0,0.0
2022-10-14 00:00:00-04:00,13.720000267028809,13.720000267028809,13.479999542236328,13.550000190734863,70400,0.0,0.0
2022-10-17 00:00:00-04:00,13.739999771118164,13.979999542236328,13.630000114440918,13.720000267028809,148200,0.0,0.0
2022-10-18 00:00:00-04:00,13.729999542236328,13.729999542236328,13.5,13.550000190734863,19700,0.0,0.0
2022-10-19 00:00:00-04:00,13.329999923706055,13.329999923706055,13.140000343322754,13.170000076293945,11800,0.0,0.0
2022-10-20 00:00:00-04:00,13.15999984741211,13.369999885559082,13.15999984741211,13.229999542236328,7000,0.0,0.0
2022-10-21 00:00:00-04:00,13.130000114440918,13.329999923706055,13.130000114440918,13.279999732971191,6300,0.0,0.0
2022-10-24 00:00:00-04:00,12.779999732971191,12.779999732971191,12.380000114440918,12.399999618530273,28500,0.0,0.0
2022-10-25 00:00:00-04:00,12.430000305175781,12.520000457763672,12.399999618530273,12.489999771118164,23400,0.0,0.0
2022-10-26 00:00:00-04:00,12.479999542236328,12.850000381469727,12.460000038146973,12.680000305175781,130800,0.0,0.0
2022-10-27 00:00:00-04:00,12.680000305175781,12.6899995803833,12.5,12.539999961853027,81400,0.0,0.0
2022-10-28 00:00:00-04:00,12.479999542236328,12.479999542236328,12.329999923706055,12.369999885559082,34100,0.0,0.0
2022-10-31 00:00:00-04:00,12.260000228881836,12.260000228881836,12.15999984741211,12.210000038146973,42100,0.0,0.0
2022-11-01 00:00:00-04:00,12.449999809265137,12.520000457763672,12.25,12.390000343322754,65500,0.0,0.0
2022-11-02 00:00:00-04:00,12.539999961853027,12.569999694824219,12.430000305175781,12.449999809265137,75400,0.0,0.0
2022-11-03 00:00:00-04:00,12.40999984741211,12.520000457763672,12.380000114440918,12.5,54000,0.0,0.0
2022-11-04 00:00:00-04:00,12.880000114440918,13.149999618530273,12.859999656677246,13.020000457763672,55200,0.0,0.0
2022-11-07 00:00:00-05:00,13.069999694824219,13.100000381469727,12.75,12.770000457763672,45300,0.0,0.0
2022-11-08 00:00:00-05:00,12.779999732971191,12.789999961853027,12.710000038146973,12.729999542236328,20600,0.0,0.0
2022-11-09 00:00:00-05:00,12.600000381469727,12.630000114440918,12.479999542236328,12.520000457763672,36500,0.0,0.0
2022-11-10 00:00:00-05:00,12.760000228881836,12.869999885559082,12.600000381469727,12.6899995803833,227300,0.0,0.0
2022-11-11 00:00:00-05:00,12.90999984741211,13.09000015258789,12.899999618530273,12.989999771118164,120800,0.0,0.0
2022-11-14 00:00:00-05:00,13.09000015258789,13.130000114440918,12.9399995803833,13.029999732971191,67600,0.0,0.0
2022-11-15 00:00:00-05:00,13.300000190734863,13.5,13.300000190734863,13.350000381469727,52900,0.0,0.0
2022-11-16 00:00:00-05:00,13.25,13.25,13.100000381469727,13.180000305175781,66900,0.0,0.0
2022-11-17 00:00:00-05:00,13.039999961853027,13.270000457763672,13.010000228881836,13.210000038146973,25900,0.0,0.0
2022-11-18 00:00:00-05:00,13.130000114440918,13.239999771118164,13.130000114440918,13.180000305175781,28500,0.0,0.0
2022-11-21 00:00:00-05:00,13.029999732971191,13.149999618530273,13.029999732971191,13.029999732971191,22800,0.0,0.0
2022-11-22 00:00:00-05:00,13.0600004196167,13.15999984741211,13.0600004196167,13.149999618530273,16000,0.0,0.0
2022-11-23 00:00:00-05:00,13.15999984741211,13.220000267028809,13.149999618530273,13.170000076293945,22900,0.0,0.0
2022-11-25 00:00:00-05:00,13.079999923706055,13.180000305175781,13.079999923706055,13.079999923706055,9600,0.0,0.0
2022-11-28 00:00:00-05:00,13.079999923706055,13.170000076293945,13.079999923706055,13.100000381469727,27400,0.0,0.0
2022-11-29 00:00:00-05:00,13.510000228881836,13.609999656677246,13.470000267028809,13.59000015258789,29100,0.0,0.0
2022-11-30 00:00:00-05:00,13.739999771118164,14.130000114440918,13.739999771118164,14.029999732971191,51500,0.0,0.0
2022-12-01 00:00:00-05:00,14.0600004196167,14.09000015258789,13.880000114440918,13.9399995803833,25400,0.0,0.0
2022-12-02 00:00:00-05:00,13.930000305175781,14.199999809265137,13.930000305175781,14.199999809265137,11300,0.0,0.0
2022-12-05 00:00:00-05:00,14.199999809265137,14.260000228881836,14.109999656677246,14.109999656677246,46000,0.0,0.0
2022-12-06 00:00:00-05:00,14.119999885559082,14.170000076293945,14.09000015258789,14.170000076293945,21100,0.0,0.0
2022-12-07 00:00:00-05:00,14.069999694824219,14.170000076293945,14.010000228881836,14.119999885559082,35300,0.0,0.0
2022-12-08 00:00:00-05:00,14.149999618530273,14.229999542236328,14.119999885559082,14.170000076293945,69300,0.0,0.0
2022-12-09 00:00:00-05:00,14.239999771118164,14.289999961853027,14.140000343322754,14.1899995803833,40200,0.0,0.0
2022-12-12 00:00:00-05:00,14.199999809265137,14.199999809265137,14.079999923706055,14.100000381469727,27200,0.0,0.0
2022-12-13 00:00:00-05:00,14.229999542236328,14.279999732971191,14.100000381469727,14.149999618530273,69200,0.0,0.0
2022-12-14 00:00:00-05:00,14.100000381469727,14.289999961853027,14.100000381469727,14.15999984741211,36300,0.0,0.0
2022-12-15 00:00:00-05:00,14.1899995803833,14.1899995803833,13.949999809265137,14.140000343322754,61400,0.0,0.0
2022-12-16 00:00:00-05:00,14.050000190734863,14.149999618530273,14.050000190734863,14.149999618530273,24300,0.0,0.0
2022-12-19 00:00:00-05:00,14.119999885559082,14.130000114440918,13.989999771118164,14.029999732971191,172600,0.0,0.0
2022-12-20 00:00:00-05:00,13.979999542236328,14.010000228881836,13.890000343322754,13.9399995803833,6900,0.0,0.0
2022-12-21 00:00:00-05:00,13.920000076293945,13.960000038146973,13.899999618530273,13.949999809265137,46500,0.0,0.0
2022-12-22 00:00:00-05:00,13.949999809265137,13.979999542236328,13.880000114440918,13.960000038146973,20700,0.0,0.0
2022-12-23 00:00:00-05:00,13.960000038146973,14.0600004196167,13.960000038146973,13.970000267028809,17600,0.0,0.0
2022-12-27 00:00:00-05:00,14.3100004196167,14.350000381469727,14.180000305175781,14.260000228881836,20300,0.0,0.0
2022-12-28 00:00:00-05:00,14.109999656677246,14.170000076293945,13.8100004196167,13.8100004196167,18700,0.0,0.0
2022-12-29 00:00:00-05:00,13.920000076293945,14.100000381469727,13.899999618530273,14.09000015258789,26400,0.0,0.0
2022-12-30 00:00:00-05:00,14.109999656677246,14.199999809265137,14.100000381469727,14.199999809265137,16800,0.0,0.0
2023-01-03 00:00:00-05:00,14.1899995803833,14.359999656677246,14.170000076293945,14.239999771118164,16900,0.0,0.0
2023-01-04 00:00:00-05:00,14.380000114440918,14.680000305175781,14.350000381469727,14.59000015258789,24500,0.0,0.0
2023-01-05 00:00:00-05:00,14.75,14.949999809265137,14.75,14.9399995803833,12000,0.0,0.0
2023-01-06 00:00:00-05:00,15.0,15.239999771118164,14.960000038146973,15.15999984741211,17700,0.0,0.0
2023-01-09 00:00:00-05:00,15.25,15.329999923706055,15.149999618530273,15.15999984741211,15900,0.0,0.0
2023-01-10 00:00:00-05:00,15.15999984741211,15.15999984741211,15.079999923706055,15.119999885559082,25000,0.0,0.0
2023-01-11 00:00:00-05:00,15.140000343322754,15.15999984741211,15.100000381469727,15.119999885559082,16900,0.0,0.0
2023-01-12 00:00:00-05:00,15.119999885559082,15.15999984741211,15.050000190734863,15.140000343322754,18700,0.0,0.0
2023-01-13 00:00:00-05:00,15.119999885559082,15.3100004196167,15.109999656677246,15.300000190734863,28700,0.0,0.0
2023-01-17 00:00:00-05:00,15.300000190734863,15.380000114440918,15.300000190734863,15.319999694824219,22500,0.0,0.0
2023-01-18 00:00:00-05:00,15.399999618530273,15.4399995803833,15.229999542236328,15.229999542236328,14000,0.0,0.0
2023-01-19 00:00:00-05:00,15.3100004196167,15.479999542236328,15.270000457763672,15.4399995803833,33500,0.0,0.0
2023-01-20 00:00:00-05:00,15.479999542236328,15.880000114440918,15.4399995803833,15.829999923706055,29400,0.0,0.0
2023-01-23 00:00:00-05:00,15.779999732971191,16.520000457763672,15.779999732971191,16.299999237060547,45500,0.0,0.0
2023-01-24 00:00:00-05:00,16.329999923706055,16.799999237060547,16.299999237060547,16.600000381469727,40000,0.0,0.0
2023-01-25 00:00:00-05:00,16.610000610351562,16.610000610351562,16.34000015258789,16.399999618530273,37900,0.0,0.0
2023-01-26 00:00:00-05:00,16.540000915527344,16.690000534057617,16.479999542236328,16.510000228881836,20600,0.0,0.0
2023-01-27 00:00:00-05:00,16.43000030517578,16.6299991607666,16.40999984741211,16.59000015258789,105600,0.0,0.0
2023-01-30 00:00:00-05:00,16.440000534057617,16.440000534057617,16.350000381469727,16.3700008392334,11400,0.0,0.0
2023-01-31 00:00:00-05:00,16.299999237060547,16.350000381469727,16.1200008392334,16.299999237060547,18700,0.0,0.0
2023-02-01 00:00:00-05:00,16.3799991607666,16.649999618530273,16.3799991607666,16.649999618530273,13500,0.0,0.0
2023-02-02 00:00:00-05:00,16.65999984741211,16.65999984741211,16.399999618530273,16.43000030517578,26300,0.0,0.0
2023-02-03 00:00:00-05:00,16.299999237060547,16.299999237060547,16.100000381469727,16.139999389648438,48200,0.0,0.0
2023-02-06 00:00:00-05:00,16.010000228881836,16.030000686645508,15.510000228881836,15.6899995803833,37200,0.0,0.0
2023-02-07 00:00:00-05:00,15.65999984741211,15.6899995803833,15.600000381469727,15.670000076293945,5200,0.0,0.0
2023-02-08 00:00:00-05:00,15.640000343322754,15.640000343322754,15.550000190734863,15.59000015258789,3400,0.0,0.0
2023-02-09 00:00:00-05:00,15.829999923706055,15.930000305175781,15.720000267028809,15.789999961853027,18700,0.0,0.0
2023-02-10 00:00:00-05:00,15.6899995803833,15.720000267028809,15.5,15.529999732971191,12500,0.0,0.0
2023-02-13 00:00:00-05:00,15.720000267028809,15.869999885559082,15.579999923706055,15.710000038146973,25900,0.0,0.0
2023-02-14 00:00:00-05:00,15.600000381469727,15.640000343322754,15.569999694824219,15.600000381469727,12200,0.0,0.0
2023-02-15 00:00:00-05:00,15.510000228881836,15.84000015258789,15.359999656677246,15.470000267028809,34400,0.0,0.0
2023-02-16 00:00:00-05:00,15.539999961853027,15.630000114440918,15.170000076293945,15.630000114440918,7900,0.0,0.0
2023-02-17 00:00:00-05:00,15.079999923706055,15.699999809265137,15.010000228881836,15.020000457763672,14400,0.0,0.0
2023-02-21 00:00:00-05:00,15.170000076293945,15.479999542236328,15.15999984741211,15.25,25200,0.0,0.0
2023-02-22 00:00:00-05:00,15.25,15.25,15.010000228881836,15.0600004196167,10500,0.0,0.0
2023-02-23 00:00:00-05:00,15.020000457763672,15.100000381469727,14.930000305175781,14.9399995803833,50300,0.0,0.0
2023-02-24 00:00:00-05:00,14.710000038146973,14.710000038146973,14.460000038146973,14.510000228881836,16600,0.0,0.0
2023-02-27 00:00:00-05:00,14.630000114440918,14.649999618530273,14.470000267028809,14.529999732971191,28600,0.0,0.0
2023-02-28 00:00:00-05:00,14.5,14.609999656677246,14.5,14.520000457763672,13500,0.0,0.0
2023-03-01 00:00:00-05:00,14.720000267028809,14.770000457763672,14.609999656677246,14.680000305175781,162000,0.0,0.0
2023-03-02 00:00:00-05:00,14.5,14.609999656677246,14.4399995803833,14.59000015258789,62900,0.0,0.0
2023-03-03 00:00:00-05:00,14.680000305175781,14.729999542236328,14.640000343322754,14.670000076293945,38900,0.0,0.0
2023-03-06 00:00:00-05:00,14.5600004196167,14.640000343322754,14.460000038146973,14.460000038146973,53200,0.0,0.0
2023-03-07 00:00:00-05:00,14.369999885559082,14.470000267028809,14.3100004196167,14.369999885559082,39700,0.0,0.0
2023-03-08 00:00:00-05:00,14.470000267028809,14.5,14.289999961853027,14.390000343322754,18000,0.0,0.0
2023-03-09 00:00:00-05:00,14.34000015258789,14.4399995803833,14.329999923706055,14.350000381469727,12400,0.0,0.0
2023-03-10 00:00:00-05:00,14.279999732971191,14.390000343322754,14.229999542236328,14.3100004196167,16500,0.0,0.0
2023-03-13 00:00:00-04:00,14.359999656677246,14.510000228881836,14.260000228881836,14.510000228881836,69700,0.0,0.0
2023-03-14 00:00:00-04:00,14.479999542236328,14.600000381469727,14.470000267028809,14.5,11100,0.0,0.0
2023-03-15 00:00:00-04:00,14.399999618530273,14.4399995803833,14.220000267028809,14.270000457763672,40700,0.0,0.0
2023-03-16 00:00:00-04:00,14.140000343322754,14.239999771118164,14.130000114440918,14.229999542236328,13600,0.0,0.0
2023-03-17 00:00:00-04:00,14.34000015258789,14.489999771118164,14.25,14.270000457763672,18500,0.0,0.0
2023-03-20 00:00:00-04:00,14.15999984741211,14.220000267028809,14.109999656677246,14.199999809265137,5400,0.0,0.0
2023-03-21 00:00:00-04:00,14.220000267028809,14.239999771118164,14.069999694824219,14.15999984741211,19600,0.0,0.0
2023-03-22 00:00:00-04:00,14.239999771118164,14.260000228881836,14.15999984741211,14.210000038146973,19300,0.0,0.0
2023-03-23 00:00:00-04:00,14.289999961853027,14.34000015258789,14.210000038146973,14.229999542236328,70400,0.0,0.0
2023-03-24 00:00:00-04:00,14.199999809265137,14.199999809265137,14.109999656677246,14.15999984741211,3700,0.0,0.0
2023-03-27 00:00:00-04:00,14.140000343322754,14.140000343322754,14.010000228881836,14.039999961853027,49000,0.0,0.0
2023-03-28 00:00:00-04:00,14.050000190734863,14.069999694824219,14.010000228881836,14.050000190734863,71600,0.0,0.0
2023-03-29 00:00:00-04:00,14.109999656677246,14.260000228881836,14.0600004196167,14.109999656677246,59800,0.0,0.0
2023-03-30 00:00:00-04:00,14.170000076293945,14.220000267028809,14.170000076293945,14.1899995803833,12700,0.0,0.0
2023-03-31 00:00:00-04:00,14.279999732971191,14.380000114440918,14.279999732971191,14.359999656677246,6100,0.0,0.0
2023-04-03 00:00:00-04:00,14.289999961853027,14.34000015258789,14.199999809265137,14.270000457763672,34400,0.0,0.0
2023-04-04 00:00:00-04:00,14.170000076293945,14.229999542236328,14.069999694824219,14.15999984741211,21200,0.0,0.0
2023-04-05 00:00:00-04:00,14.15999984741211,14.15999984741211,14.079999923706055,14.100000381469727,17200,0.0,0.0
2023-04-06 00:00:00-04:00,14.0600004196167,14.15999984741211,14.0600004196167,14.130000114440918,2300,0.0,0.0
2023-04-10 00:00:00-04:00,14.119999885559082,14.149999618530273,14.079999923706055,14.109999656677246,5200,0.0,0.0
2023-04-11 00:00:00-04:00,14.260000228881836,14.260000228881836,14.109999656677246,14.180000305175781,9000,0.0,0.0
2023-04-12 00:00:00-04:00,14.149999618530273,14.170000076293945,14.0,14.010000228881836,25700,0.0,0.0
2023-04-13 00:00:00-04:00,14.0,14.039999961853027,13.970000267028809,14.029999732971191,36000,0.0,0.0
2023-04-14 00:00:00-04:00,14.109999656677246,14.239999771118164,14.029999732971191,14.079999923706055,40500,0.0,0.0
2023-04-17 00:00:00-04:00,14.140000343322754,14.229999542236328,14.130000114440918,14.140000343322754,36300,0.0,0.0
2023-04-18 00:00:00-04:00,14.199999809265137,14.300000190734863,14.130000114440918,14.149999618530273,19800,0.0,0.0
2023-04-19 00:00:00-04:00,14.109999656677246,14.109999656677246,14.010000228881836,14.010000228881836,33600,0.0,0.0
2023-04-20 00:00:00-04:00,13.989999771118164,14.079999923706055,13.960000038146973,14.039999961853027,76700,0.0,0.0
2023-04-21 00:00:00-04:00,14.0,14.0,13.760000228881836,13.770000457763672,92300,0.0,0.0
2023-04-24 00:00:00-04:00,13.75,13.75,13.630000114440918,13.649999618530273,23700,0.0,0.0
2023-04-25 00:00:00-04:00,13.569999694824219,13.59000015258789,13.520000457763672,13.529999732971191,55900,0.0,0.0
2023-04-26 00:00:00-04:00,13.630000114440918,13.65999984741211,13.619999885559082,13.649999618530273,10400,0.0,0.0
2023-04-27 00:00:00-04:00,13.770000457763672,13.789999961853027,13.699999809265137,13.770000457763672,23600,0.0,0.0
2023-04-28 00:00:00-04:00,13.869999885559082,13.949999809265137,13.760000228881836,13.890000343322754,13300,0.0,0.0
2023-05-01 00:00:00-04:00,13.850000381469727,13.850000381469727,13.710000038146973,13.739999771118164,6100,0.0,0.0
2023-05-02 00:00:00-04:00,13.75,13.75,13.649999618530273,13.680000305175781,51200,0.0,0.0
2023-05-03 00:00:00-04:00,13.600000381469727,13.609999656677246,13.59000015258789,13.59000015258789,17600,0.0,0.0
2023-05-04 00:00:00-04:00,13.619999885559082,13.800000190734863,13.619999885559082,13.789999961853027,24200,0.0,0.0
2023-05-05 00:00:00-04:00,13.819999694824219,13.819999694824219,13.720000267028809,13.789999961853027,15000,0.0,0.0
2023-05-08 00:00:00-04:00,13.8100004196167,13.90999984741211,13.739999771118164,13.899999618530273,4800,0.0,0.0
2023-05-09 00:00:00-04:00,13.779999732971191,13.829999923706055,13.710000038146973,13.8100004196167,10800,0.0,0.0
2023-05-10 00:00:00-04:00,13.630000114440918,13.739999771118164,13.630000114440918,13.720000267028809,17700,0.0,0.0
2023-05-11 00:00:00-04:00,13.579999923706055,13.75,13.579999923706055,13.630000114440918,37300,0.0,0.0
2023-05-12 00:00:00-04:00,13.520000457763672,13.520000457763672,13.4399995803833,13.4399995803833,4300,0.0,0.0
2023-05-15 00:00:00-04:00,13.539999961853027,13.75,13.510000228881836,13.729999542236328,23400,0.0,0.0
2023-05-16 00:00:00-04:00,13.699999809265137,13.699999809265137,13.59000015258789,13.59000015258789,19700,0.0,0.0
2023-05-17 00:00:00-04:00,13.529999732971191,13.579999923706055,13.510000228881836,13.569999694824219,11300,0.0,0.0
2023-05-18 00:00:00-04:00,13.489999771118164,13.489999771118164,13.40999984741211,13.420000076293945,3900,0.0,0.0
2023-05-19 00:00:00-04:00,13.449999809265137,13.449999809265137,13.369999885559082,13.399999618530273,5400,0.0,0.0
2023-05-22 00:00:00-04:00,13.460000038146973,13.510000228881836,13.40999984741211,13.5,22800,0.0,0.0
2023-05-23 00:00:00-04:00,13.449999809265137,13.449999809265137,13.3100004196167,13.3100004196167,6800,0.0,0.0
2023-05-24 00:00:00-04:00,13.239999771118164,13.239999771118164,13.140000343322754,13.140000343322754,7500,0.0,0.0
2023-05-25 00:00:00-04:00,13.130000114440918,13.149999618530273,13.0600004196167,13.0600004196167,11300,0.0,0.0
2023-05-26 00:00:00-04:00,13.0600004196167,13.170000076293945,13.039999961853027,13.109999656677246,7000,0.0,0.0
2023-05-30 00:00:00-04:00,13.100000381469727,13.130000114440918,12.949999809265137,12.970000267028809,10000,0.0,0.0
2023-05-31 00:00:00-04:00,12.84000015258789,12.880000114440918,12.729999542236328,12.8100004196167,25100,0.0,0.0
2023-06-01 00:00:00-04:00,12.760000228881836,13.010000228881836,12.760000228881836,13.0,155500,0.0,0.0
2023-06-02 00:00:00-04:00,13.0600004196167,13.1899995803833,13.0600004196167,13.130000114440918,25800,0.0,0.0
2023-06-05 00:00:00-04:00,13.180000305175781,13.180000305175781,12.90999984741211,12.979999542236328,75300,0.0,0.0
2023-06-06 00:00:00-04:00,12.829999923706055,12.960000038146973,12.779999732971191,12.949999809265137,33200,0.0,0.0
2023-06-07 00:00:00-04:00,12.890000343322754,12.949999809265137,12.84000015258789,12.899999618530273,29200,0.0,0.0
2023-06-08 00:00:00-04:00,12.970000267028809,13.09000015258789,12.970000267028809,13.069999694824219,22100,0.0,0.0
2023-06-09 00:00:00-04:00,13.140000343322754,13.3100004196167,12.960000038146973,13.0,11300,0.0,0.0
2023-06-12 00:00:00-04:00,13.029999732971191,13.09000015258789,13.010000228881836,13.050000190734863,21400,0.0,0.0
2023-06-13 00:00:00-04:00,13.119999885559082,13.130000114440918,13.050000190734863,13.069999694824219,25800,0.0,0.0
2023-06-14 00:00:00-04:00,13.069999694824219,13.15999984741211,13.050000190734863,13.050000190734863,21800,0.0,0.0
2023-06-15 00:00:00-04:00,13.09000015258789,13.34000015258789,13.09000015258789,13.279999732971191,199100,0.0,0.0
2023-06-16 00:00:00-04:00,13.399999618530273,13.510000228881836,13.210000038146973,13.239999771118164,18800,0.0,0.0
2023-06-20 00:00:00-04:00,13.15999984741211,13.15999984741211,12.880000114440918,12.880000114440918,40500,0.0,0.0
2023-06-21 00:00:00-04:00,12.859999656677246,12.859999656677246,12.6899995803833,12.75,242300,0.0,0.0
2023-06-22 00:00:00-04:00,12.65999984741211,12.789999961853027,12.65999984741211,12.710000038146973,28900,0.0,0.0
2023-06-23 00:00:00-04:00,12.649999618530273,12.649999618530273,12.550000190734863,12.5600004196167,68500,0.0,0.0
2023-06-26 00:00:00-04:00,12.640000343322754,12.850000381469727,12.5600004196167,12.579999923706055,49000,0.0,0.0
2023-06-27 00:00:00-04:00,12.640000343322754,13.0,12.600000381469727,12.729999542236328,34600,0.0,0.0
2023-06-28 00:00:00-04:00,12.680000305175781,12.680000305175781,12.609999656677246,12.630000114440918,36500,0.0,0.0
2023-06-29 00:00:00-04:00,12.579999923706055,12.649999618530273,12.579999923706055,12.619999885559082,6800,0.0,0.0
2023-06-30 00:00:00-04:00,12.640000343322754,12.75,12.619999885559082,12.710000038146973,8900,0.0,0.0
2023-07-03 00:00:00-04:00,12.710000038146973,12.930000305175781,12.670000076293945,12.720000267028809,58300,0.0,0.0
2023-07-05 00:00:00-04:00,12.699999809265137,12.699999809265137,12.609999656677246,12.630000114440918,7800,0.0,0.0
2023-07-06 00:00:00-04:00,12.550000190734863,12.579999923706055,12.430000305175781,12.510000228881836,118100,0.0,0.0
2023-07-07 00:00:00-04:00,12.539999961853027,12.609999656677246,12.539999961853027,12.579999923706055,11600,0.0,0.0
2023-07-10 00:00:00-04:00,12.529999732971191,12.600000381469727,12.510000228881836,12.569999694824219,21700,0.0,0.0
2023-07-11 00:00:00-04:00,12.600000381469727,12.65999984741211,12.600000381469727,12.630000114440918,14600,0.0,0.0
2023-07-12 00:00:00-04:00,12.720000267028809,12.789999961853027,12.59000015258789,12.779999732971191,63800,0.0,0.0
2023-07-13 00:00:00-04:00,12.850000381469727,12.949999809265137,12.84000015258789,12.9399995803833,96200,0.0,0.0
2023-07-14 00:00:00-04:00,12.90999984741211,12.9399995803833,12.760000228881836,12.819999694824219,18600,0.0,0.0
2023-07-17 00:00:00-04:00,12.760000228881836,12.800000190734863,12.710000038146973,12.770000457763672,65200,0.0,0.0
2023-07-18 00:00:00-04:00,12.680000305175781,12.729999542236328,12.649999618530273,12.670000076293945,48700,0.0,0.0
2023-07-19 00:00:00-04:00,12.720000267028809,12.720000267028809,12.6899995803833,12.710000038146973,24300,0.0,0.0
2023-07-20 00:00:00-04:00,12.649999618530273,12.75,12.640000343322754,12.680000305175781,25200,0.0,0.0
2023-07-21 00:00:00-04:00,12.789999961853027,12.789999961853027,12.729999542236328,12.739999771118164,73200,0.0,0.0
2023-07-24 00:00:00-04:00,12.760000228881836,12.949999809265137,12.710000038146973,12.880000114440918,23600,0.0,0.0
2023-07-25 00:00:00-04:00,13.0,13.109999656677246,13.0,13.100000381469727,30900,0.0,0.0
2023-07-26 00:00:00-04:00,13.100000381469727,13.210000038146973,13.050000190734863,13.170000076293945,60200,0.0,0.0
2023-07-27 00:00:00-04:00,13.170000076293945,13.170000076293945,13.050000190734863,13.069999694824219,10700,0.0,0.0
2023-07-28 00:00:00-04:00,13.220000267028809,13.529999732971191,13.220000267028809,13.529999732971191,128000,0.0,0.0
2023-07-31 00:00:00-04:00,13.550000190734863,13.600000381469727,13.529999732971191,13.579999923706055,12700,0.0,0.0
2023-08-01 00:00:00-04:00,13.399999618530273,13.4399995803833,13.329999923706055,13.329999923706055,23500,0.0,0.0
2023-08-02 00:00:00-04:00,13.25,13.34000015258789,13.199999809265137,13.220000267028809,18200,0.0,0.0
2023-08-03 00:00:00-04:00,13.350000381469727,13.40999984741211,13.329999923706055,13.380000114440918,15500,0.0,0.0
2023-08-04 00:00:00-04:00,13.430000305175781,13.430000305175781,13.270000457763672,13.279999732971191,23100,0.0,0.0
2023-08-07 00:00:00-04:00,13.25,13.260000228881836,13.100000381469727,13.119999885559082,51200,0.0,0.0
2023-08-08 00:00:00-04:00,12.899999618530273,13.0600004196167,12.899999618530273,13.020000457763672,24600,0.0,0.0
2023-08-09 00:00:00-04:00,13.149999618530273,13.149999618530273,13.09000015258789,13.100000381469727,3400,0.0,0.0
2023-08-10 00:00:00-04:00,13.170000076293945,13.220000267028809,13.149999618530273,13.170000076293945,10800,0.0,0.0
2023-08-11 00:00:00-04:00,12.890000343322754,12.890000343322754,12.779999732971191,12.779999732971191,23000,0.0,0.0
2023-08-14 00:00:00-04:00,12.710000038146973,12.75,12.640000343322754,12.720000267028809,15400,0.0,0.0
2023-08-15 00:00:00-04:00,12.65999984741211,12.699999809265137,12.630000114440918,12.630000114440918,19700,0.0,0.0
2023-08-16 00:00:00-04:00,12.510000228881836,13.199999809265137,12.510000228881836,12.5600004196167,42500,0.0,0.0
2023-08-17 00:00:00-04:00,12.779999732971191,12.779999732971191,12.680000305175781,12.710000038146973,25200,0.0,0.0
2023-08-18 00:00:00-04:00,12.569999694824219,12.579999923706055,12.489999771118164,12.539999961853027,23600,0.0,0.0
2023-08-21 00:00:00-04:00,12.510000228881836,12.520000457763672,12.4399995803833,12.510000228881836,5100,0.0,0.0
2023-08-22 00:00:00-04:00,12.510000228881836,12.510000228881836,12.430000305175781,12.430000305175781,14300,0.0,0.0
2023-08-23 00:00:00-04:00,12.430000305175781,12.449999809265137,12.380000114440918,12.390000343322754,21300,0.0,0.0
2023-08-24 00:00:00-04:00,12.380000114440918,12.489999771118164,12.359999656677246,12.479999542236328,4400,0.0,0.0
2023-08-25 00:00:00-04:00,12.520000457763672,12.520000457763672,12.390000343322754,12.449999809265137,16000,0.0,0.0
2023-08-28 00:00:00-04:00,12.539999961853027,12.619999885559082,12.539999961853027,12.619999885559082,22300,0.0,0.0
2023-08-29 00:00:00-04:00,12.6899995803833,12.789999961853027,12.630000114440918,12.739999771118164,19300,0.0,0.0
2023-08-30 00:00:00-04:00,12.670000076293945,12.739999771118164,12.670000076293945,12.710000038146973,6300,0.0,0.0
2023-08-31 00:00:00-04:00,12.699999809265137,12.75,12.699999809265137,12.739999771118164,15200,0.0,0.0
2023-09-01 00:00:00-04:00,12.930000305175781,12.930000305175781,12.850000381469727,12.859999656677246,8200,0.0,0.0
2023-09-05 00:00:00-04:00,12.800000190734863,12.880000114440918,12.800000190734863,12.8100004196167,33400,0.0,0.0
2023-09-06 00:00:00-04:00,12.789999961853027,12.789999961853027,12.680000305175781,12.680000305175781,13700,0.0,0.0
2023-09-07 00:00:00-04:00,12.579999923706055,12.579999923706055,12.40999984741211,12.40999984741211,36600,0.0,0.0
2023-09-08 00:00:00-04:00,12.420000076293945,12.449999809265137,12.390000343322754,12.390000343322754,8200,0.0,0.0
2023-09-11 00:00:00-04:00,12.569999694824219,12.630000114440918,12.550000190734863,12.569999694824219,8700,0.0,0.0
2023-09-12 00:00:00-04:00,12.449999809265137,12.569999694824219,12.449999809265137,12.550000190734863,18900,0.0,0.0
2023-09-13 00:00:00-04:00,12.550000190734863,12.600000381469727,12.550000190734863,12.5600004196167,8900,0.0,0.0
2023-09-14 00:00:00-04:00,12.600000381469727,12.630000114440918,12.539999961853027,12.550000190734863,4200,0.0,0.0
2023-09-15 00:00:00-04:00,12.529999732971191,12.529999732971191,12.5,12.5,5100,0.0,0.0
2023-09-18 00:00:00-04:00,12.529999732971191,12.550000190734863,12.5,12.539999961853027,14000,0.0,0.0
2023-09-19 00:00:00-04:00,12.539999961853027,12.5600004196167,12.5,12.520000457763672,10000,0.0,0.0
2023-09-20 00:00:00-04:00,12.529999732971191,12.579999923706055,12.5,12.510000228881836,2500,0.0,0.0
2023-09-21 00:00:00-04:00,12.399999618530273,12.449999809265137,12.359999656677246,12.390000343322754,7600,0.0,0.0
2023-09-22 00:00:00-04:00,12.600000381469727,12.6899995803833,12.460000038146973,12.569999694824219,107300,0.0,0.0
2023-09-25 00:00:00-04:00,12.470000267028809,12.539999961853027,12.420000076293945,12.420000076293945,45900,0.0,0.0
2023-09-26 00:00:00-04:00,12.4399995803833,12.520000457763672,12.40999984741211,12.40999984741211,23200,0.0,0.0
2023-09-27 00:00:00-04:00,12.510000228881836,12.510000228881836,12.40999984741211,12.40999984741211,15500,0.0,0.0
2023-09-28 00:00:00-04:00,12.369999885559082,12.460000038146973,12.369999885559082,12.420000076293945,7000,0.0,0.0
2023-09-29 00:00:00-04:00,12.489999771118164,12.520000457763672,12.449999809265137,12.460000038146973,9700,0.0,0.0
2023-10-02 00:00:00-04:00,12.4399995803833,12.479999542236328,12.430000305175781,12.449999809265137,17400,0.0,0.0
2023-10-03 00:00:00-04:00,12.359999656677246,12.369999885559082,12.329999923706055,12.34000015258789,35000,0.0,0.0
2023-10-04 00:00:00-04:00,12.3100004196167,12.3100004196167,12.199999809265137,12.220000267028809,19200,0.0,0.0
2023-10-05 00:00:00-04:00,12.279999732971191,12.279999732971191,12.1899995803833,12.25,20500,0.0,0.0
2023-10-06 00:00:00-04:00,12.199999809265137,12.350000381469727,12.199999809265137,12.289999961853027,24300,0.0,0.0
2023-10-09 00:00:00-04:00,12.210000038146973,12.34000015258789,12.210000038146973,12.300000190734863,16100,0.0,0.0
2023-10-10 00:00:00-04:00,12.25,12.390000343322754,12.25,12.329999923706055,26600,0.0,0.0
2023-10-11 00:00:00-04:00,12.3100004196167,12.329999923706055,12.260000228881836,12.3100004196167,22300,0.0,0.0
2023-10-12 00:00:00-04:00,12.289999961853027,12.319999694824219,12.229999542236328,12.25,34600,0.0,0.0
2023-10-13 00:00:00-04:00,12.239999771118164,12.260000228881836,12.15999984741211,12.260000228881836,43600,0.0,0.0
2023-10-16 00:00:00-04:00,12.180000305175781,12.239999771118164,12.149999618530273,12.149999618530273,23100,0.0,0.0
2023-10-17 00:00:00-04:00,12.100000381469727,12.100000381469727,12.0600004196167,12.09000015258789,28500,0.0,0.0
2023-10-18 00:00:00-04:00,11.979999542236328,12.029999732971191,11.979999542236328,12.0,99700,0.0,0.0
2023-10-19 00:00:00-04:00,11.9399995803833,11.9399995803833,11.880000114440918,11.890000343322754,6100,0.0,0.0
2023-10-20 00:00:00-04:00,11.789999961853027,11.800000190734863,11.739999771118164,11.760000228881836,6400,0.0,0.0
2023-10-23 00:00:00-04:00,11.720000267028809,11.729999542236328,11.670000076293945,11.670000076293945,10700,0.0,0.0
2023-10-24 00:00:00-04:00,11.760000228881836,11.859999656677246,11.65999984741211,11.789999961853027,24900,0.0,0.0
2023-10-25 00:00:00-04:00,11.699999809265137,11.729999542236328,11.670000076293945,11.680000305175781,15900,0.0,0.0
2023-10-26 00:00:00-04:00,11.630000114440918,11.869999885559082,11.630000114440918,11.670000076293945,35600,0.0,0.0
2023-10-27 00:00:00-04:00,11.800000190734863,11.800000190734863,11.739999771118164,11.75,67500,0.0,0.0
2023-10-30 00:00:00-04:00,11.65999984741211,11.920000076293945,11.65999984741211,11.880000114440918,32200,0.0,0.0
2023-10-31 00:00:00-04:00,11.84000015258789,11.869999885559082,11.789999961853027,11.800000190734863,16400,0.0,0.0
2023-11-01 00:00:00-04:00,11.8100004196167,11.84000015258789,11.8100004196167,11.829999923706055,19300,0.0,0.0
2023-11-02 00:00:00-04:00,11.890000343322754,11.920000076293945,11.869999885559082,11.920000076293945,12400,0.0,0.0
2023-11-03 00:00:00-04:00,11.979999542236328,12.399999618530273,11.979999542236328,12.220000267028809,82000,0.0,0.0
2023-11-06 00:00:00-05:00,12.210000038146973,12.220000267028809,11.930000305175781,12.050000190734863,31400,0.0,0.0
2023-11-07 00:00:00-05:00,12.029999732971191,12.1899995803833,11.970000267028809,12.109999656677246,37300,0.0,0.0
2023-11-08 00:00:00-05:00,12.09000015258789,12.100000381469727,12.0600004196167,12.09000015258789,4400,0.0,0.0
2023-11-09 00:00:00-05:00,12.15999984741211,12.15999984741211,12.069999694824219,12.09000015258789,18000,0.0,0.0
2023-11-10 00:00:00-05:00,12.020000457763672,12.029999732971191,11.979999542236328,12.029999732971191,17900,0.0,0.0
2023-11-13 00:00:00-05:00,12.119999885559082,12.119999885559082,11.989999771118164,12.079999923706055,38600,0.0,0.0
2023-11-14 00:00:00-05:00,12.130000114440918,12.199999809265137,12.09000015258789,12.1899995803833,30400,0.0,0.0
2023-11-15 00:00:00-05:00,12.119999885559082,12.210000038146973,12.100000381469727,12.149999618530273,62200,0.0,0.0
2023-11-16 00:00:00-05:00,12.029999732971191,12.109999656677246,11.970000267028809,12.020000457763672,76500,0.0,0.0
2023-11-17 00:00:00-05:00,12.0,12.0600004196167,11.989999771118164,12.010000228881836,77300,0.0,0.0
2023-11-20 00:00:00-05:00,12.079999923706055,12.170000076293945,12.0600004196167,12.140000343322754,46000,0.0,0.0
2023-11-21 00:00:00-05:00,12.140000343322754,12.1899995803833,12.079999923706055,12.119999885559082,77600,0.0,0.0
2023-11-22 00:00:00-05:00,12.100000381469727,12.109999656677246,12.039999961853027,12.100000381469727,52900,0.0,0.0
2023-11-24 00:00:00-05:00,12.100000381469727,12.130000114440918,12.09000015258789,12.130000114440918,24800,0.0,0.0
2023-11-27 00:00:00-05:00,12.0600004196167,12.069999694824219,12.0,12.0,44000,0.0,0.0
2023-11-28 00:00:00-05:00,12.0,12.079999923706055,12.0,12.079999923706055,9600,0.0,0.0
2023-11-29 00:00:00-05:00,12.050000190734863,12.0600004196167,11.930000305175781,12.029999732971191,70300,0.0,0.0
2023-11-30 00:00:00-05:00,12.119999885559082,12.149999618530273,12.100000381469727,12.119999885559082,13900,0.0,0.0
2023-12-01 00:00:00-05:00,12.079999923706055,12.119999885559082,12.0600004196167,12.109999656677246,7300,0.0,0.0
2023-12-04 00:00:00-05:00,12.039999961853027,12.039999961853027,11.880000114440918,11.890000343322754,12800,0.0,0.0
2023-12-05 00:00:00-05:00,11.789999961853027,11.829999923706055,11.770000457763672,11.770000457763672,39500,0.0,0.0
2023-12-06 00:00:00-05:00,11.8100004196167,11.850000381469727,11.75,11.770000457763672,24600,0.0,0.0
2023-12-07 00:00:00-05:00,11.770000457763672,11.800000190734863,11.760000228881836,11.779999732971191,73700,0.0,0.0
2023-12-08 00:00:00-05:00,12.550000190734863,12.680000305175781,12.479999542236328,12.5,175400,0.0,0.0
2023-12-11 00:00:00-05:00,12.619999885559082,12.619999885559082,12.449999809265137,12.520000457763672,91000,0.0,0.0
2023-12-12 00:00:00-05:00,12.520000457763672,12.59000015258789,12.420000076293945,12.420000076293945,41600,0.0,0.0
2023-12-13 00:00:00-05:00,12.319999694824219,12.390000343322754,12.300000190734863,12.359999656677246,39200,0.0,0.0
2023-12-14 00:00:00-05:00,12.1899995803833,12.279999732971191,12.1899995803833,12.199999809265137,192400,0.0,0.0
2023-12-15 00:00:00-05:00,12.220000267028809,12.25,12.180000305175781,12.210000038146973,35900,0.0,0.0
2023-12-18 00:00:00-05:00,12.25,12.270000457763672,12.220000267028809,12.229999542236328,90300,0.0,0.0
2023-12-19 00:00:00-05:00,12.289999961853027,12.300000190734863,12.170000076293945,12.170000076293945,111400,0.0,0.0
2023-12-20 00:00:00-05:00,12.109999656677246,12.109999656677246,11.899999618530273,11.960000038146973,71000,0.0,0.0
2023-12-21 00:00:00-05:00,11.960000038146973,12.15999984741211,11.960000038146973,12.140000343322754,86800,0.0,0.0
2023-12-22 00:00:00-05:00,12.130000114440918,12.1899995803833,12.100000381469727,12.170000076293945,59400,0.0,0.0
2023-12-26 00:00:00-05:00,12.170000076293945,12.210000038146973,12.119999885559082,12.1899995803833,50000,0.0,0.0
2023-12-27 00:00:00-05:00,12.170000076293945,12.229999542236328,12.170000076293945,12.199999809265137,29800,0.0,0.0
2023-12-28 00:00:00-05:00,12.300000190734863,12.649999618530273,12.300000190734863,12.550000190734863,54700,0.0,0.0
2023-12-29 00:00:00-05:00,12.510000228881836,12.760000228881836,12.510000228881836,12.739999771118164,70800,0.0,0.0
2024-01-02 00:00:00-05:00,12.699999809265137,12.770000457763672,12.609999656677246,12.720000267028809,28800,0.0,0.0
2024-01-03 00:00:00-05:00,12.59000015258789,12.699999809265137,12.59000015258789,12.680000305175781,20200,0.0,0.0
2024-01-04 00:00:00-05:00,12.609999656677246,12.65999984741211,12.609999656677246,12.640000343322754,17100,0.0,0.0
2024-01-05 00:00:00-05:00,12.619999885559082,12.6899995803833,12.619999885559082,12.630000114440918,14200,0.0,0.0
2024-01-08 00:00:00-05:00,12.609999656677246,12.6899995803833,12.510000228881836,12.510000228881836,44600,0.0,0.0
2024-01-09 00:00:00-05:00,12.5,12.510000228881836,12.319999694824219,12.350000381469727,48700,0.0,0.0
2024-01-10 00:00:00-05:00,12.289999961853027,12.300000190734863,12.210000038146973,12.210000038146973,39800,0.0,0.0
2024-01-11 00:00:00-05:00,12.260000228881836,12.369999885559082,12.25,12.34000015258789,27900,0.0,0.0
2024-01-12 00:00:00-05:00,12.359999656677246,12.40999984741211,12.25,12.300000190734863,36200,0.0,0.0
2024-01-16 00:00:00-05:00,12.329999923706055,12.34000015258789,12.260000228881836,12.270000457763672,12600,0.0,0.0
2024-01-17 00:00:00-05:00,12.15999984741211,12.170000076293945,12.079999923706055,12.170000076293945,53900,0.0,0.0
2024-01-18 00:00:00-05:00,12.270000457763672,12.3100004196167,12.229999542236328,12.279999732971191,32800,0.0,0.0
2024-01-19 00:00:00-05:00,12.279999732971191,12.3100004196167,12.199999809265137,12.300000190734863,40800,0.0,0.0
2024-01-22 00:00:00-05:00,12.130000114440918,12.1899995803833,12.029999732971191,12.050000190734863,57900,0.0,0.0
2024-01-23 00:00:00-05:00,12.130000114440918,12.199999809265137,12.100000381469727,12.149999618530273,154300,0.0,0.0
2024-01-24 00:00:00-05:00,12.329999923706055,12.4399995803833,12.289999961853027,12.300000190734863,191200,0.0,0.0
2024-01-25 00:00:00-05:00,12.460000038146973,12.489999771118164,12.369999885559082,12.479999542236328,111000,0.0,0.0
2024-01-26 00:00:00-05:00,12.489999771118164,12.489999771118164,12.399999618530273,12.460000038146973,33400,0.0,0.0
2024-01-29 00:00:00-05:00,12.40999984741211,12.489999771118164,12.329999923706055,12.329999923706055,59400,0.0,0.0
2024-01-30 00:00:00-05:00,12.300000190734863,12.329999923706055,12.170000076293945,12.199999809265137,31100,0.0,0.0
2024-01-31 00:00:00-05:00,12.199999809265137,12.25,12.1899995803833,12.220000267028809,63600,0.0,0.0
2024-02-01 00:00:00-05:00,12.3100004196167,12.40999984741211,12.279999732971191,12.40999984741211,39400,0.0,0.0
2024-02-02 00:00:00-05:00,12.329999923706055,12.34000015258789,12.15999984741211,12.170000076293945,108400,0.0,0.0
2024-02-05 00:00:00-05:00,12.180000305175781,12.630000114440918,12.109999656677246,12.430000305175781,85000,0.0,0.0
2024-02-06 00:00:00-05:00,12.579999923706055,12.850000381469727,12.579999923706055,12.760000228881836,121800,0.0,0.0
2024-02-07 00:00:00-05:00,12.75,13.289999961853027,12.710000038146973,13.010000228881836,128700,0.0,0.0
2024-02-08 00:00:00-05:00,12.979999542236328,12.979999542236328,12.569999694824219,12.649999618530273,55200,0.0,0.0
2024-02-09 00:00:00-05:00,12.75,12.850000381469727,12.6899995803833,12.819999694824219,26200,0.0,0.0
2024-02-12 00:00:00-05:00,12.84000015258789,13.229999542236328,12.84000015258789,13.229999542236328,144900,0.0,0.0
2024-02-13 00:00:00-05:00,13.100000381469727,13.140000343322754,12.979999542236328,13.010000228881836,28200,0.0,0.0
2024-02-14 00:00:00-05:00,13.010000228881836,13.279999732971191,12.899999618530273,13.170000076293945,110000,0.0,0.0
2024-02-15 00:00:00-05:00,13.119999885559082,13.199999809265137,13.119999885559082,13.119999885559082,49700,0.0,0.0
2024-02-16 00:00:00-05:00,13.109999656677246,13.149999618530273,13.050000190734863,13.050000190734863,13300,0.0,0.0
2024-02-20 00:00:00-05:00,13.029999732971191,13.029999732971191,12.84000015258789,12.869999885559082,14400,0.0,0.0
2024-02-21 00:00:00-05:00,12.979999542236328,13.100000381469727,12.979999542236328,13.020000457763672,32000,0.0,0.0
2024-02-22 00:00:00-05:00,13.170000076293945,13.170000076293945,13.079999923706055,13.119999885559082,20700,0.0,0.0
2024-02-23 00:00:00-05:00,13.199999809265137,13.199999809265137,13.010000228881836,13.039999961853027,203900,0.0,0.0
2024-02-26 00:00:00-05:00,12.899999618530273,12.9399995803833,12.260000228881836,12.260000228881836,178900,0.0,0.0
2024-02-27 00:00:00-05:00,12.399999618530273,12.489999771118164,12.329999923706055,12.369999885559082,120500,0.0,0.0
2024-02-28 00:00:00-05:00,12.229999542236328,12.270000457763672,12.1899995803833,12.1899995803833,35100,0.0,0.0
2024-02-29 00:00:00-05:00,12.25,12.380000114440918,12.149999618530273,12.260000228881836,141300,0.0,0.0
2024-03-01 00:00:00-05:00,12.300000190734863,12.420000076293945,12.300000190734863,12.390000343322754,27700,0.0,0.0
2024-03-04 00:00:00-05:00,12.350000381469727,12.40999984741211,12.210000038146973,12.220000267028809,56800,0.0,0.0
2024-03-05 00:00:00-05:00,12.199999809265137,12.300000190734863,12.1899995803833,12.210000038146973,117900,0.0,0.0
2024-03-06 00:00:00-05:00,12.279999732971191,12.350000381469727,12.229999542236328,12.260000228881836,34600,0.0,0.0
2024-03-07 00:00:00-05:00,12.199999809265137,12.329999923706055,12.170000076293945,12.199999809265137,96100,0.0,0.0
2024-03-08 00:00:00-05:00,12.220000267028809,12.25,12.170000076293945,12.220000267028809,65600,0.0,0.0
2024-03-11 00:00:00-04:00,12.25,12.460000038146973,12.25,12.4399995803833,25900,0.0,0.0
2024-03-12 00:00:00-04:00,12.529999732971191,12.529999732971191,12.369999885559082,12.40999984741211,47700,0.0,0.0
2024-03-13 00:00:00-04:00,12.319999694824219,12.369999885559082,12.3100004196167,12.3100004196167,24500,0.0,0.0
2024-03-14 00:00:00-04:00,12.279999732971191,12.279999732971191,12.119999885559082,12.140000343322754,70200,0.0,0.0
2024-03-15 00:00:00-04:00,12.15999984741211,12.220000267028809,12.109999656677246,12.130000114440918,66500,0.0,0.0
2024-03-18 00:00:00-04:00,12.229999542236328,12.229999542236328,12.140000343322754,12.149999618530273,26500,0.0,0.0
2024-03-19 00:00:00-04:00,12.199999809265137,12.199999809265137,12.0,12.020000457763672,43000,0.0,0.0
2024-03-20 00:00:00-04:00,12.0,12.130000114440918,11.989999771118164,12.050000190734863,78100,0.0,0.0
2024-03-21 00:00:00-04:00,12.039999961853027,12.039999961853027,11.989999771118164,12.020000457763672,47300,0.0,0.0
2024-03-22 00:00:00-04:00,12.020000457763672,12.050000190734863,11.869999885559082,11.880000114440918,71200,0.0,0.0
2024-03-25 00:00:00-04:00,11.899999618530273,11.970000267028809,11.880000114440918,11.9399995803833,108600,0.0,0.0
2024-03-26 00:00:00-04:00,11.979999542236328,12.039999961853027,11.949999809265137,12.010000228881836,29400,0.0,0.0
2024-03-27 00:00:00-04:00,12.029999732971191,12.029999732971191,11.899999618530273,11.9399995803833,14900,0.0,0.0
2024-03-28 00:00:00-04:00,12.029999732971191,12.079999923706055,12.029999732971191,12.039999961853027,21800,0.0,0.0
2024-04-01 00:00:00-04:00,12.079999923706055,12.140000343322754,12.079999923706055,12.119999885559082,45700,0.0,0.0
2024-04-02 00:00:00-04:00,12.109999656677246,12.15999984741211,12.09000015258789,12.140000343322754,30300,0.0,0.0
2024-04-03 00:00:00-04:00,12.100000381469727,12.260000228881836,12.100000381469727,12.25,65200,0.0,0.0
2024-04-04 00:00:00-04:00,12.25,12.319999694824219,12.1899995803833,12.25,110900,0.0,0.0
2024-04-05 00:00:00-04:00,12.229999542236328,12.260000228881836,12.180000305175781,12.220000267028809,61700,0.0,0.0
2024-04-08 00:00:00-04:00,12.180000305175781,12.180000305175781,12.039999961853027,12.069999694824219,79900,0.0,0.0
2024-04-09 00:00:00-04:00,12.09000015258789,12.109999656677246,12.069999694824219,12.079999923706055,11600,0.0,0.0
2024-04-10 00:00:00-04:00,12.010000228881836,12.170000076293945,11.920000076293945,11.970000267028809,68500,0.0,0.0
2024-04-11 00:00:00-04:00,12.079999923706055,12.09000015258789,12.0,12.020000457763672,39400,0.0,0.0
2024-04-12 00:00:00-04:00,11.970000267028809,12.15999984741211,11.920000076293945,11.9399995803833,18000,0.0,0.0
2024-04-15 00:00:00-04:00,12.039999961853027,12.09000015258789,11.899999618530273,11.930000305175781,110900,0.0,0.0
2024-04-16 00:00:00-04:00,11.899999618530273,12.069999694824219,11.84000015258789,11.890000343322754,47500,0.0,0.0
2024-04-17 00:00:00-04:00,12.020000457763672,12.079999923706055,12.010000228881836,12.069999694824219,18100,0.0,0.0
2024-04-18 00:00:00-04:00,12.100000381469727,12.100000381469727,12.039999961853027,12.039999961853027,32500,0.0,0.0
2024-04-19 00:00:00-04:00,12.029999732971191,12.0600004196167,12.010000228881836,12.029999732971191,20800,0.0,0.0
2024-04-22 00:00:00-04:00,12.029999732971191,12.069999694824219,12.029999732971191,12.050000190734863,7500,0.0,0.0
2024-04-23 00:00:00-04:00,12.029999732971191,12.0600004196167,12.0,12.0600004196167,19700,0.0,0.0
2024-04-24 00:00:00-04:00,12.050000190734863,12.09000015258789,12.050000190734863,12.069999694824219,9300,0.0,0.0
2024-04-25 00:00:00-04:00,12.050000190734863,12.069999694824219,12.050000190734863,12.069999694824219,5000,0.0,0.0
2024-04-26 00:00:00-04:00,12.130000114440918,12.229999542236328,12.130000114440918,12.199999809265137,20000,0.0,0.0
2024-04-29 00:00:00-04:00,12.40999984741211,12.40999984741211,12.170000076293945,12.279999732971191,46200,0.0,0.0
2024-04-30 00:00:00-04:00,12.3100004196167,12.350000381469727,12.100000381469727,12.170000076293945,37100,0.0,0.0
2024-05-01 00:00:00-04:00,12.260000228881836,12.279999732971191,12.229999542236328,12.270000457763672,17100,0.0,0.0
2024-05-02 00:00:00-04:00,12.350000381469727,12.579999923706055,12.350000381469727,12.569999694824219,34000,0.0,0.0
2024-05-03 00:00:00-04:00,12.59000015258789,12.609999656677246,12.5,12.59000015258789,30500,0.0,0.0
2024-05-06 00:00:00-04:00,12.640000343322754,12.640000343322754,12.600000381469727,12.619999885559082,50600,0.0,0.0
2024-05-07 00:00:00-04:00,12.649999618530273,12.649999618530273,12.600000381469727,12.619999885559082,29900,0.0,0.0
2024-05-08 00:00:00-04:00,12.550000190734863,12.5600004196167,12.510000228881836,12.520000457763672,10600,0.0,0.0
2024-05-09 00:00:00-04:00,12.510000228881836,12.649999618530273,12.510000228881836,12.640000343322754,23700,0.0,0.0
2024-05-10 00:00:00-04:00,12.649999618530273,12.6899995803833,12.600000381469727,12.600000381469727,22500,0.0,0.0
2024-05-13 00:00:00-04:00,12.630000114440918,12.6899995803833,12.630000114440918,12.670000076293945,11900,0.0,0.0
2024-05-14 00:00:00-04:00,12.680000305175781,12.680000305175781,12.569999694824219,12.59000015258789,15200,0.0,0.0
2024-05-15 00:00:00-04:00,12.670000076293945,12.670000076293945,12.520000457763672,12.529999732971191,7400,0.0,0.0
2024-05-16 00:00:00-04:00,12.550000190734863,12.640000343322754,12.550000190734863,12.640000343322754,33100,0.0,0.0
2024-05-17 00:00:00-04:00,12.649999618530273,12.75,12.649999618530273,12.6899995803833,14200,0.0,0.0
2024-05-20 00:00:00-04:00,12.75,12.75,12.550000190734863,12.5600004196167,36900,0.0,0.0
2024-05-21 00:00:00-04:00,12.449999809265137,12.539999961853027,12.40999984741211,12.5,17900,0.0,0.0
2024-05-22 00:00:00-04:00,12.5,12.600000381469727,12.4399995803833,12.479999542236328,33800,0.0,0.0
2024-05-23 00:00:00-04:00,12.390000343322754,12.470000267028809,12.229999542236328,12.25,32300,0.0,0.0
2024-05-24 00:00:00-04:00,12.4399995803833,12.4399995803833,12.210000038146973,12.300000190734863,24000,0.0,0.0
2024-05-28 00:00:00-04:00,12.359999656677246,12.359999656677246,12.199999809265137,12.260000228881836,9700,0.0,0.0
2024-05-29 00:00:00-04:00,12.170000076293945,12.270000457763672,12.170000076293945,12.199999809265137,29400,0.0,0.0
2024-05-30 00:00:00-04:00,12.149999618530273,12.210000038146973,12.130000114440918,12.180000305175781,11800,0.0,0.0
2024-05-31 00:00:00-04:00,12.130000114440918,12.130000114440918,12.079999923706055,12.100000381469727,8200,0.0,0.0
2024-06-03 00:00:00-04:00,12.079999923706055,12.15999984741211,12.069999694824219,12.079999923706055,8700,0.0,0.0
2024-06-04 00:00:00-04:00,12.029999732971191,12.229999542236328,12.029999732971191,12.0600004196167,41500,0.0,0.0
2024-06-05 00:00:00-04:00,12.170000076293945,12.170000076293945,12.0,12.0600004196167,29800,0.0,0.0
2024-06-06 00:00:00-04:00,12.020000457763672,12.079999923706055,12.020000457763672,12.039999961853027,11900,0.0,0.0
2024-06-07 00:00:00-04:00,11.989999771118164,12.069999694824219,11.989999771118164,12.029999732971191,13300,0.0,0.0
2024-06-10 00:00:00-04:00,12.010000228881836,12.010000228881836,11.880000114440918,11.920000076293945,39000,0.0,0.0
2024-06-11 00:00:00-04:00,11.890000343322754,12.039999961853027,11.850000381469727,12.010000228881836,30300,0.0,0.0
2024-06-12 00:00:00-04:00,11.979999542236328,12.010000228881836,11.899999618530273,11.90999984741211,72100,0.0,0.0
2024-06-13 00:00:00-04:00,11.890000343322754,11.890000343322754,11.829999923706055,11.850000381469727,16500,0.0,0.0
2024-06-14 00:00:00-04:00,11.819999694824219,11.920000076293945,11.779999732971191,11.859999656677246,60200,0.0,0.0
2024-06-17 00:00:00-04:00,11.819999694824219,11.930000305175781,11.8100004196167,11.819999694824219,47600,0.0,0.0
2024-06-18 00:00:00-04:00,11.8100004196167,11.890000343322754,11.789999961853027,11.8100004196167,48100,0.0,0.0
2024-06-20 00:00:00-04:00,11.850000381469727,11.850000381469727,11.699999809265137,11.739999771118164,46700,0.0,0.0
2024-06-21 00:00:00-04:00,11.699999809265137,11.729999542236328,11.649999618530273,11.680000305175781,13600,0.0,0.0
2024-06-24 00:00:00-04:00,11.680000305175781,11.779999732971191,11.680000305175781,11.739999771118164,18500,0.0,0.0
2024-06-25 00:00:00-04:00,11.729999542236328,11.729999542236328,11.680000305175781,11.680000305175781,11300,0.0,0.0
2024-06-26 00:00:00-04:00,11.75,11.75,11.550000190734863,11.6899995803833,26900,0.0,0.0
2024-06-27 00:00:00-04:00,11.649999618530273,11.739999771118164,11.649999618530273,11.710000038146973,13700,0.0,0.0
2024-06-28 00:00:00-04:00,11.75,11.789999961853027,11.710000038146973,11.75,13200,0.0,0.0
2024-07-01 00:00:00-04:00,11.739999771118164,11.789999961853027,11.739999771118164,11.779999732971191,2900,0.0,0.0
2024-07-02 00:00:00-04:00,11.770000457763672,11.800000190734863,11.760000228881836,11.800000190734863,13900,0.0,0.0
2024-07-03 00:00:00-04:00,11.770000457763672,11.800000190734863,11.770000457763672,11.800000190734863,1000,0.0,0.0
2024-07-05 00:00:00-04:00,11.640000343322754,11.640000343322754,11.5600004196167,11.600000381469727,7700,0.0,0.0
2024-07-08 00:00:00-04:00,11.510000228881836,11.59000015258789,11.430000305175781,11.470000267028809,106200,0.0,0.0
2024-07-09 00:00:00-04:00,11.520000457763672,11.579999923706055,11.520000457763672,11.5600004196167,28900,0.0,0.0
2024-07-10 00:00:00-04:00,11.5600004196167,11.579999923706055,11.510000228881836,11.529999732971191,11600,0.0,0.0
2024-07-11 00:00:00-04:00,11.600000381469727,11.75,11.600000381469727,11.710000038146973,15000,0.0,0.0
2024-07-12 00:00:00-04:00,11.649999618530273,11.720000267028809,11.649999618530273,11.699999809265137,11400,0.0,0.0
2024-07-15 00:00:00-04:00,11.6899995803833,11.710000038146973,11.670000076293945,11.699999809265137,9000,0.0,0.0
2024-07-16 00:00:00-04:00,11.720000267028809,11.819999694824219,11.680000305175781,11.770000457763672,41900,0.0,0.0
2024-07-17 00:00:00-04:00,11.710000038146973,11.800000190734863,11.619999885559082,11.670000076293945,34500,0.0,0.0
2024-07-18 00:00:00-04:00,11.619999885559082,11.729999542236328,11.619999885559082,11.680000305175781,10900,0.0,0.0
2024-07-19 00:00:00-04:00,11.789999961853027,11.819999694824219,11.6899995803833,11.729999542236328,26100,0.0,0.0
